"Abington","715.28","0.00","0.00","0.00","854.26","1569.54","1.000000","0.00","0.00","2285.54","2072.74","0.00","4358.28","1.000000","0.00","0.00","0.00","0.00","0.00","0.00","0.000000","715.28","0.00","2285.54","2072.74","854.26","5927.82","1.000000","0.00","0.00","0.00","0.00","0.00","0.00","0.000000","0.00","0.00","0.00","0.00","0.00","0.00","0.00","0.00","0.000000","0.00","0.00","0.00","0.00","0.00","0.00","0.00","0.00","0.00","0.00","0.00","0.00","0.00","0.00","0.000000","0.00","0.00","715.28","0.00","0.00","0.00","854.26","1569.54","1.000000","0.00","0.00","0.00","0.00","2285.54","2072.74","0.00","4358.28","1.000000","0.00","0.00","0.00","0.00","0.00","0.00","0.00","0.00","1.000000","715.28","0.00","2285.54","2072.74","854.26","5927.82","1.000000","0.00","0.00"
"Acton","0.00","0.00","0.00","0.00","967.80","967.80","1.000000","0.00","0.00","2251.08","2310.55","0.00","4561.63","1.000000","0.00","0.00","0.00","0.00","0.00","0.00","0.000000","0.00","0.00","2251.08","2310.55","967.80","5529.43","1.000000","0.00","0.00","0.00","0.00","0.00","0.00","0.000000","0.00","0.00","0.00","0.00","0.00","0.00","0.00","0.00","0.000000","0.00","0.00","0.00","0.00","0.00","0.00","0.00","0.00","0.00","0.00","0.00","0.00","0.00","0.00","0.000000","0.00","0.00","0.00","0.00","0.00","0.00","967.80","967.80","1.000000","0.00","0.00","0.00","0.00","2251.08","2310.55","0.00","4561.63","1.000000","0.00","0.00","0.00","0.00","0.00","0.00","0.00","0.00","1.000000","0.00","0.00","2251.08","2310.55","967.80","5529.43","1.000000","0.00","0.00"
"Acushnet","0.00","0.00","0.00","0.00","0.00","0.00","0.000000","0.00","0.00","140.43","2538.90","0.00","2679.33","1.000000","0.00","0.00","0.00","0.00","0.00","0.00","0.000000","0.00","0.00","140.43","2538.90","0.00","2679.33","1.000000","0.00","0.00","0.00","0.00","0.00","0.00","0.000000","0.00","0.00","0.00","0.00","0.00","0.00","0.00","0.00","0.000000","0.00","0.00","0.00","0.00","0.00","0.00","0.00","0.00","0.00","0.00","0.00","0.00","0.00","0.00","0.000000","0.00","0.00","0.00","0.00","0.00","0.00","0.00","0.00","1.000000","0.00","0.00","0.00","0.00","140.43","2538.90","0.00","2679.33","1.000000","0.00","0.00","0.00","0.00","0.00","0.00","0.00","0.00","1.000000","0.00","0.00","140.43","2538.90","0.00","2679.33","1.000000","0.00","0.00"
"Adams","359.22","0.00","0.00","0.00","1200.21","1559.43","1.000000","0.00","0.00","132.65","396.25","149.03","677.93","0.612303","0.00","0.00","0.00","0.00","0.00","0.00","0.000000","359.22","0.00","132.65","396.25","1349.24","2237.36","0.839028","0.00","0.00","0.00","0.00","0.00","0.00","0.000000","0.00","0.00","0.00","0.00","0.00","0.00","429.25","429.25","0.387697","0.00","(50.12)","0.00","0.00","0.00","0.00","0.00","0.00","0.00","0.00","0.00","0.00","429.25","429.25","0.160972","0.00","(50.12)","359.22","0.00","0.00","0.00","1200.21","1559.43","1.000000","0.00","0.00","0.00","0.00","132.65","396.25","578.28","1107.18","1.000000","0.00","(50.12)","0.00","0.00","0.00","0.00","0.00","0.00","1.000000","359.22","0.00","132.65","396.25","1778.49","2666.61","1.000000","0.00","(50.12)"
"Agawam","441.50","0.00","0.00","0.00","108.82","550.32","1.000000","0.00","0.00","0.00","416.93","0.00","416.93","1.000000","0.00","0.00","0.00","0.00","0.00","0.00","0.000000","441.50","0.00","0.00","416.93","108.82","967.25","1.000000","0.00","0.00","0.00","0.00","0.00","0.00","0.000000","0.00","0.00","0.00","0.00","0.00","0.00","0.00","0.00","0.000000","0.00","0.00","0.00","0.00","0.00","0.00","0.00","0.00","0.00","0.00","0.00","0.00","0.00","0.00","0.000000","0.00","0.00","441.50","0.00","0.00","0.00","108.82","550.32","1.000000","0.00","0.00","0.00","0.00","0.00","416.93","0.00","416.93","1.000000","0.00","0.00","0.00","0.00","0.00","0.00","0.00","0.00","1.000000","441.50","0.00","0.00","416.93","108.82","967.25","1.000000","0.00","0.00"
"Alford","349.83","0.00","0.00","0.00","231.22","581.05","1.000000","0.00","0.00","385.31","385.31","385.31","1155.93","0.578703","0.00","0.00","3.68","3.04","4.79","11.51","1.000000","349.83","0.00","388.99","388.35","621.32","1748.49","0.675090","0.00","0.00","0.00","0.00","0.00","0.00","0.000000","0.00","0.00","0.00","0.00","0.00","0.00","841.52","841.52","0.421297","0.00","(50.12)","0.00","0.00","0.00","0.00","0.00","0.00","0.00","0.00","0.00","0.00","841.52","841.52","0.324910","0.00","(50.12)","349.83","0.00","0.00","0.00","231.22","581.05","1.000000","0.00","0.00","0.00","0.00","385.31","385.31","1226.83","1997.45","1.000000","0.00","(50.12)","0.00","0.00","3.68","3.04","4.79","11.51","1.000000","349.83","0.00","388.99","388.35","1462.84","2590.01","1.000000","0.00","(50.12)"
"Amesbury","491.04","299.41","299.41","299.41","639.09","2028.36","0.749562","0.00","0.00","1709.89","2631.04","1709.25","6050.18","0.852038","0.00","1.15","4.51","11.53","0.00","17.19","1.000000","491.04","300.56","2013.81","2941.98","2348.34","8095.73","0.824070","0.00","0.00","0.00","0.00","677.70","677.70","0.250438","0.00","(89.43)","0.00","0.00","0.00","0.00","1050.65","1050.65","0.147962","51.23","0.00","0.00","0.00","0.00","0.00","0.0645","0.0645","0.00","0.00","0.00","0.00","1728.35","1728.35","0.175930","51.23","(89.43)","491.04","299.41","299.41","299.41","1316.79","2706.06","1.000000","0.00","(89.43)","0.00","0.00","1709.89","2631.04","2759.90","7100.83","1.000000","51.23","0.00","0.00","1.15","4.51","11.53","0.00","17.19","1.000000","491.04","300.56","2013.81","2941.98","4076.69","9824.08","1.000000","51.23","(89.43)"
"Amherst","1362.78","346.23","346.23","346.23","1023.79","3425.26","0.816859","0.00","0.00","0.00","1133.53","0.00","1133.53","1.000000","1.47","0.91","11.59","0.00","15.07","29.04","1.000000","1364.25","347.14","357.82","1479.76","1038.86","4587.83","0.856613","0.00","0.00","0.00","0.00","767.95","767.95","0.183141","0.00","(88.68)","0.00","0.00","0.00","0.00","0.00","0.00","0.000000","0.00","0.00","0.00","0.00","0.00","0.00","0.0745","0.0745","0.00","0.00","0.00","0.00","767.95","767.95","0.143387","0.00","(88.68)","1362.78","346.23","346.23","346.23","1791.74","4193.21","1.000000","0.00","(88.68)","0.00","0.00","0.00","1133.53","0.00","1133.53","1.000000","0.00","0.00","1.47","0.91","11.59","0.00","15.07","29.04","1.000000","1364.25","347.14","357.82","1479.76","1806.81","5355.78","1.000000","0.00","(88.68)"
"Andover","3517.40","1436.69","1436.69","1436.69","1886.99","9714.46","0.916976","0.00","0.00","1614.49","0.00","0.00","1614.49","1.000000","5.64","5.09","5.36","33.41","40.77","90.27","1.000000","3523.04","1441.78","3056.54","1470.10","1927.76","11419.22","0.928484","0.00","0.00","0.00","0.00","879.56","879.56","0.083024","0.00","(66.84)","0.00","0.00","0.00","0.00","0.00","0.00","0.000000","0.00","0.00","0.00","0.00","0.00","0.00","0.0845","0.0845","0.00","0.00","0.00","0.00","879.56","879.56","0.071516","0.00","(66.84)","3517.40","1436.69","1436.69","1436.69","2766.55","10594.02","1.000000","0.00","(66.84)","0.00","0.00","1614.49","0.00","0.00","1614.49","1.000000","0.00","0.00","5.64","5.09","5.36","33.41","40.77","90.27","1.000000","3523.04","1441.78","3056.54","1470.10","2807.32","12298.78","1.000000","0.00","(66.84)"
"Aquinnah","866.84","0.00","0.00","0.00","0.00","866.84","1.000000","0.00","0.00","1832.87","1614.49","0.00","3447.36","1.000000","0.00","0.00","0.00","11.55","18.37","29.92","1.000000","866.84","0.00","1832.87","1626.04","18.37","4344.12","1.000000","0.00","0.00","0.00","0.00","0.00","0.00","0.000000","0.00","0.00","0.00","0.00","0.00","0.00","0.00","0.00","0.000000","0.00","0.00","0.00","0.00","0.00","0.00","0.00","0.00","0.00","0.00","0.00","0.00","0.00","0.00","0.000000","0.00","0.00","866.84","0.00","0.00","0.00","0.00","866.84","1.000000","0.00","0.00","0.00","0.00","1832.87","1614.49","0.00","3447.36","1.000000","0.00","0.00","0.00","0.00","0.00","11.55","18.37","29.92","1.000000","866.84","0.00","1832.87","1626.04","18.37","4344.12","1.000000","0.00","0.00"
"Arlington","1078.34","0.00","0.00","0.00","757.11","1835.45","1.000000","0.00","0.00","2077.33","1849.99","0.00","3927.32","1.000000","0.00","0.00","0.00","12.97","21.31","34.28","1.000000","1078.34","0.00","2077.33","1862.96","778.42","5797.05","1.000000","0.00","0.00","0.00","0.00","0.00","0.00","0.000000","0.00","0.00","0.00","0.00","0.00","0.00","0.00","0.00","0.000000","0.00","0.00","0.00","0.00","0.00","0.00","0.00","0.00","0.00","0.00","0.00","0.00","0.00","0.00","0.000000","0.00","0.00","1078.34","0.00","0.00","0.00","757.11","1835.45","1.000000","0.00","0.00","0.00","0.00","2077.33","1849.99","0.00","3927.32","1.000000","0.00","0.00","0.00","0.00","0.00","12.97","21.31","34.28","1.000000","1078.34","0.00","2077.33","1862.96","778.42","5797.05","1.000000","0.00","0.00"
"Ashburnham","1220.30","0.00","0.00","0.00","870.88","2091.18","1.000000","0.00","0.00","2327.56","2087.68","0.00","4415.24","1.000000","0.56","0.50","9.80","14.62","17.98","43.46","1.000000","1220.86","0.50","2337.36","2102.30","888.86","6549.88","1.000000","0.00","0.00","0.00","0.00","0.00","0.00","0.000000","0.00","0.00","0.00","0.00","0.00","0.00","0.00","0.00","0.000000","0.00","0.00","0.00","0.00","0.00","0.00","0.00","0.00","0.00","0.00","0.00","0.00","0.00","0.00","0.000000","0.00","0.00","1220.30","0.00","0.00","0.00","870.88","2091.18","1.000000","0.00","0.00","0.00","0.00","2327.56","2087.68","0.00","4415.24","1.000000","0.00","0.00","0.56","0.50","9.80","14.62","17.98","43.46","1.000000","1220.86","0.50","2337.36","2102.30","888.86","6549.88","1.000000","0.00","0.00"
"Ashby","252.91","0.00","0.00","0.00","1002.75","1255.66","1.000000","0.00","0.00","2569.64","2327.56","0.00","4897.20","1.000000","1.00","0.47","1.58","6.56","0.00","9.61","1.000000","253.91","0.47","2571.22","2334.12","1002.75","6162.47","1.000000","0.00","0.00","0.00","0.00","0.00","0.00","0.000000","0.00","0.00","0.00","0.00","0.00","0.00","0.00","0.00","0.000000","0.00","0.00","0.00","0.00","0.00","0.00","0.00","0.00","0.00","0.00","0.00","0.00","0.00","0.00","0.000000","0.00","0.00","252.91","0.00","0.00","0.00","1002.75","1255.66","1.000000","0.00","0.00","0.00","0.00","2569.64","2327.56","0.00","4897.20","1.000000","0.00","0.00","1.00","0.47","1.58","6.56","0.00","9.61","1.000000","253.91","0.47","2571.22","2334.12","1002.75","6162.47","1.000000","0.00","0.00"
"Ashfield","349.92","0.00","0.00","0.00","0.00","349.92","1.000000","0.00","0.00","246.36","2547.53","0.00","2793.89","1.000000","0.99","0.89","0.00","0.00","13.84","15.72","1.000000","350.91","0.89","246.36","2547.53","13.84","3159.53","1.000000","0.00","0.00","0.00","0.00","0.00","0.00","0.000000","0.00","0.00","0.00","0.00","0.00","0.00","0.00","0.00","0.000000","0.00","0.00","0.00","0.00","0.00","0.00","0.00","0.00","0.00","0.00","0.00","0.00","0.00","0.00","0.000000","0.00","0.00","349.92","0.00","0.00","0.00","0.00","349.92","1.000000","0.00","0.00","0.00","0.00","246.36","2547.53","0.00","2793.89","1.000000","0.00","0.00","0.99","0.89","0.00","0.00","13.84","15.72","1.000000","350.91","0.89","246.36","2547.53","13.84","3159.53","1.000000","0.00","0.00"
"Ashland","877.13","0.00","0.00","0.00","1213.14","2090.27","1.000000","0.00","0.00","449.85","247.53","0.00","697.38","1.000000","2.77","0.00","0.00","5.94","6.72","15.43","1.000000","879.90","0.00","449.85","253.47","1219.86","2803.08","1.000000","0.00","0.00","0.00","0.00","0.00","0.00","0.000000","0.00","0.00","0.00","0.00","0.00","0.00","0.00","0.00","0.000000","0.00","0.00","0.00","0.00","0.00","0.00","0.00","0.00","0.00","0.00","0.00","0.00","0.00","0.00","0.000000","0.00","0.00","877.13","0.00","0.00","0.00","1213.14","2090.27","1.000000","0.00","0.00","0.00","0.00","449.85","247.53","0.00","697.38","1.000000","0.00","0.00","2.77","0.00","0.00","5.94","6.72","15.43","1.000000","879.90","0.00","449.85","253.47","1219.86","2803.08","1.000000","0.00","0.00"
"Athol","1008.13","0.00","0.00","0.00","126.25","1134.38","1.000000","0.00","0.00","0.00","458.07","0.00","458.07","1.000000","0.00","0.00","0.00","0.00","6.23","6.23","1.000000","1008.13","0.00","0.00","458.07","132.48","1598.68","1.000000","0.00","0.00","0.00","0.00","0.00","0.00","0.000000","0.00","0.00","0.00","0.00","0.00","0.00","0.00","0.00","0.000000","0.00","0.00","0.00","0.00","0.00","0.00","0.00","0.00","0.00","0.00","0.00","0.00","0.00","0.00","0.000000","0.00","0.00","1008.13","0.00","0.00","0.00","126.25","1134.38","1.000000","0.00","0.00","0.00","0.00","0.00","458.07","0.00","458.07","1.000000","0.00","0.00","0.00","0.00","0.00","0.00","6.23","6.23","1.000000","1008.13","0.00","0.00","458.07","132.48","1598.68","1.000000","0.00","0.00"
"Attleboro","307.59","0.00","0.00","0.00","233.76","541.35","1.000000","0.00","0.00","921.15","0.00","0.00","921.15","1.000000","0.00","0.00","2.44","5.06","5.25","12.75","1.000000","307.59","0.00","923.59","5.06","239.01","1475.25","1.000000","0.00","0.00","0.00","0.00","0.00","0.00","0.000000","0.00","0.00","0.00","0.00","0.00","0.00","0.00","0.00","0.000000","0.00","0.00","0.00","0.00","0.00","0.00","0.00","0.00","0.00","0.00","0.00","0.00","0.00","0.00","0.000000","0.00","0.00","307.59","0.00","0.00","0.00","233.76","541.35","1.000000","0.00","0.00","0.00","0.00","921.15","0.00","0.00","921.15","1.000000","0.00","0.00","0.00","0.00","2.44","5.06","5.25","12.75","1.000000","307.59","0.00","923.59","5.06","239.01","1475.25","1.000000","0.00","0.00"
"Auburn","654.60","0.00","0.00","0.00","350.04","1004.64","1.000000","0.00","0.00","1150.07","921.15","0.00","2071.22","1.000000","3.28","2.51","2.82","7.45","11.64","27.70","1.000000","657.88","2.51","1152.89","928.60","361.68","3103.56","1.000000","0.00","0.00","0.00","0.00","0.00","0.00","0.000000","0.00","0.00","0.00","0.00","0.00","0.00","0.00","0.00","0.000000","0.00","0.00","0.00","0.00","0.00","0.00","0.00","0.00","0.00","0.00","0.00","0.00","0.00","0.00","0.000000","0.00","0.00","654.60","0.00","0.00","0.00","350.04","1004.64","1.000000","0.00","0.00","0.00","0.00","1150.07","921.15","0.00","2071.22","1.000000","0.00","0.00","3.28","2.51","2.82","7.45","11.64","27.70","1.000000","657.88","2.51","1152.89","928.60","361.68","3103.56","1.000000","0.00","0.00"
"Avon","1408.17","0.00","0.00","0.00","651.78","2059.95","1.000000","0.00","0.00","0.00","1150.07","0.00","1150.07","1.000000","3.27","2.95","9.43","6.34","0.00","21.99","1.000000","1411.44","2.95","9.43","1156.41","651.78","3232.01","1.000000","0.00","0.00","0.00","0.00","0.00","0.00","0.000000","0.00","0.00","0.00","0.00","0.00","0.00","0.00","0.00","0.000000","0.00","0.00","0.00","0.00","0.00","0.00","0.00","0.00","0.00","0.00","0.00","0.00","0.00","0.00","0.000000","0.00","0.00","1408.17","0.00","0.00","0.00","651.78","2059.95","1.000000","0.00","0.00","0.00","0.00","0.00","1150.07","0.00","1150.07","1.000000","0.00","0.00","3.27","2.95","9.43","6.34","0.00","21.99","1.000000","1411.44","2.95","9.43","1156.41","651.78","3232.01","1.000000","0.00","0.00"
"Ayer","1719.79","0.00","0.00","0.00","455.15","2174.94","1.000000","0.00","0.00","1614.49","0.00","0.00","1614.49","1.000000","4.11","3.71","11.21","0.00","3.47","22.50","1.000000","1723.90","3.71","1625.70","0.00","458.62","3811.93","1.000000","0.00","0.00","0.00","0.00","0.00","0.00","0.000000","0.00","0.00","0.00","0.00","0.00","0.00","0.00","0.00","0.000000","0.00","0.00","0.00","0.00","0.00","0.00","0.00","0.00","0.00","0.00","0.00","0.00","0.00","0.00","0.000000","0.00","0.00","1719.79","0.00","0.00","0.00","455.15","2174.94","1.000000","0.00","0.00","0.00","0.00","1614.49","0.00","0.00","1614.49","1.000000","0.00","0.00","4.11","3.71","11.21","0.00","3.47","22.50","1.000000","1723.90","3.71","1625.70","0.00","458.62","3811.93","1.000000","0.00","0.00"
"Barnstable","2912.11","0.00","0.00","0.00","0.00","2912.11","1.000000","0.00","0.00","1849.47","1614.49","0.00","3463.96","1.000000","0.00","0.00","0.00","19.57","21.10","40.67","1.000000","2912.11","0.00","1849.47","1634.06","21.10","6416.74","1.000000","0.00","0.00","0.00","0.00","0.00","0.00","0.000000","0.00","0.00","0.00","0.00","0.00","0.00","0.00","0.00","0.000000","0.00","0.00","0.00","0.00","0.00","0.00","0.00","0.00","0.00","0.00","0.00","0.00","0.00","0.00","0.000000","0.00","0.00","2912.11","0.00","0.00","0.00","0.00","2912.11","1.000000","0.00","0.00","0.00","0.00","1849.47","1614.49","0.00","3463.96","1.000000","0.00","0.00","0.00","0.00","0.00","19.57","21.10","40.67","1.000000","2912.11","0.00","1849.47","1634.06","21.10","6416.74","1.000000","0.00","0.00"
"Barre","0.00","0.00","0.00","0.00","0.00","0.00","0.000000","0.00","0.00","1987.83","0.00","0.00","1987.83","0.540480","0.00","0.00","0.00","3.12","8.45","11.57","1.000000","0.00","0.00","1987.83","3.12","8.45","1999.40","0.541921","0.00","0.00","0.00","0.00","0.00","0.00","0.000000","0.00","0.00","0.00","0.00","0.00","1690.07","0.00","1690.07","0.459520","0.00","0.00","0.00","0.00","0.00","0.00","0.00","0.00","0.00","0.00","0.00","1690.07","0.00","1690.07","0.458079","0.00","0.00","0.00","0.00","0.00","0.00","0.00","0.00","1.000000","0.00","0.00","0.00","0.00","1987.83","1690.07","0.00","3677.90","1.000000","0.00","0.00","0.00","0.00","0.00","3.12","8.45","11.57","1.000000","0.00","0.00","1987.83","1693.19","8.45","3689.47","1.000000","0.00","0.00"
"Becket","497.43","0.00","0.00","0.00","0.00","497.43","1.000000","0.00","0.00","0.00","2087.68","0.00","2087.68","0.495412","0.00","0.00","0.00","2.02","10.99","13.01","1.000000","497.43","0.00","0.00","2089.70","10.99","2598.12","0.549928","0.00","0.00","0.00","0.00","0.00","0.00","0.000000","0.00","0.00","0.00","0.00","2126.35","0.00","0.00","2126.35","0.504588","0.00","0.00","0.00","0.00","0.00","0.00","0.00","0.00","0.00","0.00","2126.35","0.00","0.00","2126.35","0.450072","0.00","0.00","497.43","0.00","0.00","0.00","0.00","497.43","1.000000","0.00","0.00","0.00","0.00","2126.35","2087.68","0.00","4214.03","1.000000","0.00","0.00","0.00","0.00","0.00","2.02","10.99","13.01","1.000000","497.43","0.00","2126.35","2089.70","10.99","4724.47","1.000000","0.00","0.00"
"Bedford","136.41","0.00","0.00","0.00","0.00","136.41","0.403508","0.00","0.00","2568.73","2327.56","0.00","4896.29","1.000000","1.11","0.00","0.00","11.63","21.95","34.69","1.000000","137.52","0.00","2568.73","2339.19","21.95","5067.39","0.961729","201.65","0.00","0.00","0.00","0.00","201.65","0.596492","0.00","0.00","0.00","0.00","0.00","0.00","0.00","0.00","0.000000","0.00","0.00","0.012","0.00","0.00","0.00","0.00","0.012","201.65","0.00","0.00","0.00","0.00","201.65","0.038271","0.00","0.00","338.06","0.00","0.00","0.00","0.00","338.06","1.000000","0.00","0.00","0.00","0.00","2568.73","2327.56","0.00","4896.29","1.000000","0.00","0.00","1.11","0.00","0.00","11.63","21.95","34.69","1.000000","339.17","0.00","2568.73","2339.19","21.95","5269.04","1.000000","0.00","0.00"
"Belchertown","0.00","0.00","0.00","0.00","0.00","0.00","0.000000","0.00","0.00","132.09","2569.64","0.00","2701.73","1.000000","0.00","0.00","0.00","1.06","0.00","1.06","1.000000","0.00","0.00","132.09","2570.70","0.00","2702.79","0.994057","16.16","0.00","0.00","0.00","0.00","16.16","1.000000","0.00","0.00","0.00","0.00","0.00","0.00","0.00","0.00","0.000000","0.00","0.00","0.032","0.00","0.00","0.00","0.00","0.032","16.16","0.00","0.00","0.00","0.00","16.16","0.005943","0.00","0.00","16.16","0.00","0.00","0.00","0.00","16.16","1.000000","0.00","0.00","0.00","0.00","132.09","2569.64","0.00","2701.73","1.000000","0.00","0.00","0.00","0.00","0.00","1.06","0.00","1.06","1.000000","16.16","0.00","132.09","2570.70","0.00","2718.95","1.000000","0.00","0.00"
"Bellingham","2180.67","0.00","0.00","0.00","0.00","2180.67","1.000000","0.00","0.00","469.87","233.49","0.00","703.36","1.000000","6.46","5.83","12.89","0.00","12.35","37.53","1.000000","2187.13","5.83","482.76","233.49","12.35","2921.56","1.000000","0.00","0.00","0.00","0.00","0.00","0.00","0.000000","0.00","0.00","0.00","0.00","0.00","0.00","0.00","0.00","0.000000","0.00","0.00","0.00","0.00","0.00","0.00","0.00","0.00","0.00","0.00","0.00","0.00","0.00","0.00","0.000000","0.00","0.00","2180.67","0.00","0.00","0.00","0.00","2180.67","1.000000","0.00","0.00","0.00","0.00","469.87","233.49","0.00","703.36","1.000000","0.00","0.00","6.46","5.83","12.89","0.00","12.35","37.53","1.000000","2187.13","5.83","482.76","233.49","12.35","2921.56","1.000000","0.00","0.00"
"Belmont","3140.15","0.00","0.00","0.00","0.00","3140.15","1.000000","0.00","0.00","0.00","469.87","0.00","469.87","1.000000","5.60","5.06","0.00","8.79","15.41","34.86","1.000000","3145.75","5.06","0.00","478.66","15.41","3644.88","1.000000","0.00","0.00","0.00","0.00","0.00","0.00","0.000000","0.00","0.00","0.00","0.00","0.00","0.00","0.00","0.00","0.000000","0.00","0.00","0.00","0.00","0.00","0.00","0.00","0.00","0.00","0.00","0.00","0.00","0.00","0.00","0.000000","0.00","0.00","3140.15","0.00","0.00","0.00","0.00","3140.15","1.000000","0.00","0.00","0.00","0.00","0.00","469.87","0.00","469.87","1.000000","0.00","0.00","5.60","5.06","0.00","8.79","15.41","34.86","1.000000","3145.75","5.06","0.00","478.66","15.41","3644.88","1.000000","0.00","0.00"
"Berkley","1396.77","0.00","0.00","0.00","0.00","1396.77","1.000000","0.00","0.00","907.42","0.00","0.00","907.42","1.000000","0.00","0.00","0.00","9.47","9.83","19.30","1.000000","1396.77","0.00","907.42","9.47","9.83","2323.49","1.000000","0.00","0.00","0.00","0.00","0.00","0.00","0.000000","0.00","0.00","0.00","0.00","0.00","0.00","0.00","0.00","0.000000","0.00","0.00","0.00","0.00","0.00","0.00","0.00","0.00","0.00","0.00","0.00","0.00","0.00","0.00","0.000000","0.00","0.00","1396.77","0.00","0.00","0.00","0.00","1396.77","1.000000","0.00","0.00","0.00","0.00","907.42","0.00","0.00","907.42","1.000000","0.00","0.00","0.00","0.00","0.00","9.47","9.83","19.30","1.000000","1396.77","0.00","907.42","9.47","9.83","2323.49","1.000000","0.00","0.00"
"Berlin","686.09","0.00","0.00","0.00","0.00","686.09","1.000000","0.00","0.00","1135.11","921.15","0.00","2056.26","1.000000","0.00","0.00","0.00","8.01","12.23","20.24","1.000000","686.09","0.00","1135.11","929.16","12.23","2762.59","1.000000","0.00","0.00","0.00","0.00","0.00","0.00","0.000000","0.00","0.00","0.00","0.00","0.00","0.00","0.00","0.00","0.000000","0.00","0.00","0.00","0.00","0.00","0.00","0.00","0.00","0.00","0.00","0.00","0.00","0.00","0.00","0.000000","0.00","0.00","686.09","0.00","0.00","0.00","0.00","686.09","1.000000","0.00","0.00","0.00","0.00","1135.11","921.15","0.00","2056.26","1.000000","0.00","0.00","0.00","0.00","0.00","8.01","12.23","20.24","1.000000","686.09","0.00","1135.11","929.16","12.23","2762.59","1.000000","0.00","0.00"
"Bernardston","1232.91","0.00","0.00","0.00","0.00","1232.91","1.000000","0.00","0.00","0.00","1150.07","0.00","1150.07","1.000000","3.08","2.78","8.27","5.66","35.13","54.92","1.000000","1235.99","2.78","8.27","1155.73","35.13","2437.90","1.000000","0.00","0.00","0.00","0.00","0.00","0.00","0.000000","0.00","0.00","0.00","0.00","0.00","0.00","0.00","0.00","0.000000","0.00","0.00","0.00","0.00","0.00","0.00","0.00","0.00","0.00","0.00","0.00","0.00","0.00","0.00","0.000000","0.00","0.00","1232.91","0.00","0.00","0.00","0.00","1232.91","1.000000","0.00","0.00","0.00","0.00","0.00","1150.07","0.00","1150.07","1.000000","0.00","0.00","3.08","2.78","8.27","5.66","35.13","54.92","1.000000","1235.99","2.78","8.27","1155.73","35.13","2437.90","1.000000","0.00","0.00"
"Beverly","2399.17","0.00","0.00","0.00","0.00","2399.17","1.000000","0.00","0.00","887.98","0.00","0.00","887.98","1.000000","5.68","5.13","15.39","40.56","0.00","66.76","1.000000","2404.85","5.13","903.37","40.56","0.00","3353.91","1.000000","0.00","0.00","0.00","0.00","0.00","0.00","0.000000","0.00","0.00","0.00","0.00","0.00","0.00","0.00","0.00","0.000000","0.00","0.00","0.00","0.00","0.00","0.00","0.00","0.00","0.00","0.00","0.00","0.00","0.00","0.00","0.000000","0.00","0.00","2399.17","0.00","0.00","0.00","0.00","2399.17","1.000000","0.00","0.00","0.00","0.00","887.98","0.00","0.00","887.98","1.000000","0.00","0.00","5.68","5.13","15.39","40.56","0.00","66.76","1.000000","2404.85","5.13","903.37","40.56","0.00","3353.91","1.000000","0.00","0.00"
"Billerica","1687.03","0.00","0.00","0.00","0.00","1687.03","1.000000","0.00","0.00","1849.99","1604.16","0.00","3454.15","1.000000","0.00","0.00","42.35","0.00","22.01","64.36","1.000000","1687.03","0.00","1892.34","1604.16","22.01","5205.54","1.000000","0.00","0.00","0.00","0.00","0.00","0.00","0.000000","0.00","0.00","0.00","0.00","0.00","0.00","0.00","0.00","0.000000","0.00","0.00","0.00","0.00","0.00","0.00","0.00","0.00","0.00","0.00","0.00","0.00","0.00","0.00","0.000000","0.00","0.00","1687.03","0.00","0.00","0.00","0.00","1687.03","1.000000","0.00","0.00","0.00","0.00","1849.99","1604.16","0.00","3454.15","1.000000","0.00","0.00","0.00","0.00","42.35","0.00","22.01","64.36","1.000000","1687.03","0.00","1892.34","1604.16","22.01","5205.54","1.000000","0.00","0.00"
"Blackstone","1345.78","0.00","0.00","0.00","0.00","1345.78","1.000000","0.00","0.00","2066.50","1849.99","0.00","3916.49","1.000000","4.26","34.09","0.00","12.13","20.50","70.98","1.000000","1350.04","34.09","2066.50","1862.12","20.50","5333.25","1.000000","0.00","0.00","0.00","0.00","0.00","0.00","0.000000","0.00","0.00","0.00","0.00","0.00","0.00","0.00","0.00","0.000000","0.00","0.00","0.00","0.00","0.00","0.00","0.00","0.00","0.00","0.00","0.00","0.00","0.00","0.00","0.000000","0.00","0.00","1345.78","0.00","0.00","0.00","0.00","1345.78","1.000000","0.00","0.00","0.00","0.00","2066.50","1849.99","0.00","3916.49","1.000000","0.00","0.00","4.26","34.09","0.00","12.13","20.50","70.98","1.000000","1350.04","34.09","2066.50","1862.12","20.50","5333.25","1.000000","0.00","0.00"
"Blandford","0.00","0.00","0.00","0.00","0.00","0.00","0.000000","0.00","0.00","2146.62","2087.68","0.00","4234.30","1.000000","0.00","0.00","0.00","9.37","18.59","27.96","1.000000","0.00","0.00","2146.62","2097.05","18.59","4262.26","1.000000","0.00","0.00","0.00","0.00","0.00","0.00","0.000000","0.00","0.00","0.00","0.00","0.00","0.00","0.00","0.00","0.000000","0.00","0.00","0.00","0.00","0.00","0.00","0.00","0.00","0.00","0.00","0.00","0.00","0.00","0.00","0.000000","0.00","0.00","0.00","0.00","0.00","0.00","0.00","0.00","1.000000","0.00","0.00","0.00","0.00","2146.62","2087.68","0.00","4234.30","1.000000","0.00","0.00","0.00","0.00","0.00","9.37","18.59","27.96","1.000000","0.00","0.00","2146.62","2097.05","18.59","4262.26","1.000000","0.00","0.00"
"Bolton","438.69","0.00","0.00","0.00","0.00","438.69","1.000000","0.00","0.00","2569.64","2327.56","0.00","4897.20","1.000000","0.00","1.48","3.16","12.94","22.73","40.31","1.000000","438.69","1.48","2572.80","2340.50","22.73","5376.20","1.000000","0.00","0.00","0.00","0.00","0.00","0.00","0.000000","0.00","0.00","0.00","0.00","0.00","0.00","0.00","0.00","0.000000","0.00","0.00","0.00","0.00","0.00","0.00","0.00","0.00","0.00","0.00","0.00","0.00","0.00","0.00","0.000000","0.00","0.00","438.69","0.00","0.00","0.00","0.00","438.69","1.000000","0.00","0.00","0.00","0.00","2569.64","2327.56","0.00","4897.20","1.000000","0.00","0.00","0.00","1.48","3.16","12.94","22.73","40.31","1.000000","438.69","1.48","2572.80","2340.50","22.73","5376.20","1.000000","0.00","0.00"
"Boston","1319.40","0.00","0.00","0.00","0.00","1319.40","1.000000","0.00","0.00","247.53","2569.64","0.00","2817.17","1.000000","3.66","3.31","8.50","6.50","17.66","39.63","1.000000","1323.06","3.31","256.03","2576.14","17.66","4176.20","1.000000","0.00","0.00","0.00","0.00","0.00","0.00","0.000000","0.00","0.00","0.00","0.00","0.00","0.00","0.00","0.00","0.000000","0.00","0.00","0.00","0.00","0.00","0.00","0.00","0.00","0.00","0.00","0.00","0.00","0.00","0.00","0.000000","0.00","0.00","1319.40","0.00","0.00","0.00","0.00","1319.40","1.000000","0.00","0.00","0.00","0.00","247.53","2569.64","0.00","2817.17","1.000000","0.00","0.00","3.66","3.31","8.50","6.50","17.66","39.63","1.000000","1323.06","3.31","256.03","2576.14","17.66","4176.20","1.000000","0.00","0.00"
"Bourne","2856.08","0.00","0.00","0.00","0.00","2856.08","1.000000","0.00","0.00","469.87","247.53","0.00","717.40","1.000000","8.38","7.57","16.14","13.80","0.00","45.89","1.000000","2864.46","7.57","486.01","261.33","0.00","3619.37","1.000000","0.00","0.00","0.00","0.00","0.00","0.00","0.000000","0.00","0.00","0.00","0.00","0.00","0.00","0.00","0.00","0.000000","0.00","0.00","0.00","0.00","0.00","0.00","0.00","0.00","0.00","0.00","0.00","0.00","0.00","0.00","0.000000","0.00","0.00","2856.08","0.00","0.00","0.00","0.00","2856.08","1.000000","0.00","0.00","0.00","0.00","469.87","247.53","0.00","717.40","1.000000","0.00","0.00","8.38","7.57","16.14","13.80","0.00","45.89","1.000000","2864.46","7.57","486.01","261.33","0.00","3619.37","1.000000","0.00","0.00"
"Boxborough","1648.57","0.00","0.00","0.00","0.00","1648.57","1.000000","0.00","0.00","0.00","451.67","0.00","451.67","1.000000","3.06","2.24","11.12","0.00","8.99","25.41","1.000000","1651.63","2.24","11.12","451.67","8.99","2125.65","1.000000","0.00","0.00","0.00","0.00","0.00","0.00","0.000000","0.00","0.00","0.00","0.00","0.00","0.00","0.00","0.00","0.000000","0.00","0.00","0.00","0.00","0.00","0.00","0.00","0.00","0.00","0.00","0.00","0.00","0.00","0.00","0.000000","0.00","0.00","1648.57","0.00","0.00","0.00","0.00","1648.57","1.000000","0.00","0.00","0.00","0.00","0.00","451.67","0.00","451.67","1.000000","0.00","0.00","3.06","2.24","11.12","0.00","8.99","25.41","1.000000","1651.63","2.24","11.12","451.67","8.99","2125.65","1.000000","0.00","0.00"
"Boxford","666.25","0.00","0.00","0.00","0.00","666.25","1.000000","0.00","0.00","902.63","0.00","0.00","902.63","1.000000","0.00","0.00","0.00","7.02","1.22","8.24","1.000000","666.25","0.00","902.63","7.02","1.22","1577.12","1.000000","0.00","0.00","0.00","0.00","0.00","0.00","0.000000","0.00","0.00","0.00","0.00","0.00","0.00","0.00","0.00","0.000000","0.00","0.00","0.00","0.00","0.00","0.00","0.00","0.00","0.00","0.00","0.00","0.00","0.00","0.00","0.000000","0.00","0.00","666.25","0.00","0.00","0.00","0.00","666.25","1.000000","0.00","0.00","0.00","0.00","902.63","0.00","0.00","902.63","1.000000","0.00","0.00","0.00","0.00","0.00","7.02","1.22","8.24","1.000000","666.25","0.00","902.63","7.02","1.22","1577.12","1.000000","0.00","0.00"
"Boylston","819.91","0.00","0.00","0.00","0.00","819.91","1.000000","0.00","0.00","1132.84","921.15","0.00","2053.99","1.000000","4.08","0.00","0.00","3.57","12.24","19.89","1.000000","823.99","0.00","1132.84","924.72","12.24","2893.79","1.000000","0.00","0.00","0.00","0.00","0.00","0.00","0.000000","0.00","0.00","0.00","0.00","0.00","0.00","0.00","0.00","0.000000","0.00","0.00","0.00","0.00","0.00","0.00","0.00","0.00","0.00","0.00","0.00","0.00","0.00","0.00","0.000000","0.00","0.00","819.91","0.00","0.00","0.00","0.00","819.91","1.000000","0.00","0.00","0.00","0.00","1132.84","921.15","0.00","2053.99","1.000000","0.00","0.00","4.08","0.00","0.00","3.57","12.24","19.89","1.000000","823.99","0.00","1132.84","924.72","12.24","2893.79","1.000000","0.00","0.00"
"Braintree","1560.26","0.00","0.00","0.00","0.00","1560.26","1.000000","0.00","0.00","0.00","1150.07","0.00","1150.07","1.000000","0.00","3.53","6.19","6.45","11.58","27.75","1.000000","1560.26","3.53","6.19","1156.52","11.58","2738.08","1.000000","0.00","0.00","0.00","0.00","0.00","0.00","0.000000","0.00","0.00","0.00","0.00","0.00","0.00","0.00","0.00","0.000000","0.00","0.00","0.00","0.00","0.00","0.00","0.00","0.00","0.00","0.00","0.00","0.00","0.00","0.00","0.000000","0.00","0.00","1560.26","0.00","0.00","0.00","0.00","1560.26","1.000000","0.00","0.00","0.00","0.00","0.00","1150.07","0.00","1150.07","1.000000","0.00","0.00","0.00","3.53","6.19","6.45","11.58","27.75","1.000000","1560.26","3.53","6.19","1156.52","11.58","2738.08","1.000000","0.00","0.00"
"Brewster","1822.26","0.00","0.00","0.00","0.00","1822.26","1.000000","0.00","0.00","1614.49","0.00","0.00","1614.49","1.000000","4.43","0.97","11.31","14.19","14.73","45.63","1.000000","1826.69","0.97","1625.80","14.19","14.73","3482.38","1.000000","0.00","0.00","0.00","0.00","0.00","0.00","0.000000","0.00","0.00","0.00","0.00","0.00","0.00","0.00","0.00","0.000000","0.00","0.00","0.00","0.00","0.00","0.00","0.00","0.00","0.00","0.00","0.00","0.00","0.00","0.00","0.000000","0.00","0.00","1822.26","0.00","0.00","0.00","0.00","1822.26","1.000000","0.00","0.00","0.00","0.00","1614.49","0.00","0.00","1614.49","1.000000","0.00","0.00","4.43","0.97","11.31","14.19","14.73","45.63","1.000000","1826.69","0.97","1625.80","14.19","14.73","3482.38","1.000000","0.00","0.00"
"Bridgewater","898.16","0.00","0.00","0.00","0.00","898.16","1.000000","0.00","0.00","1849.99","1614.49","0.00","3464.48","1.000000","0.00","0.00","7.26","11.32","0.00","18.58","1.000000","898.16","0.00","1857.25","1625.81","0.00","4381.22","1.000000","0.00","0.00","0.00","0.00","0.00","0.00","0.000000","0.00","0.00","0.00","0.00","0.00","0.00","0.00","0.00","0.000000","0.00","0.00","0.00","0.00","0.00","0.00","0.00","0.00","0.00","0.00","0.00","0.00","0.00","0.00","0.000000","0.00","0.00","898.16","0.00","0.00","0.00","0.00","898.16","1.000000","0.00","0.00","0.00","0.00","1849.99","1614.49","0.00","3464.48","1.000000","0.00","0.00","0.00","0.00","7.26","11.32","0.00","18.58","1.000000","898.16","0.00","1857.25","1625.81","0.00","4381.22","1.000000","0.00","0.00"
"Brimfield","1004.32","0.00","0.00","0.00","0.00","1004.32","1.000000","0.00","0.00","2087.68","1838.31","0.00","3925.99","1.000000","4.88","4.40","4.93","0.00","21.61","35.82","1.000000","1009.20","4.40","2092.61","1838.31","21.61","4966.13","1.000000","0.00","0.00","0.00","0.00","0.00","0.00","0.000000","0.00","0.00","0.00","0.00","0.00","0.00","0.00","0.00","0.000000","0.00","0.00","0.00","0.00","0.00","0.00","0.00","0.00","0.00","0.00","0.00","0.00","0.00","0.00","0.000000","0.00","0.00","1004.32","0.00","0.00","0.00","0.00","1004.32","1.000000","0.00","0.00","0.00","0.00","2087.68","1838.31","0.00","3925.99","1.000000","0.00","0.00","4.88","4.40","4.93","0.00","21.61","35.82","1.000000","1009.20","4.40","2092.61","1838.31","21.61","4966.13","1.000000","0.00","0.00"
"Brockton","1275.11","0.00","0.00","0.00","0.00","1275.11","1.000000","0.00","0.00","2313.53","2087.68","0.00","4401.21","1.000000","0.00","0.48","0.00","15.35","24.17","40.00","1.000000","1275.11","0.48","2313.53","2103.03","24.17","5716.32","1.000000","0.00","0.00","0.00","0.00","0.00","0.00","0.000000","0.00","0.00","0.00","0.00","0.00","0.00","0.00","0.00","0.000000","0.00","0.00","0.00","0.00","0.00","0.00","0.00","0.00","0.00","0.00","0.00","0.00","0.00","0.00","0.000000","0.00","0.00","1275.11","0.00","0.00","0.00","0.00","1275.11","1.000000","0.00","0.00","0.00","0.00","2313.53","2087.68","0.00","4401.21","1.000000","0.00","0.00","0.00","0.48","0.00","15.35","24.17","40.00","1.000000","1275.11","0.48","2313.53","2103.03","24.17","5716.32","1.000000","0.00","0.00"
"Brookfield","213.59","0.00","0.00","0.00","0.00","213.59","1.000000","0.00","0.00","2547.54","2327.56","0.00","4875.10","1.000000","0.99","0.00","0.00","11.35","21.66","34.00","1.000000","214.58","0.00","2547.54","2338.91","21.66","5122.69","1.000000","0.00","0.00","0.00","0.00","0.00","0.00","0.000000","0.00","0.00","0.00","0.00","0.00","0.00","0.00","0.00","0.000000","0.00","0.00","0.00","0.00","0.00","0.00","0.00","0.00","0.00","0.00","0.00","0.00","0.00","0.00","0.000000","0.00","0.00","213.59","0.00","0.00","0.00","0.00","213.59","1.000000","0.00","0.00","0.00","0.00","2547.54","2327.56","0.00","4875.10","1.000000","0.00","0.00","0.99","0.00","0.00","11.35","21.66","34.00","1.000000","214.58","0.00","2547.54","2338.91","21.66","5122.69","1.000000","0.00","0.00"
"Brookline","405.96","0.00","0.00","0.00","0.00","405.96","1.000000","0.00","0.00","247.53","0.00","0.00","247.53","0.095386","0.00","1.32","2.53","2.70","2.80","9.35","1.000000","405.96","1.32","250.06","2.70","2.80","662.84","0.220188","0.00","0.00","0.00","0.00","0.00","0.00","0.000000","0.00","0.00","0.00","0.00","0.00","2347.50","0.00","2347.50","0.904614","0.00","0.00","0.00","0.00","0.00","0.00","0.00","0.00","0.00","0.00","0.00","2347.50","0.00","2347.50","0.779812","0.00","0.00","405.96","0.00","0.00","0.00","0.00","405.96","1.000000","0.00","0.00","0.00","0.00","247.53","2347.50","0.00","2595.03","1.000000","0.00","0.00","0.00","1.32","2.53","2.70","2.80","9.35","1.000000","405.96","1.32","250.06","2350.20","2.80","3010.34","1.000000","0.00","0.00"
"Buckland","879.04","0.00","0.00","0.00","0.00","879.04","1.000000","0.00","0.00","0.00","247.53","0.00","247.53","0.365747","2.90","2.06","5.08","3.65","0.00","13.69","1.000000","881.94","2.06","5.08","251.18","(1.22)","1139.04","0.726294","0.00","0.00","0.00","0.00","0.00","0.00","0.000000","0.00","0.00","0.00","0.00","429.25","0.00","0.00","429.25","0.634253","0.00","0.00","0.00","0.00","0.00","0.00","0.00","0.00","0.00","0.00","429.25","0.00","0.00","429.25","0.273706","0.00","0.00","879.04","0.00","0.00","0.00","0.00","879.04","1.000000","0.00","0.00","0.00","0.00","429.25","247.53","0.00","676.78","1.000000","0.00","0.00","2.90","2.06","5.08","3.65","0.00","13.69","1.000000","881.94","2.06","434.33","251.18","(1.22)","1568.29","1.000000","0.00","0.00"
"Burlington","156.60","0.00","0.00","0.00","0.00","156.60","0.192298","0.00","0.00","0.00","466.09","0.00","466.09","1.000000","1.30","1.17","1.31","0.00","0.00","3.78","1.000000","157.90","1.17","1.31","466.09","0.00","626.47","0.487818","657.76","0.00","0.00","0.00","0.00","657.76","0.807702","0.00","0.00","0.00","0.00","0.00","0.00","0.00","0.00","0.000000","0.00","0.00","0.062","0.00","0.00","0.00","0.00","0.062","657.76","0.00","0.00","0.00","0.00","657.76","0.512182","0.00","0.00","814.36","0.00","0.00","0.00","0.00","814.36","1.000000","0.00","0.00","0.00","0.00","0.00","466.09","0.00","466.09","1.000000","0.00","0.00","1.30","1.17","1.31","0.00","0.00","3.78","1.000000","815.66","1.17","1.31","466.09","0.00","1284.23","1.000000","0.00","0.00"
"Cambridge","304.66","0.00","0.00","0.00","0.00","304.66","1.000000","0.00","0.00","920.79","0.00","0.00","920.79","1.000000","0.00","0.00","0.00","0.00","0.00","0.00","0.000000","304.66","0.00","920.79","0.00","0.00","1225.45","1.000000","0.00","0.00","0.00","0.00","0.00","0.00","0.000000","0.00","0.00","0.00","0.00","0.00","0.00","0.00","0.00","0.000000","0.00","0.00","0.00","0.00","0.00","0.00","0.00","0.00","0.00","0.00","0.00","0.00","0.00","0.00","0.000000","0.00","0.00","304.66","0.00","0.00","0.00","0.00","304.66","1.000000","0.00","0.00","0.00","0.00","920.79","0.00","0.00","920.79","1.000000","0.00","0.00","0.00","0.00","0.00","0.00","0.00","0.00","1.000000","304.66","0.00","920.79","0.00","0.00","1225.45","1.000000","0.00","0.00"
"Canton","651.00","0.00","0.00","0.00","0.00","651.00","1.000000","0.00","0.00","1128.47","921.15","0.00","2049.62","1.000000","3.41","0.05","0.00","7.33","11.51","22.30","1.000000","654.41","0.05","1128.47","928.48","11.51","2722.92","1.000000","0.00","0.00","0.00","0.00","0.00","0.00","0.000000","0.00","0.00","0.00","0.00","0.00","0.00","0.00","0.00","0.000000","0.00","0.00","0.00","0.00","0.00","0.00","0.00","0.00","0.00","0.00","0.00","0.00","0.00","0.00","0.000000","0.00","0.00","651.00","0.00","0.00","0.00","0.00","651.00","1.000000","0.00","0.00","0.00","0.00","1128.47","921.15","0.00","2049.62","1.000000","0.00","0.00","3.41","0.05","0.00","7.33","11.51","22.30","1.000000","654.41","0.05","1128.47","928.48","11.51","2722.92","1.000000","0.00","0.00"
"Carlisle","1572.12","0.00","0.00","0.00","0.00","1572.12","1.000000","0.00","0.00","0.00","1144.83","0.00","1144.83","1.000000","1.90","0.00","0.00","0.00","11.55","13.45","1.000000","1574.02","0.00","0.00","1144.83","11.55","2730.40","1.000000","0.00","0.00","0.00","0.00","0.00","0.00","0.000000","0.00","0.00","0.00","0.00","0.00","0.00","0.00","0.00","0.000000","0.00","0.00","0.00","0.00","0.00","0.00","0.00","0.00","0.00","0.00","0.00","0.00","0.00","0.00","0.000000","0.00","0.00","1572.12","0.00","0.00","0.00","0.00","1572.12","1.000000","0.00","0.00","0.00","0.00","0.00","1144.83","0.00","1144.83","1.000000","0.00","0.00","1.90","0.00","0.00","0.00","11.55","13.45","1.000000","1574.02","0.00","0.00","1144.83","11.55","2730.40","1.000000","0.00","0.00"
"Carver","1785.65","0.00","0.00","0.00","0.00","1785.65","1.000000","0.00","0.00","1614.49","0.00","0.00","1614.49","1.000000","0.00","0.37","7.99","10.96","11.46","30.78","1.000000","1785.65","0.37","1622.48","10.96","11.46","3430.92","1.000000","0.00","0.00","0.00","0.00","0.00","0.00","0.000000","0.00","0.00","0.00","0.00","0.00","0.00","0.00","0.00","0.000000","0.00","0.00","0.00","0.00","0.00","0.00","0.00","0.00","0.00","0.00","0.00","0.00","0.00","0.00","0.000000","0.00","0.00","1785.65","0.00","0.00","0.00","0.00","1785.65","1.000000","0.00","0.00","0.00","0.00","1614.49","0.00","0.00","1614.49","1.000000","0.00","0.00","0.00","0.37","7.99","10.96","11.46","30.78","1.000000","1785.65","0.37","1622.48","10.96","11.46","3430.92","1.000000","0.00","0.00"
"Charlemont","736.18","0.00","0.00","0.00","0.00","736.18","1.000000","0.00","0.00","1849.99","1614.49","0.00","3464.48","1.000000","0.00","0.00","7.20","11.29","18.57","37.06","1.000000","736.18","0.00","1857.19","1625.78","18.57","4237.72","1.000000","0.00","0.00","0.00","0.00","0.00","0.00","0.000000","0.00","0.00","0.00","0.00","0.00","0.00","0.00","0.00","0.000000","0.00","0.00","0.00","0.00","0.00","0.00","0.00","0.00","0.00","0.00","0.00","0.00","0.00","0.00","0.000000","0.00","0.00","736.18","0.00","0.00","0.00","0.00","736.18","1.000000","0.00","0.00","0.00","0.00","1849.99","1614.49","0.00","3464.48","1.000000","0.00","0.00","0.00","0.00","7.20","11.29","18.57","37.06","1.000000","736.18","0.00","1857.19","1625.78","18.57","4237.72","1.000000","0.00","0.00"
"Charlton","1139.63","0.00","0.00","0.00","0.00","1139.63","1.000000","0.00","0.00","2087.68","1849.99","0.00","3937.67","1.000000","5.50","4.97","5.56","13.97","0.00","30.00","1.000000","1145.13","4.97","2093.24","1863.96","0.00","5107.30","1.000000","0.00","0.00","0.00","0.00","0.00","0.00","0.000000","0.00","0.00","0.00","0.00","0.00","0.00","0.00","0.00","0.000000","0.00","0.00","0.00","0.00","0.00","0.00","0.00","0.00","0.00","0.00","0.00","0.00","0.00","0.00","0.000000","0.00","0.00","1139.63","0.00","0.00","0.00","0.00","1139.63","1.000000","0.00","0.00","0.00","0.00","2087.68","1849.99","0.00","3937.67","1.000000","0.00","0.00","5.50","4.97","5.56","13.97","0.00","30.00","1.000000","1145.13","4.97","2093.24","1863.96","0.00","5107.30","1.000000","0.00","0.00"
"Chatham","1265.54","0.00","0.00","0.00","0.00","1265.54","1.000000","0.00","0.00","2327.56","2077.45","0.00","4405.01","1.000000","0.00","0.48","11.01","0.00","24.13","35.62","1.000000","1265.54","0.48","2338.57","2077.45","24.13","5706.17","1.000000","0.00","0.00","0.00","0.00","0.00","0.00","0.000000","0.00","0.00","0.00","0.00","0.00","0.00","0.00","0.00","0.000000","0.00","0.00","0.00","0.00","0.00","0.00","0.00","0.00","0.00","0.00","0.00","0.00","0.00","0.00","0.000000","0.00","0.00","1265.54","0.00","0.00","0.00","0.00","1265.54","1.000000","0.00","0.00","0.00","0.00","2327.56","2077.45","0.00","4405.01","1.000000","0.00","0.00","0.00","0.48","11.01","0.00","24.13","35.62","1.000000","1265.54","0.48","2338.57","2077.45","24.13","5706.17","1.000000","0.00","0.00"
"Chelmsford","202.99","0.00","0.00","0.00","0.00","202.99","1.000000","0.00","0.00","2545.97","2327.56","0.00","4873.53","1.000000","0.99","0.90","0.00","11.30","15.55","28.74","1.000000","203.98","0.90","2545.97","2338.86","15.55","5105.26","1.000000","0.00","0.00","0.00","0.00","0.00","0.00","0.000000","0.00","0.00","0.00","0.00","0.00","0.00","0.00","0.00","0.000000","0.00","0.00","0.00","0.00","0.00","0.00","0.00","0.00","0.00","0.00","0.00","0.00","0.00","0.00","0.000000","0.00","0.00","202.99","0.00","0.00","0.00","0.00","202.99","1.000000","0.00","0.00","0.00","0.00","2545.97","2327.56","0.00","4873.53","1.000000","0.00","0.00","0.99","0.90","0.00","11.30","15.55","28.74","1.000000","203.98","0.90","2545.97","2338.86","15.55","5105.26","1.000000","0.00","0.00"
"Chelsea","419.16","0.00","0.00","0.00","0.00","419.16","1.000000","0.00","0.00","225.91","2567.25","0.00","2793.16","1.000000","1.46","0.00","0.00","0.00","13.65","15.11","1.000000","420.62","0.00","225.91","2567.25","13.65","3227.43","1.000000","0.00","0.00","0.00","0.00","0.00","0.00","0.000000","0.00","0.00","0.00","0.00","0.00","0.00","0.00","0.00","0.000000","0.00","0.00","0.00","0.00","0.00","0.00","0.00","0.00","0.00","0.00","0.00","0.00","0.00","0.00","0.000000","0.00","0.00","419.16","0.00","0.00","0.00","0.00","419.16","1.000000","0.00","0.00","0.00","0.00","225.91","2567.25","0.00","2793.16","1.000000","0.00","0.00","1.46","0.00","0.00","0.00","13.65","15.11","1.000000","420.62","0.00","225.91","2567.25","13.65","3227.43","1.000000","0.00","0.00"
"Cheshire","687.29","0.00","0.00","0.00","0.00","687.29","1.000000","0.00","0.00","469.87","247.53","0.00","717.40","1.000000","0.00","2.02","0.79","5.42","6.68","14.91","1.000000","687.29","2.02","470.66","252.95","6.68","1419.60","1.000000","0.00","0.00","0.00","0.00","0.00","0.00","0.000000","0.00","0.00","0.00","0.00","0.00","0.00","0.00","0.00","0.000000","0.00","0.00","0.00","0.00","0.00","0.00","0.00","0.00","0.00","0.00","0.00","0.00","0.00","0.00","0.000000","0.00","0.00","687.29","0.00","0.00","0.00","0.00","687.29","1.000000","0.00","0.00","0.00","0.00","469.87","247.53","0.00","717.40","1.000000","0.00","0.00","0.00","2.02","0.79","5.42","6.68","14.91","1.000000","687.29","2.02","470.66","252.95","6.68","1419.60","1.000000","0.00","0.00"
"Chester","979.88","0.00","0.00","0.00","0.00","979.88","1.000000","0.00","0.00","0.00","469.87","0.00","469.87","1.000000","1.93","0.00","6.20","4.72","6.21","19.06","1.000000","981.81","0.00","6.20","474.59","6.21","1468.81","1.000000","0.00","0.00","0.00","0.00","0.00","0.00","0.000000","0.00","0.00","0.00","0.00","0.00","0.00","0.00","0.00","0.000000","0.00","0.00","0.00","0.00","0.00","0.00","0.00","0.00","0.00","0.00","0.00","0.00","0.00","0.00","0.000000","0.00","0.00","979.88","0.00","0.00","0.00","0.00","979.88","1.000000","0.00","0.00","0.00","0.00","0.00","469.87","0.00","469.87","1.000000","0.00","0.00","1.93","0.00","6.20","4.72","6.21","19.06","1.000000","981.81","0.00","6.20","474.59","6.21","1468.81","1.000000","0.00","0.00"
"Chesterfield","295.62","0.00","0.00","0.00","0.00","295.62","1.000000","0.00","0.00","921.15","0.00","0.00","921.15","1.000000","0.00","0.00","3.69","5.02","0.00","8.71","1.000000","295.62","0.00","924.84","5.02","0.00","1225.48","1.000000","0.00","0.00","0.00","0.00","0.00","0.00","0.000000","0.00","0.00","0.00","0.00","0.00","0.00","0.00","0.00","0.000000","0.00","0.00","0.00","0.00","0.00","0.00","0.00","0.00","0.00","0.00","0.00","0.00","0.00","0.00","0.000000","0.00","0.00","295.62","0.00","0.00","0.00","0.00","295.62","1.000000","0.00","0.00","0.00","0.00","921.15","0.00","0.00","921.15","1.000000","0.00","0.00","0.00","0.00","3.69","5.02","0.00","8.71","1.000000","295.62","0.00","924.84","5.02","0.00","1225.48","1.000000","0.00","0.00"
"Chicopee","623.35","0.00","0.00","0.00","0.00","623.35","1.000000","0.00","0.00","1150.07","903.44","0.00","2053.51","1.000000","3.34","3.01","2.69","0.00","11.41","20.45","1.000000","626.69","3.01","1152.76","903.44","11.41","2697.31","1.000000","0.00","0.00","0.00","0.00","0.00","0.00","0.000000","0.00","0.00","0.00","0.00","0.00","0.00","0.00","0.00","0.000000","0.00","0.00","0.00","0.00","0.00","0.00","0.00","0.00","0.00","0.00","0.00","0.00","0.00","0.00","0.000000","0.00","0.00","623.35","0.00","0.00","0.00","0.00","623.35","1.000000","0.00","0.00","0.00","0.00","1150.07","903.44","0.00","2053.51","1.000000","0.00","0.00","3.34","3.01","2.69","0.00","11.41","20.45","1.000000","626.69","3.01","1152.76","903.44","11.41","2697.31","1.000000","0.00","0.00"
"Chilmark","1494.60","0.00","0.00","0.00","0.00","1494.60","1.000000","0.00","0.00","0.00","1140.59","0.00","1140.59","1.000000","3.73","2.74","0.00","0.00","11.22","17.69","1.000000","1498.33","2.74","0.00","1140.59","11.22","2652.88","1.000000","0.00","0.00","0.00","0.00","0.00","0.00","0.000000","0.00","0.00","0.00","0.00","0.00","0.00","0.00","0.00","0.000000","0.00","0.00","0.00","0.00","0.00","0.00","0.00","0.00","0.00","0.00","0.00","0.00","0.00","0.00","0.000000","0.00","0.00","1494.60","0.00","0.00","0.00","0.00","1494.60","1.000000","0.00","0.00","0.00","0.00","0.00","1140.59","0.00","1140.59","1.000000","0.00","0.00","3.73","2.74","0.00","0.00","11.22","17.69","1.000000","1498.33","2.74","0.00","1140.59","11.22","2652.88","1.000000","0.00","0.00"
"Clarksburg","1529.06","0.00","0.00","0.00","0.00","1529.06","1.000000","0.00","0.00","1603.18","0.00","0.00","1603.18","1.000000","3.53","0.00","0.00","13.56","14.07","31.16","1.000000","1532.59","0.00","1603.18","13.56","14.07","3163.40","1.000000","0.00","0.00","0.00","0.00","0.00","0.00","0.000000","0.00","0.00","0.00","0.00","0.00","0.00","0.00","0.00","0.000000","0.00","0.00","0.00","0.00","0.00","0.00","0.00","0.00","0.00","0.00","0.00","0.00","0.00","0.00","0.000000","0.00","0.00","1529.06","0.00","0.00","0.00","0.00","1529.06","1.000000","0.00","0.00","0.00","0.00","1603.18","0.00","0.00","1603.18","1.000000","0.00","0.00","3.53","0.00","0.00","13.56","14.07","31.16","1.000000","1532.59","0.00","1603.18","13.56","14.07","3163.40","1.000000","0.00","0.00"
"Clinton","786.35","0.00","0.00","0.00","0.00","786.35","1.000000","0.00","0.00","1849.99","1614.49","0.00","3464.48","1.000000","0.00","0.00","7.69","11.54","84.12","103.35","1.000000","786.35","0.00","1857.68","1626.03","84.12","4354.18","1.000000","0.00","0.00","0.00","0.00","0.00","0.00","0.000000","0.00","0.00","0.00","0.00","0.00","0.00","0.00","0.00","0.000000","0.00","0.00","0.00","0.00","0.00","0.00","0.00","0.00","0.00","0.00","0.00","0.00","0.00","0.00","0.000000","0.00","0.00","786.35","0.00","0.00","0.00","0.00","786.35","1.000000","0.00","0.00","0.00","0.00","1849.99","1614.49","0.00","3464.48","1.000000","0.00","0.00","0.00","0.00","7.69","11.54","84.12","103.35","1.000000","786.35","0.00","1857.68","1626.03","84.12","4354.18","1.000000","0.00","0.00"
"Cohasset","1022.75","0.00","0.00","0.00","0.00","1022.75","1.000000","0.00","0.00","2087.68","1849.99","0.00","3937.67","1.000000","5.05","4.56","5.11","79.83","15.41","109.96","1.000000","1027.80","4.56","2092.79","1929.82","15.41","5070.38","1.000000","0.00","0.00","0.00","0.00","0.00","0.00","0.000000","0.00","0.00","0.00","0.00","0.00","0.00","0.00","0.00","0.000000","0.00","0.00","0.00","0.00","0.00","0.00","0.00","0.00","0.00","0.00","0.00","0.00","0.00","0.00","0.000000","0.00","0.00","1022.75","0.00","0.00","0.00","0.00","1022.75","1.000000","0.00","0.00","0.00","0.00","2087.68","1849.99","0.00","3937.67","1.000000","0.00","0.00","5.05","4.56","5.11","79.83","15.41","109.96","1.000000","1027.80","4.56","2092.79","1929.82","15.41","5070.38","1.000000","0.00","0.00"
"Colrain","1165.21","0.00","0.00","0.00","0.00","1165.21","1.000000","0.00","0.00","2327.56","2087.68","0.00","4415.24","1.000000","0.00","0.50","77.25","9.62","0.00","87.37","1.000000","1165.21","0.50","2404.81","2097.30","0.00","5667.82","1.000000","0.00","0.00","0.00","0.00","0.00","0.00","0.000000","0.00","0.00","0.00","0.00","0.00","0.00","0.00","0.00","0.000000","0.00","0.00","0.00","0.00","0.00","0.00","0.00","0.00","0.00","0.00","0.00","0.00","0.00","0.00","0.000000","0.00","0.00","1165.21","0.00","0.00","0.00","0.00","1165.21","1.000000","0.00","0.00","0.00","0.00","2327.56","2087.68","0.00","4415.24","1.000000","0.00","0.00","0.00","0.50","77.25","9.62","0.00","87.37","1.000000","1165.21","0.50","2404.81","2097.30","0.00","5667.82","1.000000","0.00","0.00"
"Concord","197.73","0.00","0.00","0.00","0.00","197.73","1.000000","0.00","0.00","2567.24","2314.17","0.00","4881.41","1.000000","1.00","69.25","0.00","0.00","21.87","92.12","1.000000","198.73","69.25","2567.24","2314.17","21.87","5171.26","1.000000","0.00","0.00","0.00","0.00","0.00","0.00","0.000000","0.00","0.00","0.00","0.00","0.00","0.00","0.00","0.00","0.000000","0.00","0.00","0.00","0.00","0.00","0.00","0.00","0.00","0.00","0.00","0.00","0.00","0.00","0.00","0.000000","0.00","0.00","197.73","0.00","0.00","0.00","0.00","197.73","1.000000","0.00","0.00","0.00","0.00","2567.24","2314.17","0.00","4881.41","1.000000","0.00","0.00","1.00","69.25","0.00","0.00","21.87","92.12","1.000000","198.73","69.25","2567.24","2314.17","21.87","5171.26","1.000000","0.00","0.00"
"Conway","239.64","0.00","0.00","0.00","0.00","239.64","1.000000","0.00","0.00","223.34","2569.64","0.00","2792.98","1.000000","70.74","0.00","0.00","2.89","13.91","87.54","1.000000","310.38","0.00","223.34","2572.53","13.91","3120.16","1.000000","0.00","0.00","0.00","0.00","0.00","0.00","0.000000","0.00","0.00","0.00","0.00","0.00","0.00","0.00","0.00","0.000000","0.00","0.00","0.00","0.00","0.00","0.00","0.00","0.00","0.00","0.00","0.00","0.00","0.00","0.00","0.000000","0.00","0.00","239.64","0.00","0.00","0.00","0.00","239.64","1.000000","0.00","0.00","0.00","0.00","223.34","2569.64","0.00","2792.98","1.000000","0.00","0.00","70.74","0.00","0.00","2.89","13.91","87.54","1.000000","310.38","0.00","223.34","2572.53","13.91","3120.16","1.000000","0.00","0.00"
"Cummington","821.63","0.00","0.00","0.00","0.00","821.63","1.000000","0.00","0.00","452.87","247.53","0.00","700.40","1.000000","0.75","0.00","0.00","5.94","6.49","13.18","1.000000","822.38","0.00","452.87","253.47","6.49","1535.21","1.000000","0.00","0.00","0.00","0.00","0.00","0.00","0.000000","0.00","0.00","0.00","0.00","0.00","0.00","0.00","0.00","0.000000","0.00","0.00","0.00","0.00","0.00","0.00","0.00","0.00","0.00","0.00","0.00","0.00","0.00","0.00","0.000000","0.00","0.00","821.63","0.00","0.00","0.00","0.00","821.63","1.000000","0.00","0.00","0.00","0.00","452.87","247.53","0.00","700.40","1.000000","0.00","0.00","0.75","0.00","0.00","5.94","6.49","13.18","1.000000","822.38","0.00","452.87","253.47","6.49","1535.21","1.000000","0.00","0.00"
"Dalton","928.59","0.00","0.00","0.00","0.00","928.59","1.000000","0.00","0.00","0.00","469.87","0.00","469.87","1.000000","0.00","1.71","7.19","3.85","5.99","18.74","1.000000","928.59","1.71","7.19","473.72","5.99","1417.20","1.000000","0.00","0.00","0.00","0.00","0.00","0.00","0.000000","0.00","0.00","0.00","0.00","0.00","0.00","0.00","0.00","0.000000","0.00","0.00","0.00","0.00","0.00","0.00","0.00","0.00","0.00","0.00","0.00","0.00","0.00","0.00","0.000000","0.00","0.00","928.59","0.00","0.00","0.00","0.00","928.59","1.000000","0.00","0.00","0.00","0.00","0.00","469.87","0.00","469.87","1.000000","0.00","0.00","0.00","1.71","7.19","3.85","5.99","18.74","1.000000","928.59","1.71","7.19","473.72","5.99","1417.20","1.000000","0.00","0.00"
"Danvers","278.39","0.00","0.00","0.00","0.00","278.39","1.000000","0.00","0.00","921.15","0.00","0.00","921.15","1.000000","0.00","0.00","2.21","4.94","5.12","12.27","1.000000","278.39","0.00","923.36","4.94","5.12","1211.81","1.000000","0.00","0.00","0.00","0.00","0.00","0.00","0.000000","0.00","0.00","0.00","0.00","0.00","0.00","0.00","0.00","0.000000","0.00","0.00","0.00","0.00","0.00","0.00","0.00","0.00","0.00","0.00","0.00","0.00","0.00","0.00","0.000000","0.00","0.00","278.39","0.00","0.00","0.00","0.00","278.39","1.000000","0.00","0.00","0.00","0.00","921.15","0.00","0.00","921.15","1.000000","0.00","0.00","0.00","0.00","2.21","4.94","5.12","12.27","1.000000","278.39","0.00","923.36","4.94","5.12","1211.81","1.000000","0.00","0.00"
"Dartmouth","599.22","0.00","0.00","0.00","0.00","599.22","1.000000","0.00","0.00","0.00","921.15","0.00","921.15","0.467162","3.28","2.30","2.58","2.50","0.00","10.66","1.000000","602.50","2.30","2.58","923.65","0.00","1531.03","0.593036","0.00","0.00","0.00","0.00","0.00","0.00","0.000000","0.00","0.00","0.00","0.00","1050.65","0.00","0.00","1050.65","0.532838","0.00","0.00","0.00","0.00","0.00","0.00","0.00","0.00","0.00","0.00","1050.65","0.00","0.00","1050.65","0.406964","0.00","0.00","599.22","0.00","0.00","0.00","0.00","599.22","1.000000","0.00","0.00","0.00","0.00","1050.65","921.15","0.00","1971.80","1.000000","0.00","0.00","3.28","2.30","2.58","2.50","0.00","10.66","1.000000","602.50","2.30","1053.23","923.65","0.00","2581.68","1.000000","0.00","0.00"
"Dedham","540.04","0.00","0.00","0.00","0.00","540.04","0.425815","0.00","0.00","0.00","1128.00","0.00","1128.00","1.000000","3.03","2.74","3.07","0.00","7.86","16.70","1.000000","543.07","2.74","3.07","1128.00","7.86","1684.74","0.698208","728.21","0.00","0.00","0.00","0.00","728.21","0.574185","0.00","0.00","0.00","0.00","0.00","0.00","0.00","0.00","0.000000","0.00","0.00","0.072","0.00","0.00","0.00","0.00","0.072","728.21","0.00","0.00","0.00","0.00","728.21","0.301792","0.00","0.00","1268.25","0.00","0.00","0.00","0.00","1268.25","1.000000","0.00","0.00","0.00","0.00","0.00","1128.00","0.00","1128.00","1.000000","0.00","0.00","3.03","2.74","3.07","0.00","7.86","16.70","1.000000","1271.28","2.74","3.07","1128.00","7.86","2412.95","1.000000","0.00","0.00"
"Deerfield","871.14","0.00","0.00","0.00","0.00","871.14","0.483505","0.00","0.00","1596.50","0.00","0.00","1596.50","1.000000","0.00","0.00","0.00","10.14","3.72","13.86","1.000000","871.14","0.00","1596.50","10.14","3.72","2481.50","0.727269","930.58","0.00","0.00","0.00","0.00","930.58","0.516495","0.00","0.00","0.00","0.00","0.00","0.00","0.00","0.00","0.000000","0.00","0.00","0.092","0.00","0.00","0.00","0.00","0.092","930.58","0.00","0.00","0.00","0.00","930.58","0.272731","0.00","0.00","1801.72","0.00","0.00","0.00","0.00","1801.72","1.000000","0.00","0.00","0.00","0.00","1596.50","0.00","0.00","1596.50","1.000000","0.00","0.00","0.00","0.00","0.00","10.14","3.72","13.86","1.000000","1801.72","0.00","1596.50","10.14","3.72","3412.08","1.000000","0.00","0.00"
"Dennis","1006.17","0.00","0.00","0.00","0.00","1006.17","1.000000","0.00","0.00","1833.10","1614.49","0.00","3447.59","1.000000","0.00","0.00","0.00","5.89","38.93","44.82","1.000000","1006.17","0.00","1833.10","1620.38","38.93","4498.58","1.000000","0.00","0.00","0.00","0.00","0.00","0.00","0.000000","0.00","0.00","0.00","0.00","0.00","0.00","0.00","0.00","0.000000","0.00","0.00","0.00","0.00","0.00","0.00","0.00","0.00","0.00","0.00","0.00","0.00","0.00","0.00","0.000000","0.00","0.00","1006.17","0.00","0.00","0.00","0.00","1006.17","1.000000","0.00","0.00","0.00","0.00","1833.10","1614.49","0.00","3447.59","1.000000","0.00","0.00","0.00","0.00","0.00","5.89","38.93","44.82","1.000000","1006.17","0.00","1833.10","1620.38","38.93","4498.58","1.000000","0.00","0.00"
"Dighton","1225.02","0.00","0.00","0.00","0.00","1225.02","1.000000","0.00","0.00","2072.98","1849.99","0.00","3922.97","1.000000","0.00","0.00","0.00","33.54","22.00","55.54","1.000000","1225.02","0.00","2072.98","1883.53","22.00","5203.53","1.000000","0.00","0.00","0.00","0.00","0.00","0.00","0.000000","0.00","0.00","0.00","0.00","0.00","0.00","0.00","0.00","0.000000","0.00","0.00","0.00","0.00","0.00","0.00","0.00","0.00","0.00","0.00","0.00","0.00","0.00","0.00","0.000000","0.00","0.00","1225.02","0.00","0.00","0.00","0.00","1225.02","1.000000","0.00","0.00","0.00","0.00","2072.98","1849.99","0.00","3922.97","1.000000","0.00","0.00","0.00","0.00","0.00","33.54","22.00","55.54","1.000000","1225.02","0.00","2072.98","1883.53","22.00","5203.53","1.000000","0.00","0.00"
"Douglas","1339.78","0.00","0.00","0.00","0.00","1339.78","1.000000","0.00","0.00","2327.56","2087.68","0.00","4415.24","1.000000","0.00","0.00","30.32","15.20","24.63","70.15","1.000000","1339.78","0.00","2357.88","2102.88","24.63","5825.17","1.000000","0.00","0.00","0.00","0.00","0.00","0.00","0.000000","0.00","0.00","0.00","0.00","0.00","0.00","0.00","0.00","0.000000","0.00","0.00","0.00","0.00","0.00","0.00","0.00","0.00","0.00","0.00","0.00","0.00","0.00","0.00","0.000000","0.00","0.00","1339.78","0.00","0.00","0.00","0.00","1339.78","1.000000","0.00","0.00","0.00","0.00","2327.56","2087.68","0.00","4415.24","1.000000","0.00","0.00","0.00","0.00","30.32","15.20","24.63","70.15","1.000000","1339.78","0.00","2357.88","2102.88","24.63","5825.17","1.000000","0.00","0.00"
"Dover","183.85","0.00","0.00","0.00","0.00","183.85","1.000000","0.00","0.00","2569.64","2327.56","0.00","4897.20","1.000000","0.00","20.90","2.11","12.15","0.00","35.16","1.000000","183.85","20.90","2571.75","2339.71","0.00","5116.21","1.000000","0.00","0.00","0.00","0.00","0.00","0.00","0.000000","0.00","0.00","0.00","0.00","0.00","0.00","0.00","0.00","0.000000","0.00","0.00","0.00","0.00","0.00","0.00","0.00","0.00","0.00","0.00","0.00","0.00","0.00","0.00","0.000000","0.00","0.00","183.85","0.00","0.00","0.00","0.00","183.85","1.000000","0.00","0.00","0.00","0.00","2569.64","2327.56","0.00","4897.20","1.000000","0.00","0.00","0.00","20.90","2.11","12.15","0.00","35.16","1.000000","183.85","20.90","2571.75","2339.71","0.00","5116.21","1.000000","0.00","0.00"
"Dracut","389.56","0.00","0.00","0.00","0.00","389.56","1.000000","0.00","0.00","247.53","2547.98","0.00","2795.51","1.000000","1.43","1.29","3.33","0.00","13.55","19.60","1.000000","390.99","1.29","250.86","2547.98","13.55","3204.67","1.000000","0.00","0.00","0.00","0.00","0.00","0.00","0.000000","0.00","0.00","0.00","0.00","0.00","0.00","0.00","0.00","0.000000","0.00","0.00","0.00","0.00","0.00","0.00","0.00","0.00","0.00","0.00","0.00","0.00","0.00","0.00","0.000000","0.00","0.00","389.56","0.00","0.00","0.00","0.00","389.56","1.000000","0.00","0.00","0.00","0.00","247.53","2547.98","0.00","2795.51","1.000000","0.00","0.00","1.43","1.29","3.33","0.00","13.55","19.60","1.000000","390.99","1.29","250.86","2547.98","13.55","3204.67","1.000000","0.00","0.00"
"Dudley","1344.11","0.00","0.00","0.00","0.00","1344.11","1.000000","0.00","0.00","453.36","247.53","0.00","700.89","1.000000","4.27","3.86","0.00","7.42","8.75","24.30","1.000000","1348.38","3.86","453.36","254.95","8.75","2069.30","1.000000","0.00","0.00","0.00","0.00","0.00","0.00","0.000000","0.00","0.00","0.00","0.00","0.00","0.00","0.00","0.00","0.000000","0.00","0.00","0.00","0.00","0.00","0.00","0.00","0.00","0.00","0.00","0.00","0.00","0.00","0.00","0.000000","0.00","0.00","1344.11","0.00","0.00","0.00","0.00","1344.11","1.000000","0.00","0.00","0.00","0.00","453.36","247.53","0.00","700.89","1.000000","0.00","0.00","4.27","3.86","0.00","7.42","8.75","24.30","1.000000","1348.38","3.86","453.36","254.95","8.75","2069.30","1.000000","0.00","0.00"
"Dunstable","1905.67","0.00","0.00","0.00","0.00","1905.67","1.000000","0.00","0.00","0.00","468.83","0.00","468.83","1.000000","3.58","0.00","0.00","0.00","10.10","13.68","1.000000","1909.25","0.00","0.00","468.83","10.10","2388.18","1.000000","0.00","0.00","0.00","0.00","0.00","0.00","0.000000","0.00","0.00","0.00","0.00","0.00","0.00","0.00","0.00","0.000000","0.00","0.00","0.00","0.00","0.00","0.00","0.00","0.00","0.00","0.00","0.00","0.00","0.00","0.00","0.000000","0.00","0.00","1905.67","0.00","0.00","0.00","0.00","1905.67","1.000000","0.00","0.00","0.00","0.00","0.00","468.83","0.00","468.83","1.000000","0.00","0.00","3.58","0.00","0.00","0.00","10.10","13.68","1.000000","1909.25","0.00","0.00","468.83","10.10","2388.18","1.000000","0.00","0.00"
"Duxbury","1006.41","0.00","0.00","0.00","0.00","1006.41","1.000000","0.00","0.00","921.15","0.00","0.00","921.15","1.000000","0.00","0.00","8.13","7.95","8.25","24.33","1.000000","1006.41","0.00","929.28","7.95","8.25","1951.89","1.000000","0.00","0.00","0.00","0.00","0.00","0.00","0.000000","0.00","0.00","0.00","0.00","0.00","0.00","0.00","0.00","0.000000","0.00","0.00","0.00","0.00","0.00","0.00","0.00","0.00","0.00","0.00","0.00","0.00","0.00","0.00","0.000000","0.00","0.00","1006.41","0.00","0.00","0.00","0.00","1006.41","1.000000","0.00","0.00","0.00","0.00","921.15","0.00","0.00","921.15","1.000000","0.00","0.00","0.00","0.00","8.13","7.95","8.25","24.33","1.000000","1006.41","0.00","929.28","7.95","8.25","1951.89","1.000000","0.00","0.00"
"East.Bridgewater","2089.45","0.00","0.00","0.00","0.00","2089.45","1.000000","0.00","0.00","656.82","753.38","0.00","1410.20","1.000000","0.00","0.00","0.00","0.00","0.00","0.00","0.000000","2089.45","0.00","656.82","753.38","(331.11)","3168.54","1.000000","0.00","0.00","0.00","0.00","0.00","0.00","0.000000","0.00","0.00","0.00","0.00","0.00","0.00","0.00","0.00","0.000000","0.00","0.00","0.00","0.00","0.00","0.00","0.00","0.00","0.00","0.00","0.00","0.00","0.00","0.00","0.000000","0.00","0.00","2089.45","0.00","0.00","0.00","0.00","2089.45","1.000000","0.00","0.00","0.00","0.00","656.82","753.38","0.00","1410.20","1.000000","0.00","0.00","0.00","0.00","0.00","0.00","0.00","0.00","1.000000","2089.45","0.00","656.82","753.38","(331.11)","3168.54","1.000000","0.00","0.00"
"East.Brookfield","2108.68","0.00","0.00","0.00","0.00","2108.68","1.000000","0.00","0.00","0.00","946.58","0.00","946.58","1.000000","0.00","0.00","0.00","0.00","0.00","0.00","0.000000","2108.68","0.00","0.00","946.58","(11.06)","3044.20","1.000000","0.00","0.00","0.00","0.00","0.00","0.00","0.000000","0.00","0.00","0.00","0.00","0.00","0.00","0.00","0.00","0.000000","0.00","0.00","0.00","0.00","0.00","0.00","0.00","0.00","0.00","0.00","0.00","0.00","0.00","0.00","0.000000","0.00","0.00","2108.68","0.00","0.00","0.00","0.00","2108.68","1.000000","0.00","0.00","0.00","0.00","0.00","946.58","0.00","946.58","1.000000","0.00","0.00","0.00","0.00","0.00","0.00","0.00","0.00","1.000000","2108.68","0.00","0.00","946.58","(11.06)","3044.20","1.000000","0.00","0.00"
"East.Longmeadow","0.00","0.00","0.00","0.00","0.00","0.00","0.000000","0.00","0.00","1303.76","0.00","0.00","1303.76","1.000000","0.00","0.00","0.00","0.00","0.00","0.00","0.000000","0.00","0.00","1303.76","0.00","0.00","1303.76","1.000000","0.00","0.00","0.00","0.00","0.00","0.00","0.000000","0.00","0.00","0.00","0.00","0.00","0.00","0.00","0.00","0.000000","0.00","0.00","0.00","0.00","0.00","0.00","0.00","0.00","0.00","0.00","0.00","0.00","0.00","0.00","0.000000","0.00","0.00","0.00","0.00","0.00","0.00","0.00","0.00","1.000000","0.00","0.00","0.00","0.00","1303.76","0.00","0.00","1303.76","1.000000","0.00","0.00","0.00","0.00","0.00","0.00","0.00","0.00","1.000000","0.00","0.00","1303.76","0.00","0.00","1303.76","1.000000","0.00","0.00"
"Eastham","2881.93","0.00","0.00","0.00","0.00","2881.93","1.000000","0.00","0.00","1847.86","1614.49","0.00","3462.35","1.000000","0.00","0.00","0.00","19.44","27.02","46.46","1.000000","2881.93","0.00","1847.86","1633.93","27.02","6390.74","1.000000","0.00","0.00","0.00","0.00","0.00","0.00","0.000000","0.00","0.00","0.00","0.00","0.00","0.00","0.00","0.00","0.000000","0.00","0.00","0.00","0.00","0.00","0.00","0.00","0.00","0.00","0.00","0.00","0.00","0.00","0.00","0.000000","0.00","0.00","2881.93","0.00","0.00","0.00","0.00","2881.93","1.000000","0.00","0.00","0.00","0.00","1847.86","1614.49","0.00","3462.35","1.000000","0.00","0.00","0.00","0.00","0.00","19.44","27.02","46.46","1.000000","2881.93","0.00","1847.86","1633.93","27.02","6390.74","1.000000","0.00","0.00"
"Easthampton","0.00","0.00","0.00","0.00","0.00","0.00","0.000000","0.00","0.00","2013.93","1849.99","0.00","3863.92","1.000000","0.00","0.00","0.00","8.28","16.44","24.72","1.000000","0.00","0.00","2013.93","1858.27","16.44","3888.64","1.000000","0.00","0.00","0.00","0.00","0.00","0.00","0.000000","0.00","0.00","0.00","0.00","0.00","0.00","0.00","0.00","0.000000","0.00","0.00","0.00","0.00","0.00","0.00","0.00","0.00","0.00","0.00","0.00","0.00","0.00","0.00","0.000000","0.00","0.00","0.00","0.00","0.00","0.00","0.00","0.00","1.000000","0.00","0.00","0.00","0.00","2013.93","1849.99","0.00","3863.92","1.000000","0.00","0.00","0.00","0.00","0.00","8.28","16.44","24.72","1.000000","0.00","0.00","2013.93","1858.27","16.44","3888.64","1.000000","0.00","0.00"
"Easton","3208.63","0.00","0.00","0.00","0.00","3208.63","1.000000","0.00","0.00","2327.56","2087.68","0.00","4415.24","1.000000","0.00","0.61","26.85","23.64","33.40","84.50","1.000000","3208.63","0.61","2354.41","2111.32","33.40","7708.37","1.000000","0.00","0.00","0.00","0.00","0.00","0.00","0.000000","0.00","0.00","0.00","0.00","0.00","0.00","0.00","0.00","0.000000","0.00","0.00","0.00","0.00","0.00","0.00","0.00","0.00","0.00","0.00","0.00","0.00","0.00","0.00","0.000000","0.00","0.00","3208.63","0.00","0.00","0.00","0.00","3208.63","1.000000","0.00","0.00","0.00","0.00","2327.56","2087.68","0.00","4415.24","1.000000","0.00","0.00","0.00","0.61","26.85","23.64","33.40","84.50","1.000000","3208.63","0.61","2354.41","2111.32","33.40","7708.37","1.000000","0.00","0.00"
"Edgartown","902.93","0.00","0.00","0.00","0.00","902.93","1.000000","0.00","0.00","2569.64","2327.56","0.00","4897.20","1.000000","3.00","2.71","6.16","15.10","24.75","51.72","1.000000","905.93","2.71","2575.80","2342.66","24.75","5851.85","1.000000","0.00","0.00","0.00","0.00","0.00","0.00","0.000000","0.00","0.00","0.00","0.00","0.00","0.00","0.00","0.00","0.000000","0.00","0.00","0.00","0.00","0.00","0.00","0.00","0.00","0.00","0.00","0.00","0.00","0.00","0.00","0.000000","0.00","0.00","902.93","0.00","0.00","0.00","0.00","902.93","1.000000","0.00","0.00","0.00","0.00","2569.64","2327.56","0.00","4897.20","1.000000","0.00","0.00","3.00","2.71","6.16","15.10","24.75","51.72","1.000000","905.93","2.71","2575.80","2342.66","24.75","5851.85","1.000000","0.00","0.00"
"Egremont","230.77","0.00","0.00","0.00","0.00","230.77","1.000000","0.00","0.00","247.53","2569.64","0.00","2817.17","1.000000","1.06","0.96","2.46","1.98","0.00","6.46","1.000000","231.83","0.96","249.99","2571.62","0.00","3054.40","1.000000","0.00","0.00","0.00","0.00","0.00","0.00","0.000000","0.00","0.00","0.00","0.00","0.00","0.00","0.00","0.00","0.000000","0.00","0.00","0.00","0.00","0.00","0.00","0.00","0.00","0.00","0.00","0.00","0.00","0.00","0.00","0.000000","0.00","0.00","230.77","0.00","0.00","0.00","0.00","230.77","1.000000","0.00","0.00","0.00","0.00","247.53","2569.64","0.00","2817.17","1.000000","0.00","0.00","1.06","0.96","2.46","1.98","0.00","6.46","1.000000","231.83","0.96","249.99","2571.62","0.00","3054.40","1.000000","0.00","0.00"
"Erving","718.30","0.00","0.00","0.00","0.00","718.30","1.000000","0.00","0.00","469.87","227.41","0.00","697.28","1.000000","2.55","2.30","4.27","0.00","6.05","15.17","1.000000","720.85","2.30","474.14","227.41","6.05","1430.75","1.000000","0.00","0.00","0.00","0.00","0.00","0.00","0.000000","0.00","0.00","0.00","0.00","0.00","0.00","0.00","0.00","0.000000","0.00","0.00","0.00","0.00","0.00","0.00","0.00","0.00","0.00","0.00","0.00","0.00","0.00","0.00","0.000000","0.00","0.00","718.30","0.00","0.00","0.00","0.00","718.30","1.000000","0.00","0.00","0.00","0.00","469.87","227.41","0.00","697.28","1.000000","0.00","0.00","2.55","2.30","4.27","0.00","6.05","15.17","1.000000","720.85","2.30","474.14","227.41","6.05","1430.75","1.000000","0.00","0.00"
"Essex","2166.29","0.00","0.00","0.00","0.00","2166.29","1.000000","0.00","0.00","0.00","468.41","0.00","468.41","1.000000","4.05","2.91","0.00","0.00","5.16","12.12","1.000000","2170.34","2.91","0.00","468.41","5.16","2646.82","1.000000","0.00","0.00","0.00","0.00","0.00","0.00","0.000000","0.00","0.00","0.00","0.00","0.00","0.00","0.00","0.00","0.000000","0.00","0.00","0.00","0.00","0.00","0.00","0.00","0.00","0.00","0.00","0.00","0.00","0.00","0.00","0.000000","0.00","0.00","2166.29","0.00","0.00","0.00","0.00","2166.29","1.000000","0.00","0.00","0.00","0.00","0.00","468.41","0.00","468.41","1.000000","0.00","0.00","4.05","2.91","0.00","0.00","5.16","12.12","1.000000","2170.34","2.91","0.00","468.41","5.16","2646.82","1.000000","0.00","0.00"
"Everett","761.33","0.00","0.00","0.00","0.00","761.33","1.000000","0.00","0.00","903.85","0.00","0.00","903.85","1.000000","0.00","0.00","0.00","2.59","7.91","10.50","1.000000","761.33","0.00","903.85","2.59","7.91","1675.68","1.000000","0.00","0.00","0.00","0.00","0.00","0.00","0.000000","0.00","0.00","0.00","0.00","0.00","0.00","0.00","0.00","0.000000","0.00","0.00","0.00","0.00","0.00","0.00","0.00","0.00","0.00","0.00","0.00","0.00","0.00","0.00","0.000000","0.00","0.00","761.33","0.00","0.00","0.00","0.00","761.33","1.000000","0.00","0.00","0.00","0.00","903.85","0.00","0.00","903.85","1.000000","0.00","0.00","0.00","0.00","0.00","2.59","7.91","10.50","1.000000","761.33","0.00","903.85","2.59","7.91","1675.68","1.000000","0.00","0.00"
"Fairhaven","2307.07","0.00","0.00","0.00","0.00","2307.07","1.000000","0.00","0.00","1150.07","921.15","0.00","2071.22","1.000000","0.00","0.00","1.81","15.02","18.66","35.49","1.000000","2307.07","0.00","1151.88","936.17","18.66","4413.78","1.000000","0.00","0.00","0.00","0.00","0.00","0.00","0.000000","0.00","0.00","0.00","0.00","0.00","0.00","0.00","0.00","0.000000","0.00","0.00","0.00","0.00","0.00","0.00","0.00","0.00","0.00","0.00","0.00","0.00","0.00","0.00","0.000000","0.00","0.00","2307.07","0.00","0.00","0.00","0.00","2307.07","1.000000","0.00","0.00","0.00","0.00","1150.07","921.15","0.00","2071.22","1.000000","0.00","0.00","0.00","0.00","1.81","15.02","18.66","35.49","1.000000","2307.07","0.00","1151.88","936.17","18.66","4413.78","1.000000","0.00","0.00"
"Fall River","5171.88","0.00","0.00","0.00","0.00","5171.88","1.000000","0.00","0.00","0.00","1150.07","0.00","1150.07","1.000000","12.14","7.93","32.55","21.47","27.16","101.25","1.000000","5184.02","7.93","32.55","1171.54","27.16","6423.20","1.000000","0.00","0.00","0.00","0.00","0.00","0.00","0.000000","0.00","0.00","0.00","0.00","0.00","0.00","0.00","0.00","0.000000","0.00","0.00","0.00","0.00","0.00","0.00","0.00","0.00","0.00","0.00","0.00","0.00","0.00","0.00","0.000000","0.00","0.00","5171.88","0.00","0.00","0.00","0.00","5171.88","1.000000","0.00","0.00","0.00","0.00","0.00","1150.07","0.00","1150.07","1.000000","0.00","0.00","12.14","7.93","32.55","21.47","27.16","101.25","1.000000","5184.02","7.93","32.55","1171.54","27.16","6423.20","1.000000","0.00","0.00"
"Falmouth","5415.80","0.00","0.00","0.00","0.00","5415.80","1.000000","0.00","0.00","1614.49","0.00","0.00","1614.49","1.000000","10.58","11.38","33.28","29.12","5.16","89.52","1.000000","5426.38","11.38","1647.77","29.12","5.16","7119.81","1.000000","0.00","0.00","0.00","0.00","0.00","0.00","0.000000","0.00","0.00","0.00","0.00","0.00","0.00","0.00","0.00","0.000000","0.00","0.00","0.00","0.00","0.00","0.00","0.00","0.00","0.00","0.00","0.00","0.00","0.00","0.00","0.000000","0.00","0.00","5415.80","0.00","0.00","0.00","0.00","5415.80","1.000000","0.00","0.00","0.00","0.00","1614.49","0.00","0.00","1614.49","1.000000","0.00","0.00","10.58","11.38","33.28","29.12","5.16","89.52","1.000000","5426.38","11.38","1647.77","29.12","5.16","7119.81","1.000000","0.00","0.00"
"Fitchburg","836.04","0.00","0.00","0.00","0.00","836.04","1.000000","0.00","0.00","0.00","1592.91","0.00","1592.91","0.485202","0.00","0.00","6.76","0.00","10.34","17.10","1.000000","836.04","0.00","6.76","1592.91","10.34","2446.05","0.591388","0.00","0.00","0.00","0.00","0.00","0.00","0.000000","0.00","0.00","0.00","0.00","1690.07","0.00","0.00","1690.07","0.514798","0.00","0.00","0.00","0.00","0.00","0.00","0.00","0.00","0.00","0.00","1690.07","0.00","0.00","1690.07","0.408612","0.00","0.00","836.04","0.00","0.00","0.00","0.00","836.04","1.000000","0.00","0.00","0.00","0.00","1690.07","1592.91","0.00","3282.98","1.000000","0.00","0.00","0.00","0.00","6.76","0.00","10.34","17.10","1.000000","836.04","0.00","1696.83","1592.91","10.34","4136.12","1.000000","0.00","0.00"
"Florida","396.21","0.00","0.00","0.00","0.00","396.21","1.000000","0.00","0.00","2065.21","1849.99","0.00","3915.20","1.000000","2.53","2.28","0.00","10.95","19.22","34.98","1.000000","398.74","2.28","2065.21","1860.94","19.22","4346.39","1.000000","0.00","0.00","0.00","0.00","0.00","0.00","0.000000","0.00","0.00","0.00","0.00","0.00","0.00","0.00","0.00","0.000000","0.00","0.00","0.00","0.00","0.00","0.00","0.00","0.00","0.00","0.00","0.00","0.00","0.00","0.00","0.000000","0.00","0.00","396.21","0.00","0.00","0.00","0.00","396.21","1.000000","0.00","0.00","0.00","0.00","2065.21","1849.99","0.00","3915.20","1.000000","0.00","0.00","2.53","2.28","0.00","10.95","19.22","34.98","1.000000","398.74","2.28","2065.21","1860.94","19.22","4346.39","1.000000","0.00","0.00"
"Foxborough","2809.50","0.00","0.00","0.00","0.00","2809.50","0.906600","0.00","0.00","2325.25","2087.68","0.00","4412.93","1.000000","0.00","0.00","0.00","21.10","130.90","152.00","1.000000","2809.50","0.00","2325.25","2108.78","130.90","7374.43","0.962233","289.44","0.00","0.00","0.00","0.00","289.44","0.093400","0.00","0.00","0.00","0.00","0.00","0.00","0.00","0.00","0.000000","0.00","0.00","0.012","0.00","0.00","0.00","0.00","0.012","289.44","0.00","0.00","0.00","0.00","289.44","0.037767","0.00","0.00","3098.94","0.00","0.00","0.00","0.00","3098.94","1.000000","0.00","0.00","0.00","0.00","2325.25","2087.68","0.00","4412.93","1.000000","0.00","0.00","0.00","0.00","0.00","21.10","130.90","152.00","1.000000","3098.94","0.00","2325.25","2108.78","130.90","7663.87","1.000000","0.00","0.00"
"Framingham","335.44","0.00","0.00","0.00","0.00","335.44","1.000000","0.00","0.00","2569.64","2327.56","0.00","4897.20","1.000000","0.00","0.90","1.82","113.11","42.70","158.53","1.000000","335.44","0.90","2571.46","2440.67","42.70","5391.17","1.000000","0.00","0.00","0.00","0.00","0.00","0.00","0.000000","0.00","0.00","0.00","0.00","0.00","0.00","0.00","0.00","0.000000","0.00","0.00","0.00","0.00","0.00","0.00","0.00","0.00","0.00","0.00","0.00","0.00","0.00","0.00","0.000000","0.00","0.00","335.44","0.00","0.00","0.00","0.00","335.44","1.000000","0.00","0.00","0.00","0.00","2569.64","2327.56","0.00","4897.20","1.000000","0.00","0.00","0.00","0.90","1.82","113.11","42.70","158.53","1.000000","335.44","0.90","2571.46","2440.67","42.70","5391.17","1.000000","0.00","0.00"
"Franklin","576.27","0.00","0.00","0.00","0.00","576.27","1.000000","0.00","0.00","247.53","2569.64","0.00","2817.17","1.000000","1.46","1.32","105.49","23.82","8.91","141.00","1.000000","577.73","1.32","353.02","2593.46","8.91","3534.44","1.000000","0.00","0.00","0.00","0.00","0.00","0.00","0.000000","0.00","0.00","0.00","0.00","0.00","0.00","0.00","0.00","0.000000","0.00","0.00","0.00","0.00","0.00","0.00","0.00","0.00","0.00","0.00","0.00","0.00","0.00","0.00","0.000000","0.00","0.00","576.27","0.00","0.00","0.00","0.00","576.27","1.000000","0.00","0.00","0.00","0.00","247.53","2569.64","0.00","2817.17","1.000000","0.00","0.00","1.46","1.32","105.49","23.82","8.91","141.00","1.000000","577.73","1.32","353.02","2593.46","8.91","3534.44","1.000000","0.00","0.00"
"Freetown","1026.58","0.00","0.00","0.00","0.00","1026.58","1.000000","0.00","0.00","469.87","247.53","0.00","717.40","1.000000","2.90","105.83","26.14","1.65","0.00","136.52","1.000000","1029.48","105.83","496.01","249.18","0.00","1880.50","1.000000","0.00","0.00","0.00","0.00","0.00","0.00","0.000000","0.00","0.00","0.00","0.00","0.00","0.00","0.00","0.00","0.000000","0.00","0.00","0.00","0.00","0.00","0.00","0.00","0.00","0.00","0.00","0.00","0.00","0.00","0.00","0.000000","0.00","0.00","1026.58","0.00","0.00","0.00","0.00","1026.58","1.000000","0.00","0.00","0.00","0.00","469.87","247.53","0.00","717.40","1.000000","0.00","0.00","2.90","105.83","26.14","1.65","0.00","136.52","1.000000","1029.48","105.83","496.01","249.18","0.00","1880.50","1.000000","0.00","0.00"
"Gardner","934.14","0.00","0.00","0.00","0.00","934.14","1.000000","0.00","0.00","0.00","450.05","0.00","450.05","1.000000","106.05","21.73","4.37","0.00","7.31","139.46","1.000000","1040.19","21.73","4.37","450.05","7.31","1523.65","1.000000","0.00","0.00","0.00","0.00","0.00","0.00","0.000000","0.00","0.00","0.00","0.00","0.00","0.00","0.00","0.00","0.000000","0.00","0.00","0.00","0.00","0.00","0.00","0.00","0.00","0.00","0.00","0.00","0.00","0.00","0.00","0.000000","0.00","0.00","934.14","0.00","0.00","0.00","0.00","934.14","1.000000","0.00","0.00","0.00","0.00","0.00","450.05","0.00","450.05","1.000000","0.00","0.00","106.05","21.73","4.37","0.00","7.31","139.46","1.000000","1040.19","21.73","4.37","450.05","7.31","1523.65","1.000000","0.00","0.00"
"Georgetown","246.41","0.00","0.00","0.00","0.00","246.41","1.000000","0.00","0.00","899.77","0.00","0.00","899.77","1.000000","0.00","0.00","0.00","5.55","4.89","10.44","1.000000","246.41","0.00","899.77","5.55","4.89","1156.62","1.000000","0.00","0.00","0.00","0.00","0.00","0.00","0.000000","0.00","0.00","0.00","0.00","0.00","0.00","0.00","0.00","0.000000","0.00","0.00","0.00","0.00","0.00","0.00","0.00","0.00","0.00","0.00","0.00","0.00","0.00","0.00","0.000000","0.00","0.00","246.41","0.00","0.00","0.00","0.00","246.41","1.000000","0.00","0.00","0.00","0.00","899.77","0.00","0.00","899.77","1.000000","0.00","0.00","0.00","0.00","0.00","5.55","4.89","10.44","1.000000","246.41","0.00","899.77","5.55","4.89","1156.62","1.000000","0.00","0.00"
"Gill","595.62","0.00","0.00","0.00","0.00","595.62","1.000000","0.00","0.00","1131.54","921.15","0.00","2052.69","1.000000","1.38","0.00","0.00","7.10","11.28","19.76","1.000000","597.00","0.00","1131.54","928.25","11.28","2668.07","1.000000","0.00","0.00","0.00","0.00","0.00","0.00","0.000000","0.00","0.00","0.00","0.00","0.00","0.00","0.00","0.00","0.000000","0.00","0.00","0.00","0.00","0.00","0.00","0.00","0.00","0.00","0.00","0.00","0.00","0.00","0.00","0.000000","0.00","0.00","595.62","0.00","0.00","0.00","0.00","595.62","1.000000","0.00","0.00","0.00","0.00","1131.54","921.15","0.00","2052.69","1.000000","0.00","0.00","1.38","0.00","0.00","7.10","11.28","19.76","1.000000","597.00","0.00","1131.54","928.25","11.28","2668.07","1.000000","0.00","0.00"
"Gloucester","1494.22","0.00","0.00","0.00","0.00","1494.22","1.000000","0.00","0.00","0.00","1150.07","0.00","1150.07","1.000000","0.00","3.53","9.35","6.19","11.31","30.38","1.000000","1494.22","3.53","9.35","1156.26","11.31","2674.67","1.000000","0.00","0.00","0.00","0.00","0.00","0.00","0.000000","0.00","0.00","0.00","0.00","0.00","0.00","0.00","0.00","0.000000","0.00","0.00","0.00","0.00","0.00","0.00","0.00","0.00","0.00","0.00","0.00","0.00","0.00","0.00","0.000000","0.00","0.00","1494.22","0.00","0.00","0.00","0.00","1494.22","1.000000","0.00","0.00","0.00","0.00","0.00","1150.07","0.00","1150.07","1.000000","0.00","0.00","0.00","3.53","9.35","6.19","11.31","30.38","1.000000","1494.22","3.53","9.35","1156.26","11.31","2674.67","1.000000","0.00","0.00"
"Goshen","1757.37","0.00","0.00","0.00","0.00","1757.37","1.000000","0.00","0.00","1614.49","0.00","0.00","1614.49","1.000000","4.43","3.21","11.05","13.93","14.46","47.08","1.000000","1761.80","3.21","1625.54","13.93","14.46","3418.94","1.000000","0.00","0.00","0.00","0.00","0.00","0.00","0.000000","0.00","0.00","0.00","0.00","0.00","0.00","0.00","0.00","0.000000","0.00","0.00","0.00","0.00","0.00","0.00","0.00","0.00","0.00","0.00","0.00","0.00","0.00","0.00","0.000000","0.00","0.00","1757.37","0.00","0.00","0.00","0.00","1757.37","1.000000","0.00","0.00","0.00","0.00","1614.49","0.00","0.00","1614.49","1.000000","0.00","0.00","4.43","3.21","11.05","13.93","14.46","47.08","1.000000","1761.80","3.21","1625.54","13.93","14.46","3418.94","1.000000","0.00","0.00"
"Gosnold","625.71","0.00","0.00","0.00","0.00","625.71","1.000000","0.00","0.00","1849.99","1614.49","0.00","3464.48","1.000000","0.00","0.00","6.75","11.06","0.00","17.81","1.000000","625.71","0.00","1856.74","1625.55","0.00","4108.00","1.000000","0.00","0.00","0.00","0.00","0.00","0.00","0.000000","0.00","0.00","0.00","0.00","0.00","0.00","0.00","0.00","0.000000","0.00","0.00","0.00","0.00","0.00","0.00","0.00","0.00","0.00","0.00","0.00","0.00","0.00","0.00","0.000000","0.00","0.00","625.71","0.00","0.00","0.00","0.00","625.71","1.000000","0.00","0.00","0.00","0.00","1849.99","1614.49","0.00","3464.48","1.000000","0.00","0.00","0.00","0.00","6.75","11.06","0.00","17.81","1.000000","625.71","0.00","1856.74","1625.55","0.00","4108.00","1.000000","0.00","0.00"
"Grafton","1084.04","0.00","0.00","0.00","0.00","1084.04","1.000000","0.00","0.00","2087.68","1838.91","0.00","3926.59","1.000000","5.50","4.96","5.56","0.00","21.35","37.37","1.000000","1089.54","4.96","2093.24","1838.91","21.35","5048.00","1.000000","0.00","0.00","0.00","0.00","0.00","0.00","0.000000","0.00","0.00","0.00","0.00","0.00","0.00","0.00","0.00","0.000000","0.00","0.00","0.00","0.00","0.00","0.00","0.00","0.00","0.00","0.00","0.00","0.00","0.00","0.00","0.000000","0.00","0.00","1084.04","0.00","0.00","0.00","0.00","1084.04","1.000000","0.00","0.00","0.00","0.00","2087.68","1838.91","0.00","3926.59","1.000000","0.00","0.00","5.50","4.96","5.56","0.00","21.35","37.37","1.000000","1089.54","4.96","2093.24","1838.91","21.35","5048.00","1.000000","0.00","0.00"
"Granby","1209.89","0.00","0.00","0.00","0.00","1209.89","1.000000","0.00","0.00","2313.53","2087.68","0.00","4401.21","1.000000","0.00","0.48","0.00","14.48","17.83","32.79","1.000000","1209.89","0.48","2313.53","2102.16","17.83","5643.89","1.000000","0.00","0.00","0.00","0.00","0.00","0.00","0.000000","0.00","0.00","0.00","0.00","0.00","0.00","0.00","0.00","0.000000","0.00","0.00","0.00","0.00","0.00","0.00","0.00","0.00","0.00","0.00","0.00","0.00","0.00","0.00","0.000000","0.00","0.00","1209.89","0.00","0.00","0.00","0.00","1209.89","1.000000","0.00","0.00","0.00","0.00","2313.53","2087.68","0.00","4401.21","1.000000","0.00","0.00","0.00","0.48","0.00","14.48","17.83","32.79","1.000000","1209.89","0.48","2313.53","2102.16","17.83","5643.89","1.000000","0.00","0.00"
"Granville","147.81","0.00","0.00","0.00","0.00","147.81","1.000000","0.00","0.00","2546.64","2327.56","0.00","4874.20","1.000000","0.99","0.00","0.00","6.03","21.36","28.38","1.000000","148.80","0.00","2546.64","2333.59","21.36","5050.39","1.000000","0.00","0.00","0.00","0.00","0.00","0.00","0.000000","0.00","0.00","0.00","0.00","0.00","0.00","0.00","0.00","0.000000","0.00","0.00","0.00","0.00","0.00","0.00","0.00","0.00","0.00","0.00","0.00","0.00","0.00","0.00","0.000000","0.00","0.00","147.81","0.00","0.00","0.00","0.00","147.81","1.000000","0.00","0.00","0.00","0.00","2546.64","2327.56","0.00","4874.20","1.000000","0.00","0.00","0.99","0.00","0.00","6.03","21.36","28.38","1.000000","148.80","0.00","2546.64","2333.59","21.36","5050.39","1.000000","0.00","0.00"
"Great Barrington","340.33","0.00","0.00","0.00","0.00","340.33","1.000000","0.00","0.00","245.74","2569.64","0.00","2815.38","1.000000","0.00","0.50","0.00","2.41","13.41","16.32","1.000000","340.33","0.50","245.74","2572.05","13.41","3172.03","1.000000","0.00","0.00","0.00","0.00","0.00","0.00","0.000000","0.00","0.00","0.00","0.00","0.00","0.00","0.00","0.00","0.000000","0.00","0.00","0.00","0.00","0.00","0.00","0.00","0.00","0.00","0.00","0.00","0.00","0.00","0.00","0.000000","0.00","0.00","340.33","0.00","0.00","0.00","0.00","340.33","1.000000","0.00","0.00","0.00","0.00","245.74","2569.64","0.00","2815.38","1.000000","0.00","0.00","0.00","0.50","0.00","2.41","13.41","16.32","1.000000","340.33","0.50","245.74","2572.05","13.41","3172.03","1.000000","0.00","0.00"
"Greenfield","256.32","342.02","0.00","0.00","0.00","598.34","1.000000","0.00","0.00","469.87","247.53","0.00","717.40","1.000000","2.00","0.00","3.47","5.29","6.54","17.30","1.000000","258.32","342.02","473.34","252.82","6.54","1333.04","1.000000","0.00","0.00","0.00","0.00","0.00","0.00","0.000000","0.00","0.00","0.00","0.00","0.00","0.00","0.00","0.00","0.000000","0.00","0.00","0.00","0.00","0.00","0.00","0.00","0.00","0.00","0.00","0.00","0.00","0.00","0.00","0.000000","0.00","0.00","256.32","342.02","0.00","0.00","0.00","598.34","1.000000","0.00","0.00","0.00","0.00","469.87","247.53","0.00","717.40","1.000000","0.00","0.00","2.00","0.00","3.47","5.29","6.54","17.30","1.000000","258.32","342.02","473.34","252.82","6.54","1333.04","1.000000","0.00","0.00"
"Groton","239.88","684.46","0.00","0.00","0.00","924.34","1.000000","0.00","0.00","0.00","469.87","0.00","469.87","1.000000","0.00","1.65","4.85","4.71","0.00","11.21","1.000000","239.88","686.11","4.85","474.58","0.00","1405.42","1.000000","0.00","0.00","0.00","0.00","0.00","0.00","0.000000","0.00","0.00","0.00","0.00","0.00","0.00","0.00","0.00","0.000000","0.00","0.00","0.00","0.00","0.00","0.00","0.00","0.00","0.00","0.00","0.00","0.00","0.00","0.00","0.000000","0.00","0.00","239.88","684.46","0.00","0.00","0.00","924.34","1.000000","0.00","0.00","0.00","0.00","0.00","469.87","0.00","469.87","1.000000","0.00","0.00","0.00","1.65","4.85","4.71","0.00","11.21","1.000000","239.88","686.11","4.85","474.58","0.00","1405.42","1.000000","0.00","0.00"
"Groveland","0.00","237.92","0.00","0.00","0.00","237.92","1.000000","0.00","0.00","921.15","0.00","0.00","921.15","1.000000","0.00","0.00","1.93","0.00","0.00","1.93","1.000000","0.00","237.92","923.08","0.00","0.00","1161.00","1.000000","0.00","0.00","0.00","0.00","0.00","0.00","0.000000","0.00","0.00","0.00","0.00","0.00","0.00","0.00","0.00","0.000000","0.00","0.00","0.00","0.00","0.00","0.00","0.00","0.00","0.00","0.00","0.00","0.00","0.00","0.00","0.000000","0.00","0.00","0.00","237.92","0.00","0.00","0.00","237.92","1.000000","0.00","0.00","0.00","0.00","921.15","0.00","0.00","921.15","1.000000","0.00","0.00","0.00","0.00","1.93","0.00","0.00","1.93","1.000000","0.00","237.92","923.08","0.00","0.00","1161.00","1.000000","0.00","0.00"
"Hadley","399.24","0.00","0.00","0.00","0.00","399.24","1.000000","0.00","0.00","1021.04","889.07","0.00","1910.11","1.000000","3.28","2.84","0.00","6.12","9.99","22.23","1.000000","402.52","2.84","1021.04","895.19","9.99","2331.58","1.000000","0.00","0.00","0.00","0.00","0.00","0.00","0.000000","0.00","0.00","0.00","0.00","0.00","0.00","0.00","0.00","0.000000","0.00","0.00","0.00","0.00","0.00","0.00","0.00","0.00","0.00","0.00","0.00","0.00","0.00","0.00","0.000000","0.00","0.00","399.24","0.00","0.00","0.00","0.00","399.24","1.000000","0.00","0.00","0.00","0.00","1021.04","889.07","0.00","1910.11","1.000000","0.00","0.00","3.28","2.84","0.00","6.12","9.99","22.23","1.000000","402.52","2.84","1021.04","895.19","9.99","2331.58","1.000000","0.00","0.00"
"Halifax","512.33","780.01","0.00","0.00","0.00","1292.34","1.000000","0.00","0.00","0.00","993.85","0.00","993.85","1.000000","3.78","0.00","5.93","5.61","9.91","25.23","1.000000","516.11","780.01","5.93","999.46","9.91","2311.42","1.000000","0.00","0.00","0.00","0.00","0.00","0.00","0.000000","0.00","0.00","0.00","0.00","0.00","0.00","0.00","0.00","0.000000","0.00","0.00","0.00","0.00","0.00","0.00","0.00","0.00","0.00","0.00","0.00","0.00","0.00","0.00","0.000000","0.00","0.00","512.33","780.01","0.00","0.00","0.00","1292.34","1.000000","0.00","0.00","0.00","0.00","0.00","993.85","0.00","993.85","1.000000","0.00","0.00","3.78","0.00","5.93","5.61","9.91","25.23","1.000000","516.11","780.01","5.93","999.46","9.91","2311.42","1.000000","0.00","0.00"
"Hamilton","606.66","904.32","0.00","0.00","0.00","1510.98","1.000000","0.00","0.00","1614.49","0.00","0.00","1614.49","1.000000","0.00","0.00","7.35","13.77","14.29","35.41","1.000000","606.66","904.32","1621.84","13.77","14.29","3160.88","1.000000","0.00","0.00","0.00","0.00","0.00","0.00","0.000000","0.00","0.00","0.00","0.00","0.00","0.00","0.00","0.00","0.000000","0.00","0.00","0.00","0.00","0.00","0.00","0.00","0.00","0.00","0.00","0.00","0.00","0.00","0.00","0.000000","0.00","0.00","606.66","904.32","0.00","0.00","0.00","1510.98","1.000000","0.00","0.00","0.00","0.00","1614.49","0.00","0.00","1614.49","1.000000","0.00","0.00","0.00","0.00","7.35","13.77","14.29","35.41","1.000000","606.66","904.32","1621.84","13.77","14.29","3160.88","1.000000","0.00","0.00"
"Hampden","0.00","824.78","0.00","0.00","0.00","824.78","1.000000","0.00","0.00","1849.99","1614.49","0.00","3464.48","1.000000","0.00","0.00","4.44","11.91","12.22","28.57","1.000000","0.00","824.78","1854.43","1626.40","12.22","4317.83","1.000000","0.00","0.00","0.00","0.00","0.00","0.00","0.000000","0.00","0.00","0.00","0.00","0.00","0.00","0.00","0.00","0.000000","0.00","0.00","0.00","0.00","0.00","0.00","0.00","0.00","0.00","0.00","0.00","0.00","0.00","0.00","0.000000","0.00","0.00","0.00","824.78","0.00","0.00","0.00","824.78","1.000000","0.00","0.00","0.00","0.00","1849.99","1614.49","0.00","3464.48","1.000000","0.00","0.00","0.00","0.00","4.44","11.91","12.22","28.57","1.000000","0.00","824.78","1854.43","1626.40","12.22","4317.83","1.000000","0.00","0.00"
"Hancock","967.17","0.00","0.00","0.00","0.00","967.17","1.000000","0.00","0.00","2087.68","1849.99","0.00","3937.67","1.000000","5.05","4.56","5.11","7.56","0.00","22.28","1.000000","972.22","4.56","2092.79","1857.55","0.00","4927.12","1.000000","0.00","0.00","0.00","0.00","0.00","0.00","0.000000","0.00","0.00","0.00","0.00","0.00","0.00","0.00","0.00","0.000000","0.00","0.00","0.00","0.00","0.00","0.00","0.00","0.00","0.00","0.00","0.00","0.00","0.00","0.00","0.000000","0.00","0.00","967.17","0.00","0.00","0.00","0.00","967.17","1.000000","0.00","0.00","0.00","0.00","2087.68","1849.99","0.00","3937.67","1.000000","0.00","0.00","5.05","4.56","5.11","7.56","0.00","22.28","1.000000","972.22","4.56","2092.79","1857.55","0.00","4927.12","1.000000","0.00","0.00"
"Hanover","0.00","1110.06","0.00","0.00","0.00","1110.06","1.000000","0.00","0.00","2327.56","0.00","0.00","2327.56","0.549631","0.00","0.00","0.67","0.00","3.69","4.36","1.000000","0.00","1110.06","2328.23","0.00","3.69","3441.98","0.643458","0.00","0.00","0.00","0.00","0.00","0.00","0.000000","0.00","0.00","0.00","0.00","0.00","1907.21","0.00","1907.21","0.450369","0.00","0.00","0.00","0.00","0.00","0.00","0.00","0.00","0.00","0.00","0.00","1907.21","0.00","1907.21","0.356542","0.00","0.00","0.00","1110.06","0.00","0.00","0.00","1110.06","1.000000","0.00","0.00","0.00","0.00","2327.56","1907.21","0.00","4234.77","1.000000","0.00","0.00","0.00","0.00","0.67","0.00","3.69","4.36","1.000000","0.00","1110.06","2328.23","1907.21","3.69","5349.19","1.000000","0.00","0.00"
"Hanson","12.72","126.85","0.00","0.00","0.00","139.57","1.000000","0.00","0.00","0.00","2303.71","0.00","2303.71","0.495293","1.00","0.00","0.00","0.00","10.38","11.38","1.000000","13.72","126.85","0.00","2303.71","10.38","2454.66","0.511157","0.00","0.00","0.00","0.00","0.00","0.00","0.000000","0.00","0.00","0.00","0.00","2347.50","0.00","0.00","2347.50","0.504707","0.00","0.00","0.00","0.00","0.00","0.00","0.00","0.00","0.00","0.00","2347.50","0.00","0.00","2347.50","0.488843","0.00","0.00","12.72","126.85","0.00","0.00","0.00","139.57","1.000000","0.00","0.00","0.00","0.00","2347.50","2303.71","0.00","4651.21","1.000000","0.00","0.00","1.00","0.00","0.00","0.00","10.38","11.38","1.000000","13.72","126.85","2347.50","2303.71","10.38","4802.16","1.000000","0.00","0.00"
"Hardwick","0.00","0.00","0.00","0.00","0.00","0.00","0.000000","0.00","0.00","120.18","0.00","2569.64","2689.82","1.000000","0.00","0.00","0.00","1.41","1.47","2.88","1.000000","0.00","0.00","120.18","1.41","2571.11","2692.70","0.923742","0.00","222.29","0.00","0.00","0.00","222.29","1.000000","0.00","0.00","0.00","0.00","0.00","0.00","0.00","0.00","0.000000","0.00","0.00","0.00","0.022","0.00","0.00","0.00","0.022","0.00","222.29","0.00","0.00","0.00","222.29","0.076258","0.00","0.00","0.00","222.29","0.00","0.00","0.00","222.29","1.000000","0.00","0.00","0.00","0.00","120.18","0.00","2569.64","2689.82","1.000000","0.00","0.00","0.00","0.00","0.00","1.41","1.47","2.88","1.000000","0.00","222.29","120.18","1.41","2571.11","2914.99","1.000000","0.00","0.00"
"Harvard","0.00","313.60","0.00","0.00","0.00","313.60","0.333578","0.00","0.00","469.87","0.00","124.88","594.75","1.000000","0.00","0.00","1.33","3.23","0.00","4.56","1.000000","0.00","313.60","471.20","3.23","124.88","912.91","0.593022","626.51","0.00","0.00","0.00","0.00","626.51","0.666422","0.00","0.00","0.00","0.00","0.00","0.00","0.00","0.00","0.000000","0.00","0.00","0.062","0.00","0.00","0.00","0.00","0.062","626.51","0.00","0.00","0.00","0.00","626.51","0.406978","0.00","0.00","626.51","313.60","0.00","0.00","0.00","940.11","1.000000","0.00","0.00","0.00","0.00","469.87","0.00","124.88","594.75","1.000000","0.00","0.00","0.00","0.00","1.33","3.23","0.00","4.56","1.000000","626.51","313.60","471.20","3.23","124.88","1539.42","1.000000","0.00","0.00"
"Harwich","445.80","677.42","0.00","0.00","0.00","1123.22","1.000000","0.00","0.00","0.00","0.00","352.33","352.33","1.000000","1.89","1.71","4.79","0.00","0.00","8.39","1.000000","447.69","679.13","4.79","0.00","352.33","1483.94","1.000000","0.00","0.00","0.00","0.00","0.00","0.00","0.000000","0.00","0.00","0.00","0.00","0.00","0.00","0.00","0.00","0.000000","0.00","0.00","0.00","0.00","0.00","0.00","0.00","0.00","0.00","0.00","0.00","0.00","0.00","0.00","0.000000","0.00","0.00","445.80","677.42","0.00","0.00","0.00","1123.22","1.000000","0.00","0.00","0.00","0.00","0.00","0.00","352.33","352.33","1.000000","0.00","0.00","1.89","1.71","4.79","0.00","0.00","8.39","1.000000","447.69","679.13","4.79","0.00","352.33","1483.94","1.000000","0.00","0.00"
"Hatfield","0.00","450.21","0.00","0.00","0.00","450.21","1.000000","0.00","0.00","795.06","0.00","0.00","795.06","1.000000","0.00","0.00","0.00","5.12","0.00","5.12","1.000000","0.00","450.21","795.06","5.12","0.00","1250.39","1.000000","0.00","0.00","0.00","0.00","0.00","0.00","0.000000","0.00","0.00","0.00","0.00","0.00","0.00","0.00","0.00","0.000000","0.00","0.00","0.00","0.00","0.00","0.00","0.00","0.00","0.00","0.00","0.00","0.00","0.00","0.00","0.000000","0.00","0.00","0.00","450.21","0.00","0.00","0.00","450.21","1.000000","0.00","0.00","0.00","0.00","795.06","0.00","0.00","795.06","1.000000","0.00","0.00","0.00","0.00","0.00","5.12","0.00","5.12","1.000000","0.00","450.21","795.06","5.12","0.00","1250.39","1.000000","0.00","0.00"
"Haverhill","771.87","0.00","0.00","0.00","0.00","771.87","1.000000","0.00","0.00","1027.33","0.00","911.17","1938.50","1.000000","3.28","0.00","0.00","0.00","0.00","3.28","1.000000","775.15","0.00","1027.33","0.00","911.17","2713.65","1.000000","0.00","0.00","0.00","0.00","0.00","0.00","0.000000","0.00","0.00","0.00","0.00","0.00","0.00","0.00","0.00","0.000000","0.00","0.00","0.00","0.00","0.00","0.00","0.00","0.00","0.00","0.00","0.00","0.00","0.00","0.00","0.000000","0.00","0.00","771.87","0.00","0.00","0.00","0.00","771.87","1.000000","0.00","0.00","0.00","0.00","1027.33","0.00","911.17","1938.50","1.000000","0.00","0.00","3.28","0.00","0.00","0.00","0.00","3.28","1.000000","775.15","0.00","1027.33","0.00","911.17","2713.65","1.000000","0.00","0.00"
"Hawley","887.68","634.13","0.00","0.00","0.00","1521.81","1.000000","0.00","0.00","0.00","0.00","1138.15","1138.15","1.000000","0.00","0.00","0.00","0.00","0.00","0.00","0.000000","887.68","634.13","0.00","0.00","1008.15","2529.96","1.000000","0.00","0.00","0.00","0.00","0.00","0.00","0.000000","0.00","0.00","0.00","0.00","0.00","0.00","0.00","0.00","0.000000","0.00","0.00","0.00","0.00","0.00","0.00","0.00","0.00","0.00","0.00","0.00","0.00","0.00","0.00","0.000000","0.00","0.00","887.68","634.13","0.00","0.00","0.00","1521.81","1.000000","0.00","0.00","0.00","0.00","0.00","0.00","1138.15","1138.15","1.000000","0.00","0.00","0.00","0.00","0.00","0.00","0.00","0.00","1.000000","887.68","634.13","0.00","0.00","1008.15","2529.96","1.000000","0.00","0.00"
"Heath","737.27","849.40","0.00","0.00","0.00","1586.67","1.000000","0.00","0.00","1614.49","0.00","0.00","1614.49","1.000000","4.11","0.00","7.75","9.10","13.68","34.64","1.000000","741.38","849.40","1622.24","9.10","13.68","3235.80","1.000000","0.00","0.00","0.00","0.00","0.00","0.00","0.000000","0.00","0.00","0.00","0.00","0.00","0.00","0.00","0.00","0.000000","0.00","0.00","0.00","0.00","0.00","0.00","0.00","0.00","0.00","0.00","0.00","0.00","0.00","0.00","0.000000","0.00","0.00","737.27","849.40","0.00","0.00","0.00","1586.67","1.000000","0.00","0.00","0.00","0.00","1614.49","0.00","0.00","1614.49","1.000000","0.00","0.00","4.11","0.00","7.75","9.10","13.68","34.64","1.000000","741.38","849.40","1622.24","9.10","13.68","3235.80","1.000000","0.00","0.00"
"Hingham","0.00","749.64","0.00","0.00","0.00","749.64","1.000000","0.00","0.00","1849.99","0.00","1614.49","3464.48","1.000000","0.00","0.00","0.12","10.68","11.09","21.89","1.000000","0.00","749.64","1850.11","10.68","1625.58","4236.01","1.000000","0.00","0.00","0.00","0.00","0.00","0.00","0.000000","0.00","0.00","0.00","0.00","0.00","0.00","0.00","0.00","0.000000","0.00","0.00","0.00","0.00","0.00","0.00","0.00","0.00","0.00","0.00","0.00","0.00","0.00","0.00","0.000000","0.00","0.00","0.00","749.64","0.00","0.00","0.00","749.64","1.000000","0.00","0.00","0.00","0.00","1849.99","0.00","1614.49","3464.48","1.000000","0.00","0.00","0.00","0.00","0.12","10.68","11.09","21.89","1.000000","0.00","749.64","1850.11","10.68","1625.58","4236.01","1.000000","0.00","0.00"
"Hinsdale","992.40","0.00","0.00","0.00","0.00","992.40","1.000000","0.00","0.00","2087.68","0.00","1849.99","3937.67","1.000000","5.20","1.67","4.26","12.70","13.18","37.01","1.000000","997.60","1.67","2091.94","12.70","1863.17","4967.08","1.000000","0.00","0.00","0.00","0.00","0.00","0.00","0.000000","0.00","0.00","0.00","0.00","0.00","0.00","0.00","0.00","0.000000","0.00","0.00","0.00","0.00","0.00","0.00","0.00","0.00","0.00","0.00","0.00","0.00","0.00","0.00","0.000000","0.00","0.00","992.40","0.00","0.00","0.00","0.00","992.40","1.000000","0.00","0.00","0.00","0.00","2087.68","0.00","1849.99","3937.67","1.000000","0.00","0.00","5.20","1.67","4.26","12.70","13.18","37.01","1.000000","997.60","1.67","2091.94","12.70","1863.17","4967.08","1.000000","0.00","0.00"
"Holbrook","0.00","1107.13","0.00","0.00","0.00","1107.13","1.000000","0.00","0.00","2327.56","0.00","2077.30","4404.86","1.000000","0.00","0.00","4.70","14.13","0.00","18.83","1.000000","0.00","1107.13","2332.26","14.13","2077.30","5530.82","1.000000","0.00","0.00","0.00","0.00","0.00","0.00","0.000000","0.00","0.00","0.00","0.00","0.00","0.00","0.00","0.00","0.000000","0.00","0.00","0.00","0.00","0.00","0.00","0.00","0.00","0.00","0.00","0.00","0.00","0.00","0.00","0.000000","0.00","0.00","0.00","1107.13","0.00","0.00","0.00","1107.13","1.000000","0.00","0.00","0.00","0.00","2327.56","0.00","2077.30","4404.86","1.000000","0.00","0.00","0.00","0.00","4.70","14.13","0.00","18.83","1.000000","0.00","1107.13","2332.26","14.13","2077.30","5530.82","1.000000","0.00","0.00"
"Holden","0.00","0.00","0.00","0.00","0.00","0.00","0.000000","0.00","0.00","2465.62","0.00","2325.07","4790.69","1.000000","0.00","0.00","0.00","0.00","0.00","0.00","0.000000","0.00","0.00","2465.62","0.00","2325.07","4790.69","1.000000","0.00","0.00","0.00","0.00","0.00","0.00","0.000000","0.00","0.00","0.00","0.00","0.00","0.00","0.00","0.00","0.000000","0.00","0.00","0.00","0.00","0.00","0.00","0.00","0.00","0.00","0.00","0.00","0.00","0.00","0.00","0.000000","0.00","0.00","0.00","0.00","0.00","0.00","0.00","0.00","1.000000","0.00","0.00","0.00","0.00","2465.62","0.00","2325.07","4790.69","1.000000","0.00","0.00","0.00","0.00","0.00","0.00","0.00","0.00","1.000000","0.00","0.00","2465.62","0.00","2325.07","4790.69","1.000000","0.00","0.00"
"Holland","101.58","233.72","0.00","0.00","0.00","335.30","1.000000","0.00","0.00","224.94","0.00","2569.64","2794.58","1.000000","1.43","1.29","0.00","3.28","138.39","144.39","1.000000","103.01","235.01","224.94","3.28","2708.03","3274.27","1.000000","0.00","0.00","0.00","0.00","0.00","0.00","0.000000","0.00","0.00","0.00","0.00","0.00","0.00","0.00","0.00","0.000000","0.00","0.00","0.00","0.00","0.00","0.00","0.00","0.00","0.00","0.00","0.00","0.00","0.00","0.00","0.000000","0.00","0.00","101.58","233.72","0.00","0.00","0.00","335.30","1.000000","0.00","0.00","0.00","0.00","224.94","0.00","2569.64","2794.58","1.000000","0.00","0.00","1.43","1.29","0.00","3.28","138.39","144.39","1.000000","103.01","235.01","224.94","3.28","2708.03","3274.27","1.000000","0.00","0.00"
"Holliston","422.69","327.48","0.00","0.00","0.00","750.17","1.000000","0.00","0.00","469.87","0.00","247.53","717.40","1.000000","2.80","0.00","4.21","142.03","5.81","154.85","1.000000","425.49","327.48","474.08","142.03","253.34","1622.42","1.000000","0.00","0.00","0.00","0.00","0.00","0.00","0.000000","0.00","0.00","0.00","0.00","0.00","0.00","0.00","0.00","0.000000","0.00","0.00","0.00","0.00","0.00","0.00","0.00","0.00","0.00","0.00","0.00","0.00","0.00","0.00","0.000000","0.00","0.00","422.69","327.48","0.00","0.00","0.00","750.17","1.000000","0.00","0.00","0.00","0.00","469.87","0.00","247.53","717.40","1.000000","0.00","0.00","2.80","0.00","4.21","142.03","5.81","154.85","1.000000","425.49","327.48","474.08","142.03","253.34","1622.42","1.000000","0.00","0.00"
"Holyoke","222.35","643.94","0.00","0.00","0.00","866.29","1.000000","0.00","0.00","0.00","0.00","469.87","469.87","1.000000","0.00","0.00","141.67","4.14","4.30","150.11","1.000000","222.35","643.94","141.67","4.14","474.17","1486.27","1.000000","0.00","0.00","0.00","0.00","0.00","0.00","0.000000","0.00","0.00","0.00","0.00","0.00","0.00","0.00","0.00","0.000000","0.00","0.00","0.00","0.00","0.00","0.00","0.00","0.00","0.00","0.00","0.00","0.00","0.00","0.00","0.000000","0.00","0.00","222.35","643.94","0.00","0.00","0.00","866.29","1.000000","0.00","0.00","0.00","0.00","0.00","0.00","469.87","469.87","1.000000","0.00","0.00","0.00","0.00","141.67","4.14","4.30","150.11","1.000000","222.35","643.94","141.67","4.14","474.17","1486.27","1.000000","0.00","0.00"
"Hopedale","0.00","356.03","0.00","0.00","0.00","356.03","1.000000","0.00","0.00","921.15","0.00","0.00","921.15","1.000000","0.00","0.00","1.51","5.25","0.00","6.76","1.000000","0.00","356.03","922.66","5.25","(0.61)","1283.33","1.000000","0.00","0.00","0.00","0.00","0.00","0.00","0.000000","0.00","0.00","0.00","0.00","0.00","0.00","0.00","0.00","0.000000","0.00","0.00","0.00","0.00","0.00","0.00","0.00","0.00","0.00","0.00","0.00","0.00","0.00","0.00","0.000000","0.00","0.00","0.00","356.03","0.00","0.00","0.00","356.03","1.000000","0.00","0.00","0.00","0.00","921.15","0.00","0.00","921.15","1.000000","0.00","0.00","0.00","0.00","1.51","5.25","0.00","6.76","1.000000","0.00","356.03","922.66","5.25","(0.61)","1283.33","1.000000","0.00","0.00"
"Hopkinton","302.11","0.00","0.00","0.00","0.00","302.11","1.000000","0.00","0.00","1150.07","0.00","903.92","2053.99","1.000000","142.29","2.08","3.46","2.51","0.00","150.34","1.000000","444.40","2.08","1153.53","2.51","903.92","2506.44","1.000000","0.00","0.00","0.00","0.00","0.00","0.00","0.000000","0.00","0.00","0.00","0.00","0.00","0.00","0.00","0.00","0.000000","0.00","0.00","0.00","0.00","0.00","0.00","0.00","0.00","0.00","0.00","0.00","0.00","0.00","0.00","0.000000","0.00","0.00","302.11","0.00","0.00","0.00","0.00","302.11","1.000000","0.00","0.00","0.00","0.00","1150.07","0.00","903.92","2053.99","1.000000","0.00","0.00","142.29","2.08","3.46","2.51","0.00","150.34","1.000000","444.40","2.08","1153.53","2.51","903.92","2506.44","1.000000","0.00","0.00"
"Hubbardston","622.98","765.27","0.00","0.00","0.00","1388.25","1.000000","0.00","0.00","0.00","0.00","1137.70","1137.70","1.000000","3.66","3.31","2.92","0.00","0.00","9.89","1.000000","626.64","768.58","2.92","0.00","1137.70","2535.84","1.000000","0.00","0.00","0.00","0.00","0.00","0.00","0.000000","0.00","0.00","0.00","0.00","0.00","0.00","0.00","0.00","0.000000","0.00","0.00","0.00","0.00","0.00","0.00","0.00","0.00","0.00","0.00","0.00","0.00","0.00","0.00","0.000000","0.00","0.00","622.98","765.27","0.00","0.00","0.00","1388.25","1.000000","0.00","0.00","0.00","0.00","0.00","0.00","1137.70","1137.70","1.000000","0.00","0.00","3.66","3.31","2.92","0.00","0.00","9.89","1.000000","626.64","768.58","2.92","0.00","1137.70","2535.84","1.000000","0.00","0.00"
"Hudson","1433.45","1492.48","0.00","0.00","0.00","2925.93","1.000000","0.00","0.00","1602.98","0.00","0.00","1602.98","1.000000","7.11","3.39","0.00","18.66","19.36","48.52","1.000000","1440.56","1495.87","1602.98","18.66","19.36","4577.43","1.000000","0.00","0.00","0.00","0.00","0.00","0.00","0.000000","0.00","0.00","0.00","0.00","0.00","0.00","0.00","0.00","0.000000","0.00","0.00","0.00","0.00","0.00","0.00","0.00","0.00","0.00","0.00","0.00","0.00","0.00","0.00","0.000000","0.00","0.00","1433.45","1492.48","0.00","0.00","0.00","2925.93","1.000000","0.00","0.00","0.00","0.00","1602.98","0.00","0.00","1602.98","1.000000","0.00","0.00","7.11","3.39","0.00","18.66","19.36","48.52","1.000000","1440.56","1495.87","1602.98","18.66","19.36","4577.43","1.000000","0.00","0.00"
"Hull","0.00","2065.71","0.00","0.00","0.00","2065.71","1.000000","0.00","0.00","1849.99","0.00","1614.49","3464.48","1.000000","0.00","0.00","8.77","16.13","16.73","41.63","1.000000","0.00","2065.71","1858.76","16.13","1631.22","5571.82","1.000000","0.00","0.00","0.00","0.00","0.00","0.00","0.000000","0.00","0.00","0.00","0.00","0.00","0.00","0.00","0.00","0.000000","0.00","0.00","0.00","0.00","0.00","0.00","0.00","0.00","0.00","0.00","0.00","0.00","0.00","0.00","0.000000","0.00","0.00","0.00","2065.71","0.00","0.00","0.00","2065.71","1.000000","0.00","0.00","0.00","0.00","1849.99","0.00","1614.49","3464.48","1.000000","0.00","0.00","0.00","0.00","8.77","16.13","16.73","41.63","1.000000","0.00","2065.71","1858.76","16.13","1631.22","5571.82","1.000000","0.00","0.00"
"Huntington","24.23","0.00","0.00","0.00","0.00","24.23","1.000000","0.00","0.00","2063.99","0.00","1849.99","3913.98","1.000000","0.00","0.00","0.00","8.58","8.90","17.48","1.000000","24.23","0.00","2063.99","8.58","1858.89","3955.69","1.000000","0.00","0.00","0.00","0.00","0.00","0.00","0.000000","0.00","0.00","0.00","0.00","0.00","0.00","0.00","0.00","0.000000","0.00","0.00","0.00","0.00","0.00","0.00","0.00","0.00","0.00","0.00","0.00","0.00","0.00","0.00","0.000000","0.00","0.00","24.23","0.00","0.00","0.00","0.00","24.23","1.000000","0.00","0.00","0.00","0.00","2063.99","0.00","1849.99","3913.98","1.000000","0.00","0.00","0.00","0.00","0.00","8.58","8.90","17.48","1.000000","24.23","0.00","2063.99","8.58","1858.89","3955.69","1.000000","0.00","0.00"
"Ipswich","0.00","2362.73","0.00","0.00","0.00","2362.73","1.000000","0.00","0.00","2327.56","0.00","2087.68","4415.24","1.000000","0.00","0.00","11.07","20.32","21.09","52.48","1.000000","0.00","2362.73","2338.63","20.32","2108.77","6830.45","1.000000","0.00","0.00","0.00","0.00","0.00","0.00","0.000000","0.00","0.00","0.00","0.00","0.00","0.00","0.00","0.00","0.000000","0.00","0.00","0.00","0.00","0.00","0.00","0.00","0.00","0.00","0.00","0.00","0.00","0.00","0.00","0.000000","0.00","0.00","0.00","2362.73","0.00","0.00","0.00","2362.73","1.000000","0.00","0.00","0.00","0.00","2327.56","0.00","2087.68","4415.24","1.000000","0.00","0.00","0.00","0.00","11.07","20.32","21.09","52.48","1.000000","0.00","2362.73","2338.63","20.32","2108.77","6830.45","1.000000","0.00","0.00"
"Kingston","418.58","361.98","0.00","0.00","0.00","780.56","1.000000","0.00","0.00","2569.64","0.00","2316.84","4886.48","1.000000","2.82","2.55","4.39","14.82","0.00","24.58","1.000000","421.40","364.53","2574.03","14.82","2316.84","5691.62","1.000000","0.00","0.00","0.00","0.00","0.00","0.00","0.000000","0.00","0.00","0.00","0.00","0.00","0.00","0.00","0.00","0.000000","0.00","0.00","0.00","0.00","0.00","0.00","0.00","0.00","0.00","0.00","0.00","0.00","0.00","0.00","0.000000","0.00","0.00","418.58","361.98","0.00","0.00","0.00","780.56","1.000000","0.00","0.00","0.00","0.00","2569.64","0.00","2316.84","4886.48","1.000000","0.00","0.00","2.82","2.55","4.39","14.82","0.00","24.58","1.000000","421.40","364.53","2574.03","14.82","2316.84","5691.62","1.000000","0.00","0.00"
"Lakeville","705.97","654.50","0.00","0.00","0.00","1360.47","1.000000","0.00","0.00","247.53","0.00","2558.16","2805.69","1.000000","4.04","3.65","6.87","0.00","0.00","14.56","1.000000","710.01","658.15","254.40","0.00","2558.16","4180.72","1.000000","0.00","0.00","0.00","0.00","0.00","0.00","0.000000","0.00","0.00","0.00","0.00","0.00","0.00","0.00","0.00","0.000000","0.00","0.00","0.00","0.00","0.00","0.00","0.00","0.00","0.00","0.00","0.00","0.00","0.00","0.00","0.000000","0.00","0.00","705.97","654.50","0.00","0.00","0.00","1360.47","1.000000","0.00","0.00","0.00","0.00","247.53","0.00","2558.16","2805.69","1.000000","0.00","0.00","4.04","3.65","6.87","0.00","0.00","14.56","1.000000","710.01","658.15","254.40","0.00","2558.16","4180.72","1.000000","0.00","0.00"
"Lancaster","636.79","456.16","0.00","0.00","0.00","1092.95","1.000000","0.00","0.00","449.53","0.00","0.00","449.53","0.665320","3.75","3.39","0.00","6.37","0.55","14.06","1.000000","640.54","459.55","449.53","6.37","0.55","1556.54","0.873151","0.00","0.00","0.00","0.00","0.00","0.00","0.000000","0.00","0.00","0.00","0.00","0.00","0.00","226.13","226.13","0.334680","0.00","0.00","0.00","0.00","0.00","0.00","0.00","0.00","0.00","0.00","0.00","0.00","226.13","226.13","0.126849","0.00","0.00","636.79","456.16","0.00","0.00","0.00","1092.95","1.000000","0.00","0.00","0.00","0.00","449.53","0.00","226.13","675.66","1.000000","0.00","0.00","3.75","3.39","0.00","6.37","0.55","14.06","1.000000","640.54","459.55","449.53","6.37","226.68","1782.67","1.000000","0.00","0.00"
"Lanesborough","10.05","355.97","0.00","0.00","0.00","366.02","1.000000","0.00","0.00","0.00","0.00","467.91","467.91","1.000000","1.10","0.00","1.56","0.00","0.00","2.66","1.000000","11.15","355.97","1.56","0.00","467.91","836.59","1.000000","0.00","0.00","0.00","0.00","0.00","0.00","0.000000","0.00","0.00","0.00","0.00","0.00","0.00","0.00","0.00","0.000000","0.00","0.00","0.00","0.00","0.00","0.00","0.00","0.00","0.00","0.00","0.00","0.00","0.00","0.00","0.000000","0.00","0.00","10.05","355.97","0.00","0.00","0.00","366.02","1.000000","0.00","0.00","0.00","0.00","0.00","0.00","467.91","467.91","1.000000","0.00","0.00","1.10","0.00","1.56","0.00","0.00","2.66","1.000000","11.15","355.97","1.56","0.00","467.91","836.59","1.000000","0.00","0.00"
"Lawrence","0.00","0.00","0.00","0.00","0.00","0.00","0.000000","0.00","0.00","394.03","0.00","0.00","394.03","1.000000","0.00","0.00","0.00","2.64","2.74","5.38","1.000000","0.00","0.00","394.03","2.64","2.74","399.41","0.325467","0.00","827.78","0.00","0.00","0.00","827.78","1.000000","0.00","0.00","0.00","0.00","0.00","0.00","0.00","0.00","0.000000","0.00","0.00","0.00","0.042","0.00","0.00","0.00","0.042","0.00","827.78","0.00","0.00","0.00","827.78","0.674533","0.00","0.00","0.00","827.78","0.00","0.00","0.00","827.78","1.000000","0.00","0.00","0.00","0.00","394.03","0.00","0.00","394.03","1.000000","0.00","0.00","0.00","0.00","0.00","2.64","2.74","5.38","1.000000","0.00","827.78","394.03","2.64","2.74","1227.19","1.000000","0.00","0.00"
"Lee","0.00","0.00","0.00","0.00","0.00","0.00","0.000000","0.00","0.00","896.99","0.00","921.15","1818.14","1.000000","0.00","0.00","0.00","4.71","3.83","8.54","1.000000","0.00","0.00","896.99","4.71","924.98","1826.68","0.805912","439.92","0.00","0.00","0.00","0.00","439.92","1.000000","0.00","0.00","0.00","0.00","0.00","0.00","0.00","0.00","0.000000","0.00","0.00","0.072","0.00","0.00","0.00","0.00","0.072","439.92","0.00","0.00","0.00","0.00","439.92","0.194088","0.00","0.00","439.92","0.00","0.00","0.00","0.00","439.92","1.000000","0.00","0.00","0.00","0.00","896.99","0.00","921.15","1818.14","1.000000","0.00","0.00","0.00","0.00","0.00","4.71","3.83","8.54","1.000000","439.92","0.00","896.99","4.71","924.98","2266.60","1.000000","0.00","0.00"
"Leicester","926.76","1034.17","0.00","0.00","0.00","1960.93","1.000000","0.00","0.00","0.00","0.00","1133.45","1133.45","1.000000","2.98","4.52","9.44","8.13","0.00","25.07","1.000000","929.74","1038.69","9.44","8.13","1133.45","3119.45","1.000000","0.00","0.00","0.00","0.00","0.00","0.00","0.000000","0.00","0.00","0.00","0.00","0.00","0.00","0.00","0.00","0.000000","0.00","0.00","0.00","0.00","0.00","0.00","0.00","0.00","0.00","0.00","0.00","0.00","0.00","0.00","0.000000","0.00","0.00","926.76","1034.17","0.00","0.00","0.00","1960.93","1.000000","0.00","0.00","0.00","0.00","0.00","0.00","1133.45","1133.45","1.000000","0.00","0.00","2.98","4.52","9.44","8.13","0.00","25.07","1.000000","929.74","1038.69","9.44","8.13","1133.45","3119.45","1.000000","0.00","0.00"
"Lenox","341.32","529.76","0.00","0.00","0.00","871.08","1.000000","0.00","0.00","1614.49","0.00","0.00","1614.49","1.000000","2.52","2.28","3.73","0.00","0.00","8.53","1.000000","343.84","532.04","1618.22","0.00","0.00","2494.10","1.000000","0.00","0.00","0.00","0.00","0.00","0.00","0.000000","0.00","0.00","0.00","0.00","0.00","0.00","0.00","0.00","0.000000","0.00","0.00","0.00","0.00","0.00","0.00","0.00","0.00","0.00","0.00","0.00","0.00","0.00","0.00","0.000000","0.00","0.00","341.32","529.76","0.00","0.00","0.00","871.08","1.000000","0.00","0.00","0.00","0.00","1614.49","0.00","0.00","1614.49","1.000000","0.00","0.00","2.52","2.28","3.73","0.00","0.00","8.53","1.000000","343.84","532.04","1618.22","0.00","0.00","2494.10","1.000000","0.00","0.00"
"Leominster","0.00","867.68","0.00","0.00","0.00","867.68","1.000000","0.00","0.00","1828.64","0.00","1614.49","3443.13","1.000000","0.00","0.00","0.00","11.08","11.50","22.58","1.000000","0.00","867.68","1828.64","11.08","1625.99","4333.39","1.000000","0.00","0.00","0.00","0.00","0.00","0.00","0.000000","0.00","0.00","0.00","0.00","0.00","0.00","0.00","0.00","0.000000","0.00","0.00","0.00","0.00","0.00","0.00","0.00","0.00","0.00","0.00","0.00","0.00","0.00","0.00","0.000000","0.00","0.00","0.00","867.68","0.00","0.00","0.00","867.68","1.000000","0.00","0.00","0.00","0.00","1828.64","0.00","1614.49","3443.13","1.000000","0.00","0.00","0.00","0.00","0.00","11.08","11.50","22.58","1.000000","0.00","867.68","1828.64","11.08","1625.99","4333.39","1.000000","0.00","0.00"
"Leverett","0.00","0.00","0.00","0.00","0.00","0.00","0.000000","0.00","0.00","1836.11","0.00","1849.99","3686.10","1.000000","0.00","0.00","0.00","8.59","8.91","17.50","1.000000","0.00","0.00","1836.11","8.59","1858.90","3703.60","1.000000","0.00","0.00","0.00","0.00","0.00","0.00","0.000000","0.00","0.00","0.00","0.00","0.00","0.00","0.00","0.00","0.000000","0.00","0.00","0.00","0.00","0.00","0.00","0.00","0.00","0.00","0.00","0.00","0.00","0.00","0.00","0.000000","0.00","0.00","0.00","0.00","0.00","0.00","0.00","0.00","1.000000","0.00","0.00","0.00","0.00","1836.11","0.00","1849.99","3686.10","1.000000","0.00","0.00","0.00","0.00","0.00","8.59","8.91","17.50","1.000000","0.00","0.00","1836.11","8.59","1858.90","3703.60","1.000000","0.00","0.00"
"Lexington","114.55","3427.54","0.00","0.00","0.00","3542.09","1.000000","0.00","0.00","2327.56","0.00","2087.68","4415.24","1.000000","0.00","0.00","16.12","25.24","25.10","66.46","1.000000","114.55","3427.54","2343.68","25.24","2112.78","8023.79","1.000000","0.00","0.00","0.00","0.00","0.00","0.00","0.000000","0.00","0.00","0.00","0.00","0.00","0.00","0.00","0.00","0.000000","0.00","0.00","0.00","0.00","0.00","0.00","0.00","0.00","0.00","0.00","0.00","0.00","0.00","0.00","0.000000","0.00","0.00","114.55","3427.54","0.00","0.00","0.00","3542.09","1.000000","0.00","0.00","0.00","0.00","2327.56","0.00","2087.68","4415.24","1.000000","0.00","0.00","0.00","0.00","16.12","25.24","25.10","66.46","1.000000","114.55","3427.54","2343.68","25.24","2112.78","8023.79","1.000000","0.00","0.00"
"Leyden","0.00","50.22","0.00","0.00","0.00","50.22","1.000000","0.00","0.00","2569.64","0.00","2327.56","4897.20","1.000000","0.00","0.00","1.30","10.77","5.12","17.19","1.000000","0.00","50.22","2570.94","10.77","2332.68","4964.61","1.000000","0.00","0.00","0.00","0.00","0.00","0.00","0.000000","0.00","0.00","0.00","0.00","0.00","0.00","0.00","0.00","0.000000","0.00","0.00","0.00","0.00","0.00","0.00","0.00","0.00","0.00","0.00","0.00","0.00","0.00","0.00","0.000000","0.00","0.00","0.00","50.22","0.00","0.00","0.00","50.22","1.000000","0.00","0.00","0.00","0.00","2569.64","0.00","2327.56","4897.20","1.000000","0.00","0.00","0.00","0.00","1.30","10.77","5.12","17.19","1.000000","0.00","50.22","2570.94","10.77","2332.68","4964.61","1.000000","0.00","0.00"
"Lincoln","352.56","419.09","0.00","0.00","0.00","771.65","1.000000","0.00","0.00","247.53","0.00","2548.12","2795.65","1.000000","2.59","2.34","3.31","0.00","0.00","8.24","1.000000","355.15","421.43","250.84","0.00","2548.12","3575.54","1.000000","0.00","0.00","0.00","0.00","0.00","0.00","0.000000","0.00","0.00","0.00","0.00","0.00","0.00","0.00","0.00","0.000000","0.00","0.00","0.00","0.00","0.00","0.00","0.00","0.00","0.00","0.00","0.00","0.00","0.00","0.00","0.000000","0.00","0.00","352.56","419.09","0.00","0.00","0.00","771.65","1.000000","0.00","0.00","0.00","0.00","247.53","0.00","2548.12","2795.65","1.000000","0.00","0.00","2.59","2.34","3.31","0.00","0.00","8.24","1.000000","355.15","421.43","250.84","0.00","2548.12","3575.54","1.000000","0.00","0.00"
"Littleton","504.01","393.31","0.00","0.00","0.00","897.32","1.000000","0.00","0.00","469.67","0.00","233.96","703.63","1.000000","3.24","1.93","0.00","0.00","0.00","5.17","1.000000","507.25","395.24","469.67","0.00","233.96","1606.12","1.000000","0.00","0.00","0.00","0.00","0.00","0.00","0.000000","0.00","0.00","0.00","0.00","0.00","0.00","0.00","0.00","0.000000","0.00","0.00","0.00","0.00","0.00","0.00","0.00","0.00","0.00","0.00","0.00","0.00","0.00","0.00","0.000000","0.00","0.00","504.01","393.31","0.00","0.00","0.00","897.32","1.000000","0.00","0.00","0.00","0.00","469.67","0.00","233.96","703.63","1.000000","0.00","0.00","3.24","1.93","0.00","0.00","0.00","5.17","1.000000","507.25","395.24","469.67","0.00","233.96","1606.12","1.000000","0.00","0.00"
"Longmeadow","0.00","0.00","0.00","0.00","0.00","0.00","0.000000","0.00","0.00","0.00","0.00","437.27","437.27","1.000000","0.00","0.00","0.00","0.00","0.00","0.00","0.000000","0.00","0.00","0.00","0.00","437.27","437.27","1.000000","0.00","0.00","0.00","0.00","0.00","0.00","0.000000","0.00","0.00","0.00","0.00","0.00","0.00","0.00","0.00","0.000000","0.00","0.00","0.00","0.00","0.00","0.00","0.00","0.00","0.00","0.00","0.00","0.00","0.00","0.00","0.000000","0.00","0.00","0.00","0.00","0.00","0.00","0.00","0.00","1.000000","0.00","0.00","0.00","0.00","0.00","0.00","437.27","437.27","1.000000","0.00","0.00","0.00","0.00","0.00","0.00","0.00","0.00","1.000000","0.00","0.00","0.00","0.00","437.27","437.27","1.000000","0.00","0.00"
"Lowell","0.00","587.38","0.00","0.00","0.00","587.38","1.000000","0.00","0.00","921.15","0.00","0.00","921.15","1.000000","0.00","0.00","3.60","7.28","6.45","17.33","1.000000","0.00","587.38","924.75","7.28","6.45","1525.86","1.000000","0.00","0.00","0.00","0.00","0.00","0.00","0.000000","0.00","0.00","0.00","0.00","0.00","0.00","0.00","0.00","0.000000","0.00","0.00","0.00","0.00","0.00","0.00","0.00","0.00","0.00","0.00","0.00","0.00","0.00","0.00","0.000000","0.00","0.00","0.00","587.38","0.00","0.00","0.00","587.38","1.000000","0.00","0.00","0.00","0.00","921.15","0.00","0.00","921.15","1.000000","0.00","0.00","0.00","0.00","3.60","7.28","6.45","17.33","1.000000","0.00","587.38","924.75","7.28","6.45","1525.86","1.000000","0.00","0.00"
"Ludlow","539.24","0.00","0.00","0.00","0.00","539.24","1.000000","0.00","0.00","1134.93","0.00","921.15","2056.08","1.000000","0.00","0.00","0.00","6.88","7.14","14.02","1.000000","539.24","0.00","1134.93","6.88","928.29","2609.34","1.000000","0.00","0.00","0.00","0.00","0.00","0.00","0.000000","0.00","0.00","0.00","0.00","0.00","0.00","0.00","0.00","0.000000","0.00","0.00","0.00","0.00","0.00","0.00","0.00","0.00","0.00","0.00","0.00","0.00","0.00","0.00","0.000000","0.00","0.00","539.24","0.00","0.00","0.00","0.00","539.24","1.000000","0.00","0.00","0.00","0.00","1134.93","0.00","921.15","2056.08","1.000000","0.00","0.00","0.00","0.00","0.00","6.88","7.14","14.02","1.000000","539.24","0.00","1134.93","6.88","928.29","2609.34","1.000000","0.00","0.00"
"Lunenburg","659.16","801.36","0.00","0.00","0.00","1460.52","1.000000","0.00","0.00","0.00","0.00","1150.07","1150.07","1.000000","3.91","3.53","6.25","6.06","6.29","26.04","1.000000","663.07","804.89","6.25","6.06","1156.36","2636.63","1.000000","0.00","0.00","0.00","0.00","0.00","0.00","0.000000","0.00","0.00","0.00","0.00","0.00","0.00","0.00","0.00","0.000000","0.00","0.00","0.00","0.00","0.00","0.00","0.00","0.00","0.00","0.00","0.00","0.00","0.00","0.00","0.000000","0.00","0.00","659.16","801.36","0.00","0.00","0.00","1460.52","1.000000","0.00","0.00","0.00","0.00","0.00","0.00","1150.07","1150.07","1.000000","0.00","0.00","3.91","3.53","6.25","6.06","6.29","26.04","1.000000","663.07","804.89","6.25","6.06","1156.36","2636.63","1.000000","0.00","0.00"
"Lynn","780.18","921.28","0.00","0.00","0.00","1701.46","1.000000","0.00","0.00","1614.49","0.00","0.00","1614.49","1.000000","4.43","2.99","7.27","13.69","0.00","28.38","1.000000","784.61","924.27","1621.76","13.69","0.00","3344.33","1.000000","0.00","0.00","0.00","0.00","0.00","0.00","0.000000","0.00","0.00","0.00","0.00","0.00","0.00","0.00","0.00","0.000000","0.00","0.00","0.00","0.00","0.00","0.00","0.00","0.00","0.00","0.00","0.00","0.00","0.00","0.00","0.000000","0.00","0.00","780.18","921.28","0.00","0.00","0.00","1701.46","1.000000","0.00","0.00","0.00","0.00","1614.49","0.00","0.00","1614.49","1.000000","0.00","0.00","4.43","2.99","7.27","13.69","0.00","28.38","1.000000","784.61","924.27","1621.76","13.69","0.00","3344.33","1.000000","0.00","0.00"
"Lynnfield","0.00","515.23","0.00","0.00","0.00","515.23","1.000000","0.00","0.00","1849.99","0.00","1611.45","3461.44","1.000000","0.00","0.00","3.31","0.00","0.00","3.31","1.000000","0.00","515.23","1853.30","0.00","1611.45","3979.98","1.000000","0.00","0.00","0.00","0.00","0.00","0.00","0.000000","0.00","0.00","0.00","0.00","0.00","0.00","0.00","0.00","0.000000","0.00","0.00","0.00","0.00","0.00","0.00","0.00","0.00","0.00","0.00","0.00","0.00","0.00","0.00","0.000000","0.00","0.00","0.00","515.23","0.00","0.00","0.00","515.23","1.000000","0.00","0.00","0.00","0.00","1849.99","0.00","1611.45","3461.44","1.000000","0.00","0.00","0.00","0.00","3.31","0.00","0.00","3.31","1.000000","0.00","515.23","1853.30","0.00","1611.45","3979.98","1.000000","0.00","0.00"
"Malden","1028.46","0.00","0.00","0.00","0.00","1028.46","1.000000","0.00","0.00","2068.21","0.00","1849.99","3918.20","1.000000","5.49","4.96","0.00","13.86","7.19","31.50","1.000000","1033.95","4.96","2068.21","13.86","1857.18","4978.16","1.000000","0.00","0.00","0.00","0.00","0.00","0.00","0.000000","0.00","0.00","0.00","0.00","0.00","0.00","0.00","0.00","0.000000","0.00","0.00","0.00","0.00","0.00","0.00","0.00","0.00","0.00","0.00","0.00","0.00","0.00","0.00","0.000000","0.00","0.00","1028.46","0.00","0.00","0.00","0.00","1028.46","1.000000","0.00","0.00","0.00","0.00","2068.21","0.00","1849.99","3918.20","1.000000","0.00","0.00","5.49","4.96","0.00","13.86","7.19","31.50","1.000000","1033.95","4.96","2068.21","13.86","1857.18","4978.16","1.000000","0.00","0.00"
"Manchester-by-the-Sea","0.00","1129.70","0.00","0.00","0.00","1129.70","1.000000","0.00","0.00","2327.56","0.00","2087.68","4415.24","1.000000","0.00","0.00","5.93","9.18","14.75","29.86","1.000000","0.00","1129.70","2333.49","9.18","2102.43","5574.80","1.000000","0.00","0.00","0.00","0.00","0.00","0.00","0.000000","0.00","0.00","0.00","0.00","0.00","0.00","0.00","0.00","0.000000","0.00","0.00","0.00","0.00","0.00","0.00","0.00","0.00","0.00","0.00","0.00","0.00","0.00","0.00","0.000000","0.00","0.00","0.00","1129.70","0.00","0.00","0.00","1129.70","1.000000","0.00","0.00","0.00","0.00","2327.56","0.00","2087.68","4415.24","1.000000","0.00","0.00","0.00","0.00","5.93","9.18","14.75","29.86","1.000000","0.00","1129.70","2333.49","9.18","2102.43","5574.80","1.000000","0.00","0.00"
"Mansfield","0.00","69.51","0.00","0.00","0.00","69.51","1.000000","0.00","0.00","2565.90","0.00","2327.56","4893.46","1.000000","0.00","0.00","0.00","10.83","11.24","22.07","1.000000","0.00","69.51","2565.90","10.83","2338.80","4985.04","1.000000","0.00","0.00","0.00","0.00","0.00","0.00","0.000000","0.00","0.00","0.00","0.00","0.00","0.00","0.00","0.00","0.000000","0.00","0.00","0.00","0.00","0.00","0.00","0.00","0.00","0.00","0.00","0.00","0.00","0.00","0.00","0.000000","0.00","0.00","0.00","69.51","0.00","0.00","0.00","69.51","1.000000","0.00","0.00","0.00","0.00","2565.90","0.00","2327.56","4893.46","1.000000","0.00","0.00","0.00","0.00","0.00","10.83","11.24","22.07","1.000000","0.00","69.51","2565.90","10.83","2338.80","4985.04","1.000000","0.00","0.00"
"Marblehead","75.03","230.82","0.00","0.00","0.00","305.85","1.000000","0.00","0.00","247.53","0.00","2569.64","2817.17","1.000000","1.46","0.00","1.31","2.29","2.37","7.43","1.000000","76.49","230.82","248.84","2.29","2572.01","3130.45","1.000000","0.00","0.00","0.00","0.00","0.00","0.00","0.000000","0.00","0.00","0.00","0.00","0.00","0.00","0.00","0.00","0.000000","0.00","0.00","0.00","0.00","0.00","0.00","0.00","0.00","0.00","0.00","0.00","0.00","0.00","0.00","0.000000","0.00","0.00","75.03","230.82","0.00","0.00","0.00","305.85","1.000000","0.00","0.00","0.00","0.00","247.53","0.00","2569.64","2817.17","1.000000","0.00","0.00","1.46","0.00","1.31","2.29","2.37","7.43","1.000000","76.49","230.82","248.84","2.29","2572.01","3130.45","1.000000","0.00","0.00"
"Marion","146.00","343.09","0.00","0.00","0.00","489.09","1.000000","0.00","0.00","469.87","0.00","227.74","697.61","1.000000","0.00","1.33","3.23","5.07","0.00","9.63","1.000000","146.00","344.42","473.10","5.07","227.74","1196.33","1.000000","0.00","0.00","0.00","0.00","0.00","0.00","0.000000","0.00","0.00","0.00","0.00","0.00","0.00","0.00","0.00","0.000000","0.00","0.00","0.00","0.00","0.00","0.00","0.00","0.00","0.00","0.00","0.00","0.00","0.00","0.00","0.000000","0.00","0.00","146.00","343.09","0.00","0.00","0.00","489.09","1.000000","0.00","0.00","0.00","0.00","469.87","0.00","227.74","697.61","1.000000","0.00","0.00","0.00","1.33","3.23","5.07","0.00","9.63","1.000000","146.00","344.42","473.10","5.07","227.74","1196.33","1.000000","0.00","0.00"
"Marlborough","183.65","684.13","0.00","0.00","0.00","867.78","1.000000","0.00","0.00","0.00","0.00","469.87","469.87","1.000000","1.93","1.74","4.85","0.00","154.38","162.90","1.000000","185.58","685.87","4.85","0.00","624.25","1500.55","1.000000","0.00","0.00","0.00","0.00","0.00","0.00","0.000000","0.00","0.00","0.00","0.00","0.00","0.00","0.00","0.00","0.000000","0.00","0.00","0.00","0.00","0.00","0.00","0.00","0.00","0.00","0.00","0.00","0.00","0.00","0.00","0.000000","0.00","0.00","183.65","684.13","0.00","0.00","0.00","867.78","1.000000","0.00","0.00","0.00","0.00","0.00","0.00","469.87","469.87","1.000000","0.00","0.00","1.93","1.74","4.85","0.00","154.38","162.90","1.000000","185.58","685.87","4.85","0.00","624.25","1500.55","1.000000","0.00","0.00"
"Marshfield","0.00","183.71","0.00","0.00","0.00","183.71","1.000000","0.00","0.00","898.05","0.00","0.00","898.05","1.000000","0.00","0.00","0.00","176.44","5.34","181.78","1.000000","0.00","183.71","898.05","176.44","5.34","1263.54","1.000000","0.00","0.00","0.00","0.00","0.00","0.00","0.000000","0.00","0.00","0.00","0.00","0.00","0.00","0.00","0.00","0.000000","0.00","0.00","0.00","0.00","0.00","0.00","0.00","0.00","0.00","0.00","0.00","0.00","0.00","0.00","0.000000","0.00","0.00","0.00","183.71","0.00","0.00","0.00","183.71","1.000000","0.00","0.00","0.00","0.00","898.05","0.00","0.00","898.05","1.000000","0.00","0.00","0.00","0.00","0.00","176.44","5.34","181.78","1.000000","0.00","183.71","898.05","176.44","5.34","1263.54","1.000000","0.00","0.00"
"Mashpee","530.08","0.00","0.00","0.00","0.00","530.08","1.000000","0.00","0.00","1150.07","0.00","0.00","1150.07","0.577463","3.41","0.00","153.33","7.55","7.83","172.12","1.000000","533.49","0.00","1303.40","7.55","7.83","1852.27","0.687607","0.00","0.00","0.00","0.00","0.00","0.00","0.000000","0.00","0.00","0.00","0.00","0.00","0.00","841.52","841.52","0.422537","0.00","0.00","0.00","0.00","0.00","0.00","0.00","0.00","0.00","0.00","0.00","0.00","841.52","841.52","0.312393","0.00","0.00","530.08","0.00","0.00","0.00","0.00","530.08","1.000000","0.00","0.00","0.00","0.00","1150.07","0.00","841.52","1991.59","1.000000","0.00","0.00","3.41","0.00","153.33","7.55","7.83","172.12","1.000000","533.49","0.00","1303.40","7.55","849.35","2693.79","1.000000","0.00","0.00"
"Mattapoisett","649.12","802.19","0.00","0.00","0.00","1451.31","1.000000","0.00","0.00","0.00","0.00","1150.07","1150.07","1.000000","0.00","155.39","6.82","6.63","6.88","175.72","1.000000","649.12","957.58","6.82","6.63","1156.95","2777.10","1.000000","0.00","0.00","0.00","0.00","0.00","0.00","0.000000","0.00","0.00","0.00","0.00","0.00","0.00","0.00","0.00","0.000000","0.00","0.00","0.00","0.00","0.00","0.00","0.00","0.00","0.00","0.00","0.00","0.00","0.00","0.00","0.000000","0.00","0.00","649.12","802.19","0.00","0.00","0.00","1451.31","1.000000","0.00","0.00","0.00","0.00","0.00","0.00","1150.07","1150.07","1.000000","0.00","0.00","0.00","155.39","6.82","6.63","6.88","175.72","1.000000","649.12","957.58","6.82","6.63","1156.95","2777.10","1.000000","0.00","0.00"
"Maynard","496.18","0.00","0.00","0.00","0.00","496.18","0.358789","0.00","0.00","1614.49","0.00","0.00","1614.49","1.000000","178.26","2.95","4.72","10.56","4.90","201.39","1.000000","674.44","2.95","1619.21","10.56","4.90","2312.06","0.722788","0.00","886.75","0.00","0.00","0.00","886.75","0.641211","0.00","0.00","0.00","0.00","0.00","0.00","0.00","0.00","0.000000","0.00","0.00","0.00","0.082","0.00","0.00","0.00","0.082","0.00","886.75","0.00","0.00","0.00","886.75","0.277212","0.00","0.00","496.18","886.75","0.00","0.00","0.00","1382.93","1.000000","0.00","0.00","0.00","0.00","1614.49","0.00","0.00","1614.49","1.000000","0.00","0.00","178.26","2.95","4.72","10.56","4.90","201.39","1.000000","674.44","889.70","1619.21","10.56","4.90","3198.81","1.000000","0.00","0.00"
"Medfield","0.00","769.30","0.00","0.00","0.00","769.30","1.000000","0.00","0.00","1849.99","0.00","1600.61","3450.60","1.000000","0.00","0.00","4.43","6.86","0.00","11.29","1.000000","0.00","769.30","1854.42","6.86","1600.61","4231.19","1.000000","0.00","0.00","0.00","0.00","0.00","0.00","0.000000","0.00","0.00","0.00","0.00","0.00","0.00","0.00","0.00","0.000000","0.00","0.00","0.00","0.00","0.00","0.00","0.00","0.00","0.00","0.00","0.00","0.00","0.00","0.00","0.000000","0.00","0.00","0.00","769.30","0.00","0.00","0.00","769.30","1.000000","0.00","0.00","0.00","0.00","1849.99","0.00","1600.61","3450.60","1.000000","0.00","0.00","0.00","0.00","4.43","6.86","0.00","11.29","1.000000","0.00","769.30","1854.42","6.86","1600.61","4231.19","1.000000","0.00","0.00"
"Medford","1018.75","0.00","0.00","0.00","0.00","1018.75","1.000000","0.00","0.00","2087.68","0.00","1849.99","3937.67","1.000000","5.50","4.97","1.52","0.00","1.02","13.01","1.000000","1024.25","4.97","2089.20","0.00","1851.01","4969.43","1.000000","0.00","0.00","0.00","0.00","0.00","0.00","0.000000","0.00","0.00","0.00","0.00","0.00","0.00","0.00","0.00","0.000000","0.00","0.00","0.00","0.00","0.00","0.00","0.00","0.00","0.00","0.00","0.00","0.00","0.00","0.00","0.000000","0.00","0.00","1018.75","0.00","0.00","0.00","0.00","1018.75","1.000000","0.00","0.00","0.00","0.00","2087.68","0.00","1849.99","3937.67","1.000000","0.00","0.00","5.50","4.97","1.52","0.00","1.02","13.01","1.000000","1024.25","4.97","2089.20","0.00","1851.01","4969.43","1.000000","0.00","0.00"
"Medway","0.00","1142.12","0.00","0.00","0.00","1142.12","1.000000","0.00","0.00","2307.38","0.00","2087.68","4395.06","1.000000","0.00","0.00","0.00","14.18","14.71","28.89","1.000000","0.00","1142.12","2307.38","14.18","2102.39","5566.07","1.000000","0.00","0.00","0.00","0.00","0.00","0.00","0.000000","0.00","0.00","0.00","0.00","0.00","0.00","0.00","0.00","0.000000","0.00","0.00","0.00","0.00","0.00","0.00","0.00","0.00","0.00","0.00","0.00","0.00","0.00","0.00","0.000000","0.00","0.00","0.00","1142.12","0.00","0.00","0.00","1142.12","1.000000","0.00","0.00","0.00","0.00","2307.38","0.00","2087.68","4395.06","1.000000","0.00","0.00","0.00","0.00","0.00","14.18","14.71","28.89","1.000000","0.00","1142.12","2307.38","14.18","2102.39","5566.07","1.000000","0.00","0.00"
"Melrose","0.00","56.00","0.00","0.00","0.00","56.00","1.000000","0.00","0.00","2569.64","0.00","2327.56","4897.20","1.000000","0.00","0.00","0.24","10.79","11.20","22.23","1.000000","0.00","56.00","2569.88","10.79","2338.76","4975.43","1.000000","0.00","0.00","0.00","0.00","0.00","0.00","0.000000","0.00","0.00","0.00","0.00","0.00","0.00","0.00","0.00","0.000000","0.00","0.00","0.00","0.00","0.00","0.00","0.00","0.00","0.00","0.00","0.00","0.00","0.00","0.00","0.000000","0.00","0.00","0.00","56.00","0.00","0.00","0.00","56.00","1.000000","0.00","0.00","0.00","0.00","2569.64","0.00","2327.56","4897.20","1.000000","0.00","0.00","0.00","0.00","0.24","10.79","11.20","22.23","1.000000","0.00","56.00","2569.88","10.79","2338.76","4975.43","1.000000","0.00","0.00"
"Mendon","0.00","0.00","0.00","0.00","0.00","0.00","0.000000","0.00","0.00","242.34","0.00","2569.64","2811.98","1.000000","0.00","0.00","0.00","2.14","2.22","4.36","1.000000","0.00","0.00","242.34","2.14","2571.86","2816.34","1.000000","0.00","0.00","0.00","0.00","0.00","0.00","0.000000","0.00","0.00","0.00","0.00","0.00","0.00","0.00","0.00","0.000000","0.00","0.00","0.00","0.00","0.00","0.00","0.00","0.00","0.00","0.00","0.00","0.00","0.00","0.00","0.000000","0.00","0.00","0.00","0.00","0.00","0.00","0.00","0.00","1.000000","0.00","0.00","0.00","0.00","242.34","0.00","2569.64","2811.98","1.000000","0.00","0.00","0.00","0.00","0.00","2.14","2.22","4.36","1.000000","0.00","0.00","242.34","2.14","2571.86","2816.34","1.000000","0.00","0.00"
"Merrimac","404.73","343.45","0.00","0.00","0.00","748.18","1.000000","0.00","0.00","469.87","0.00","247.53","717.40","1.000000","2.91","2.63","4.40","6.20","5.24","21.38","1.000000","407.64","346.08","474.27","6.20","252.77","1486.96","1.000000","0.00","0.00","0.00","0.00","0.00","0.00","0.000000","0.00","0.00","0.00","0.00","0.00","0.00","0.00","0.00","0.000000","0.00","0.00","0.00","0.00","0.00","0.00","0.00","0.00","0.00","0.00","0.00","0.00","0.00","0.00","0.000000","0.00","0.00","404.73","343.45","0.00","0.00","0.00","748.18","1.000000","0.00","0.00","0.00","0.00","469.87","0.00","247.53","717.40","1.000000","0.00","0.00","2.91","2.63","4.40","6.20","5.24","21.38","1.000000","407.64","346.08","474.27","6.20","252.77","1486.96","1.000000","0.00","0.00"
"Methuen","164.54","677.10","0.00","0.00","0.00","841.64","1.000000","0.00","0.00","0.00","0.00","448.44","448.44","1.000000","1.89","1.71","4.79","3.49","0.00","11.88","1.000000","166.43","678.81","4.79","3.49","448.44","1301.96","1.000000","0.00","0.00","0.00","0.00","0.00","0.00","0.000000","0.00","0.00","0.00","0.00","0.00","0.00","0.00","0.00","0.000000","0.00","0.00","0.00","0.00","0.00","0.00","0.00","0.00","0.00","0.00","0.00","0.00","0.00","0.00","0.000000","0.00","0.00","164.54","677.10","0.00","0.00","0.00","841.64","1.000000","0.00","0.00","0.00","0.00","0.00","0.00","448.44","448.44","1.000000","0.00","0.00","1.89","1.71","4.79","3.49","0.00","11.88","1.000000","166.43","678.81","4.79","3.49","448.44","1301.96","1.000000","0.00","0.00"
"Middleborough","0.00","167.96","0.00","0.00","0.00","167.96","1.000000","0.00","0.00","921.15","0.00","0.00","921.15","1.000000","0.00","0.00","0.71","0.00","0.00","0.71","1.000000","0.00","167.96","921.86","0.00","0.00","1089.82","1.000000","0.00","0.00","0.00","0.00","0.00","0.00","0.000000","0.00","0.00","0.00","0.00","0.00","0.00","0.00","0.00","0.000000","0.00","0.00","0.00","0.00","0.00","0.00","0.00","0.00","0.00","0.00","0.00","0.00","0.00","0.00","0.000000","0.00","0.00","0.00","167.96","0.00","0.00","0.00","167.96","1.000000","0.00","0.00","0.00","0.00","921.15","0.00","0.00","921.15","1.000000","0.00","0.00","0.00","0.00","0.71","0.00","0.00","0.71","1.000000","0.00","167.96","921.86","0.00","0.00","1089.82","1.000000","0.00","0.00"
"Middlefield","488.47","0.00","0.00","0.00","0.00","488.47","1.000000","0.00","0.00","1127.15","0.00","921.15","2048.30","1.000000","3.28","1.87","0.00","6.66","0.85","12.66","1.000000","491.75","1.87","1127.15","6.66","922.00","2549.43","1.000000","0.00","0.00","0.00","0.00","0.00","0.00","0.000000","0.00","0.00","0.00","0.00","0.00","0.00","0.00","0.00","0.000000","0.00","0.00","0.00","0.00","0.00","0.00","0.00","0.00","0.00","0.00","0.00","0.00","0.00","0.00","0.000000","0.00","0.00","488.47","0.00","0.00","0.00","0.00","488.47","1.000000","0.00","0.00","0.00","0.00","1127.15","0.00","921.15","2048.30","1.000000","0.00","0.00","3.28","1.87","0.00","6.66","0.85","12.66","1.000000","491.75","1.87","1127.15","6.66","922.00","2549.43","1.000000","0.00","0.00"
"Middleton","319.19","733.88","0.00","0.00","0.00","1053.07","1.000000","0.00","0.00","0.00","0.00","1150.07","1150.07","1.000000","2.56","0.00","5.70","0.48","5.72","14.46","1.000000","321.75","733.88","5.70","0.48","1155.79","2217.60","1.000000","0.00","0.00","0.00","0.00","0.00","0.00","0.000000","0.00","0.00","0.00","0.00","0.00","0.00","0.00","0.00","0.000000","0.00","0.00","0.00","0.00","0.00","0.00","0.00","0.00","0.00","0.00","0.00","0.00","0.00","0.00","0.000000","0.00","0.00","319.19","733.88","0.00","0.00","0.00","1053.07","1.000000","0.00","0.00","0.00","0.00","0.00","0.00","1150.07","1150.07","1.000000","0.00","0.00","2.56","0.00","5.70","0.48","5.72","14.46","1.000000","321.75","733.88","5.70","0.48","1155.79","2217.60","1.000000","0.00","0.00"
"Milford","681.80","853.09","0.00","0.00","0.00","1534.89","1.000000","0.00","0.00","1614.49","0.00","0.00","1614.49","1.000000","0.00","0.00","3.69","14.13","13.45","31.27","1.000000","681.80","853.09","1618.18","14.13","13.45","3180.65","1.000000","0.00","0.00","0.00","0.00","0.00","0.00","0.000000","0.00","0.00","0.00","0.00","0.00","0.00","0.00","0.00","0.000000","0.00","0.00","0.00","0.00","0.00","0.00","0.00","0.00","0.00","0.00","0.00","0.00","0.00","0.00","0.000000","0.00","0.00","681.80","853.09","0.00","0.00","0.00","1534.89","1.000000","0.00","0.00","0.00","0.00","1614.49","0.00","0.00","1614.49","1.000000","0.00","0.00","0.00","0.00","3.69","14.13","13.45","31.27","1.000000","681.80","853.09","1618.18","14.13","13.45","3180.65","1.000000","0.00","0.00"
"Millbury","0.00","716.14","0.00","0.00","0.00","716.14","1.000000","0.00","0.00","1849.99","0.00","1614.49","3464.48","1.000000","0.00","0.00","4.26","10.56","10.96","25.78","1.000000","0.00","716.14","1854.25","10.56","1625.45","4206.40","1.000000","0.00","0.00","0.00","0.00","0.00","0.00","0.000000","0.00","0.00","0.00","0.00","0.00","0.00","0.00","0.00","0.000000","0.00","0.00","0.00","0.00","0.00","0.00","0.00","0.00","0.00","0.00","0.00","0.00","0.00","0.00","0.000000","0.00","0.00","0.00","716.14","0.00","0.00","0.00","716.14","1.000000","0.00","0.00","0.00","0.00","1849.99","0.00","1614.49","3464.48","1.000000","0.00","0.00","0.00","0.00","4.26","10.56","10.96","25.78","1.000000","0.00","716.14","1854.25","10.56","1625.45","4206.40","1.000000","0.00","0.00"
"Millis","936.82","0.00","0.00","0.00","0.00","936.82","1.000000","0.00","0.00","2087.68","0.00","1837.89","3925.57","1.000000","3.18","4.69","4.02","12.48","0.00","24.37","1.000000","940.00","4.69","2091.70","12.48","1837.89","4886.76","1.000000","0.00","0.00","0.00","0.00","0.00","0.00","0.000000","0.00","0.00","0.00","0.00","0.00","0.00","0.00","0.00","0.000000","0.00","0.00","0.00","0.00","0.00","0.00","0.00","0.00","0.00","0.00","0.00","0.00","0.00","0.00","0.000000","0.00","0.00","936.82","0.00","0.00","0.00","0.00","936.82","1.000000","0.00","0.00","0.00","0.00","2087.68","0.00","1837.89","3925.57","1.000000","0.00","0.00","3.18","4.69","4.02","12.48","0.00","24.37","1.000000","940.00","4.69","2091.70","12.48","1837.89","4886.76","1.000000","0.00","0.00"
"Millville","0.00","1052.49","0.00","0.00","0.00","1052.49","1.000000","0.00","0.00","2327.56","0.00","2087.68","4415.24","1.000000","0.00","0.00","4.47","0.00","3.24","7.71","1.000000","0.00","1052.49","2332.03","0.00","2090.92","5475.44","1.000000","0.00","0.00","0.00","0.00","0.00","0.00","0.000000","0.00","0.00","0.00","0.00","0.00","0.00","0.00","0.00","0.000000","0.00","0.00","0.00","0.00","0.00","0.00","0.00","0.00","0.00","0.00","0.00","0.00","0.00","0.00","0.000000","0.00","0.00","0.00","1052.49","0.00","0.00","0.00","1052.49","1.000000","0.00","0.00","0.00","0.00","2327.56","0.00","2087.68","4415.24","1.000000","0.00","0.00","0.00","0.00","4.47","0.00","3.24","7.71","1.000000","0.00","1052.49","2332.03","0.00","2090.92","5475.44","1.000000","0.00","0.00"
"Milton","0.00","0.00","0.00","0.00","0.00","0.00","0.000000","0.00","0.00","2331.18","0.00","2327.56","4658.74","1.000000","0.00","0.00","0.00","10.77","11.17","21.94","1.000000","0.00","0.00","2331.18","10.77","2338.73","4680.68","1.000000","0.00","0.00","0.00","0.00","0.00","0.00","0.000000","0.00","0.00","0.00","0.00","0.00","0.00","0.00","0.00","0.000000","0.00","0.00","0.00","0.00","0.00","0.00","0.00","0.00","0.00","0.00","0.00","0.00","0.00","0.00","0.000000","0.00","0.00","0.00","0.00","0.00","0.00","0.00","0.00","1.000000","0.00","0.00","0.00","0.00","2331.18","0.00","2327.56","4658.74","1.000000","0.00","0.00","0.00","0.00","0.00","10.77","11.17","21.94","1.000000","0.00","0.00","2331.18","10.77","2338.73","4680.68","1.000000","0.00","0.00"
"Monroe","46.41","209.87","0.00","0.00","0.00","256.28","1.000000","0.00","0.00","247.53","0.00","2569.64","2817.17","1.000000","1.43","0.00","2.33","3.28","2.17","9.21","1.000000","47.84","209.87","249.86","3.28","2571.81","3082.66","1.000000","0.00","0.00","0.00","0.00","0.00","0.00","0.000000","0.00","0.00","0.00","0.00","0.00","0.00","0.00","0.00","0.000000","0.00","0.00","0.00","0.00","0.00","0.00","0.00","0.00","0.00","0.00","0.00","0.00","0.00","0.00","0.000000","0.00","0.00","46.41","209.87","0.00","0.00","0.00","256.28","1.000000","0.00","0.00","0.00","0.00","247.53","0.00","2569.64","2817.17","1.000000","0.00","0.00","1.43","0.00","2.33","3.28","2.17","9.21","1.000000","47.84","209.87","249.86","3.28","2571.81","3082.66","1.000000","0.00","0.00"
"Monson","367.36","330.12","0.00","0.00","0.00","697.48","1.000000","0.00","0.00","469.87","0.00","247.53","717.40","1.000000","0.00","0.00","4.20","4.81","5.00","14.01","1.000000","367.36","330.12","474.07","4.81","252.53","1428.89","1.000000","0.00","0.00","0.00","0.00","0.00","0.00","0.000000","0.00","0.00","0.00","0.00","0.00","0.00","0.00","0.00","0.000000","0.00","0.00","0.00","0.00","0.00","0.00","0.00","0.00","0.00","0.00","0.00","0.00","0.00","0.00","0.000000","0.00","0.00","367.36","330.12","0.00","0.00","0.00","697.48","1.000000","0.00","0.00","0.00","0.00","469.87","0.00","247.53","717.40","1.000000","0.00","0.00","0.00","0.00","4.20","4.81","5.00","14.01","1.000000","367.36","330.12","474.07","4.81","252.53","1428.89","1.000000","0.00","0.00"
"Montague","167.13","664.91","0.00","0.00","0.00","832.04","1.000000","0.00","0.00","0.00","0.00","467.39","467.39","1.000000","1.95","1.76","3.56","3.45","0.00","10.72","1.000000","169.08","666.67","3.56","3.45","467.39","1310.15","1.000000","0.00","0.00","0.00","0.00","0.00","0.00","0.000000","0.00","0.00","0.00","0.00","0.00","0.00","0.00","0.00","0.000000","0.00","0.00","0.00","0.00","0.00","0.00","0.00","0.00","0.00","0.00","0.00","0.00","0.00","0.00","0.000000","0.00","0.00","167.13","664.91","0.00","0.00","0.00","832.04","1.000000","0.00","0.00","0.00","0.00","0.00","0.00","467.39","467.39","1.000000","0.00","0.00","1.95","1.76","3.56","3.45","0.00","10.72","1.000000","169.08","666.67","3.56","3.45","467.39","1310.15","1.000000","0.00","0.00"
"Monterey","0.00","161.82","0.00","0.00","0.00","161.82","1.000000","0.00","0.00","921.15","0.00","0.00","921.15","1.000000","0.00","0.00","0.69","0.00","0.00","0.69","1.000000","0.00","161.82","921.84","0.00","0.00","1083.66","1.000000","0.00","0.00","0.00","0.00","0.00","0.00","0.000000","0.00","0.00","0.00","0.00","0.00","0.00","0.00","0.00","0.000000","0.00","0.00","0.00","0.00","0.00","0.00","0.00","0.00","0.00","0.00","0.00","0.00","0.00","0.00","0.000000","0.00","0.00","0.00","161.82","0.00","0.00","0.00","161.82","1.000000","0.00","0.00","0.00","0.00","921.15","0.00","0.00","921.15","1.000000","0.00","0.00","0.00","0.00","0.69","0.00","0.00","0.69","1.000000","0.00","161.82","921.84","0.00","0.00","1083.66","1.000000","0.00","0.00"
"Montgomery","191.73","0.00","0.00","0.00","0.00","191.73","1.000000","0.00","0.00","1148.12","0.00","909.80","2057.92","1.000000","2.06","1.86","0.00","0.00","0.00","3.92","1.000000","193.79","1.86","1148.12","0.00","909.80","2253.57","1.000000","0.00","0.00","0.00","0.00","0.00","0.00","0.000000","0.00","0.00","0.00","0.00","0.00","0.00","0.00","0.00","0.000000","0.00","0.00","0.00","0.00","0.00","0.00","0.00","0.00","0.00","0.00","0.00","0.00","0.00","0.00","0.000000","0.00","0.00","191.73","0.00","0.00","0.00","0.00","191.73","1.000000","0.00","0.00","0.00","0.00","1148.12","0.00","909.80","2057.92","1.000000","0.00","0.00","2.06","1.86","0.00","0.00","0.00","3.92","1.000000","193.79","1.86","1148.12","0.00","909.80","2253.57","1.000000","0.00","0.00"
"Mount Washington","567.56","764.90","0.00","0.00","0.00","1332.46","1.000000","0.00","0.00","0.00","0.00","1144.36","1144.36","1.000000","3.66","0.28","0.00","0.00","0.00","3.94","1.000000","571.22","765.18","0.00","0.00","1144.36","2480.76","1.000000","0.00","0.00","0.00","0.00","0.00","0.00","0.000000","0.00","0.00","0.00","0.00","0.00","0.00","0.00","0.00","0.000000","0.00","0.00","0.00","0.00","0.00","0.00","0.00","0.00","0.00","0.00","0.00","0.00","0.00","0.00","0.000000","0.00","0.00","567.56","764.90","0.00","0.00","0.00","1332.46","1.000000","0.00","0.00","0.00","0.00","0.00","0.00","1144.36","1144.36","1.000000","0.00","0.00","3.66","0.28","0.00","0.00","0.00","3.94","1.000000","571.22","765.18","0.00","0.00","1144.36","2480.76","1.000000","0.00","0.00"
"Nahant","977.46","871.78","0.00","0.00","0.00","1849.24","1.000000","0.00","0.00","1318.45","0.00","0.00","1318.45","1.000000","2.13","3.75","7.89","13.07","13.57","40.41","1.000000","979.59","875.53","1326.34","13.07","13.57","3208.10","1.000000","0.00","0.00","0.00","0.00","0.00","0.00","0.000000","0.00","0.00","0.00","0.00","0.00","0.00","0.00","0.00","0.000000","0.00","0.00","0.00","0.00","0.00","0.00","0.00","0.00","0.00","0.00","0.00","0.00","0.00","0.00","0.000000","0.00","0.00","977.46","871.78","0.00","0.00","0.00","1849.24","1.000000","0.00","0.00","0.00","0.00","1318.45","0.00","0.00","1318.45","1.000000","0.00","0.00","2.13","3.75","7.89","13.07","13.57","40.41","1.000000","979.59","875.53","1326.34","13.07","13.57","3208.10","1.000000","0.00","0.00"
"Nantucket","0.00","664.08","0.00","0.00","0.00","664.08","1.000000","0.00","0.00","1849.99","0.00","0.00","1849.99","0.556403","0.00","0.00","2.82","10.34","10.73","23.89","1.000000","0.00","664.08","1852.81","10.34","10.73","2537.96","0.632453","0.00","0.00","0.00","0.00","0.00","0.00","0.000000","0.00","0.00","0.00","0.00","0.00","0.00","1474.92","1474.92","0.443597","0.00","0.00","0.00","0.00","0.00","0.00","0.00","0.00","0.00","0.00","0.00","0.00","1474.92","1474.92","0.367547","0.00","0.00","0.00","664.08","0.00","0.00","0.00","664.08","1.000000","0.00","0.00","0.00","0.00","1849.99","0.00","1474.92","3324.91","1.000000","0.00","0.00","0.00","0.00","2.82","10.34","10.73","23.89","1.000000","0.00","664.08","1852.81","10.34","1485.65","4012.88","1.000000","0.00","0.00"
"Natick","854.81","0.00","0.00","0.00","0.00","854.81","1.000000","0.00","0.00","0.00","0.00","1849.99","1849.99","0.492385","4.90","3.28","3.68","3.56","3.70","19.12","1.000000","859.71","3.28","3.68","3.56","1853.69","2723.92","0.588176","0.00","0.00","0.00","0.00","0.00","0.00","0.000000","0.00","0.00","0.00","0.00","1907.21","0.00","0.00","1907.21","0.507615","0.00","0.00","0.00","0.00","0.00","0.00","0.00","0.00","0.00","0.00","1907.21","0.00","0.00","1907.21","0.411824","0.00","0.00","854.81","0.00","0.00","0.00","0.00","854.81","1.000000","0.00","0.00","0.00","0.00","1907.21","0.00","1849.99","3757.20","1.000000","0.00","0.00","4.90","3.28","3.68","3.56","3.70","19.12","1.000000","859.71","3.28","1910.89","3.56","1853.69","4631.13","1.000000","0.00","0.00"
"Needham","0.00","0.00","0.00","0.00","0.00","0.00","0.000000","0.00","0.00","2158.58","0.00","1763.57","3922.15","1.000000","0.00","0.00","0.00","8.87","9.20","18.07","1.000000","0.00","0.00","2158.58","8.87","1772.77","3940.22","0.776620","0.00","1133.33","0.00","0.00","0.00","1133.33","1.000000","0.00","0.00","0.00","0.00","0.00","0.00","0.00","0.00","0.000000","0.00","0.00","0.00","0.112","0.00","0.00","0.00","0.112","0.00","1133.33","0.00","0.00","0.00","1133.33","0.223380","0.00","0.00","0.00","1133.33","0.00","0.00","0.00","1133.33","1.000000","0.00","0.00","0.00","0.00","2158.58","0.00","1763.57","3922.15","1.000000","0.00","0.00","0.00","0.00","0.00","8.87","9.20","18.07","1.000000","0.00","1133.33","2158.58","8.87","1772.77","5073.55","1.000000","0.00","0.00"
"New Ashford","0.00","127.55","0.00","0.00","0.00","127.55","0.364231","0.00","0.00","2269.59","0.00","2313.61","4583.20","1.000000","0.00","0.00","0.54","0.00","10.18","10.72","1.000000","0.00","127.55","2270.13","0.00","2323.79","4721.47","0.954969","222.64","0.00","0.00","0.00","0.00","222.64","0.635769","0.00","0.00","0.00","0.00","0.00","0.00","0.00","0.00","0.000000","0.00","0.00","0.022","0.00","0.00","0.00","0.00","0.022","222.64","0.00","0.00","0.00","0.00","222.64","0.045031","0.00","0.00","222.64","127.55","0.00","0.00","0.00","350.19","1.000000","0.00","0.00","0.00","0.00","2269.59","0.00","2313.61","4583.20","1.000000","0.00","0.00","0.00","0.00","0.54","0.00","10.18","10.72","1.000000","222.64","127.55","2270.13","0.00","2323.79","4944.11","1.000000","0.00","0.00"
"New Bedford","1128.22","697.11","0.00","0.00","0.00","1825.33","1.000000","0.00","0.00","0.00","0.00","2563.58","2563.58","1.000000","4.79","4.33","8.14","7.57","7.86","32.69","1.000000","1133.01","701.44","8.14","7.57","2571.44","4421.60","1.000000","0.00","0.00","0.00","0.00","0.00","0.00","0.000000","0.00","0.00","0.00","0.00","0.00","0.00","0.00","0.00","0.000000","0.00","0.00","0.00","0.00","0.00","0.00","0.00","0.00","0.00","0.00","0.00","0.00","0.00","0.00","0.000000","0.00","0.00","1128.22","697.11","0.00","0.00","0.00","1825.33","1.000000","0.00","0.00","0.00","0.00","0.00","0.00","2563.58","2563.58","1.000000","0.00","0.00","4.79","4.33","8.14","7.57","7.86","32.69","1.000000","1133.01","701.44","8.14","7.57","2571.44","4421.60","1.000000","0.00","0.00"
"New Braintree","909.29","142.26","0.00","0.00","0.00","1051.55","1.000000","0.00","0.00","469.87","0.00","247.53","717.40","1.000000","3.86","3.49","4.51","1.25","6.52","19.63","1.000000","913.15","145.75","474.38","1.25","254.05","1788.58","1.000000","0.00","0.00","0.00","0.00","0.00","0.00","0.000000","0.00","0.00","0.00","0.00","0.00","0.00","0.00","0.00","0.000000","0.00","0.00","0.00","0.00","0.00","0.00","0.00","0.00","0.00","0.00","0.00","0.00","0.00","0.00","0.000000","0.00","0.00","909.29","142.26","0.00","0.00","0.00","1051.55","1.000000","0.00","0.00","0.00","0.00","469.87","0.00","247.53","717.40","1.000000","0.00","0.00","3.86","3.49","4.51","1.25","6.52","19.63","1.000000","913.15","145.75","474.38","1.25","254.05","1788.58","1.000000","0.00","0.00"
"New Marlborough","0.00","365.72","0.00","0.00","0.00","365.72","1.000000","0.00","0.00","0.00","0.00","468.88","468.88","1.000000","0.00","0.00","0.00","0.00","1.55","1.55","1.000000","0.00","365.72","0.00","0.00","470.43","836.15","1.000000","0.00","0.00","0.00","0.00","0.00","0.00","0.000000","0.00","0.00","0.00","0.00","0.00","0.00","0.00","0.00","0.000000","0.00","0.00","0.00","0.00","0.00","0.00","0.00","0.00","0.00","0.00","0.00","0.00","0.00","0.00","0.000000","0.00","0.00","0.00","365.72","0.00","0.00","0.00","365.72","1.000000","0.00","0.00","0.00","0.00","0.00","0.00","468.88","468.88","1.000000","0.00","0.00","0.00","0.00","0.00","0.00","1.55","1.55","1.000000","0.00","365.72","0.00","0.00","470.43","836.15","1.000000","0.00","0.00"
"New Salem","0.00","121.20","0.00","0.00","0.00","121.20","1.000000","0.00","0.00","617.09","0.00","0.00","617.09","1.000000","0.00","0.00","0.51","4.29","4.45","9.25","1.000000","0.00","121.20","617.60","4.29","4.45","747.54","1.000000","0.00","0.00","0.00","0.00","0.00","0.00","0.000000","0.00","0.00","0.00","0.00","0.00","0.00","0.00","0.00","0.000000","0.00","0.00","0.00","0.00","0.00","0.00","0.00","0.00","0.00","0.00","0.00","0.00","0.00","0.00","0.000000","0.00","0.00","0.00","121.20","0.00","0.00","0.00","121.20","1.000000","0.00","0.00","0.00","0.00","617.09","0.00","0.00","617.09","1.000000","0.00","0.00","0.00","0.00","0.51","4.29","4.45","9.25","1.000000","0.00","121.20","617.60","4.29","4.45","747.54","1.000000","0.00","0.00"
"Newbury","1700.15","0.00","0.00","0.00","0.00","1700.15","1.000000","0.00","0.00","845.02","0.00","896.10","1741.12","1.000000","5.20","6.52","7.29","11.79","216.93","247.73","1.000000","1705.35","6.52","852.31","11.79","1113.03","3689.00","1.000000","0.00","0.00","0.00","0.00","0.00","0.00","0.000000","0.00","0.00","0.00","0.00","0.00","0.00","0.00","0.00","0.000000","0.00","0.00","0.00","0.00","0.00","0.00","0.00","0.00","0.00","0.00","0.00","0.00","0.00","0.00","0.000000","0.00","0.00","1700.15","0.00","0.00","0.00","0.00","1700.15","1.000000","0.00","0.00","0.00","0.00","845.02","0.00","896.10","1741.12","1.000000","0.00","0.00","5.20","6.52","7.29","11.79","216.93","247.73","1.000000","1705.35","6.52","852.31","11.79","1113.03","3689.00","1.000000","0.00","0.00"
"Newburyport","1926.83","1386.70","0.00","0.00","0.00","3313.53","1.000000","0.00","0.00","0.00","0.00","1150.07","1150.07","1.000000","8.18","7.39","15.47","195.69","15.03","241.76","1.000000","1935.01","1394.09","15.47","195.69","1165.10","4705.36","1.000000","0.00","0.00","0.00","0.00","0.00","0.00","0.000000","0.00","0.00","0.00","0.00","0.00","0.00","0.00","0.00","0.000000","0.00","0.00","0.00","0.00","0.00","0.00","0.00","0.00","0.00","0.00","0.00","0.00","0.00","0.00","0.000000","0.00","0.00","1926.83","1386.70","0.00","0.00","0.00","3313.53","1.000000","0.00","0.00","0.00","0.00","0.00","0.00","1150.07","1150.07","1.000000","0.00","0.00","8.18","7.39","15.47","195.69","15.03","241.76","1.000000","1935.01","1394.09","15.47","195.69","1165.10","4705.36","1.000000","0.00","0.00"
"Newton","2861.50","2243.43","0.00","0.00","0.00","5104.93","1.000000","0.00","0.00","1589.46","0.00","0.00","1589.46","1.000000","12.15","10.98","229.81","28.55","29.62","311.11","1.000000","2873.65","2254.41","1819.27","28.55","29.62","7005.50","1.000000","0.00","0.00","0.00","0.00","0.00","0.00","0.000000","0.00","0.00","0.00","0.00","0.00","0.00","0.00","0.00","0.000000","0.00","0.00","0.00","0.00","0.00","0.00","0.00","0.00","0.00","0.00","0.00","0.00","0.00","0.00","0.000000","0.00","0.00","2861.50","2243.43","0.00","0.00","0.00","5104.93","1.000000","0.00","0.00","0.00","0.00","1589.46","0.00","0.00","1589.46","1.000000","0.00","0.00","12.15","10.98","229.81","28.55","29.62","311.11","1.000000","2873.65","2254.41","1819.27","28.55","29.62","7005.50","1.000000","0.00","0.00"
"Norfolk","0.00","2059.73","0.00","0.00","0.00","2059.73","1.000000","0.00","0.00","1849.99","0.00","1614.49","3464.48","1.000000","0.00","208.99","9.63","16.97","17.60","253.19","1.000000","0.00","2268.72","1859.62","16.97","1632.09","5777.40","1.000000","0.00","0.00","0.00","0.00","0.00","0.00","0.000000","0.00","0.00","0.00","0.00","0.00","0.00","0.00","0.00","0.000000","0.00","0.00","0.00","0.00","0.00","0.00","0.00","0.00","0.00","0.00","0.00","0.00","0.00","0.00","0.000000","0.00","0.00","0.00","2059.73","0.00","0.00","0.00","2059.73","1.000000","0.00","0.00","0.00","0.00","1849.99","0.00","1614.49","3464.48","1.000000","0.00","0.00","0.00","208.99","9.63","16.97","17.60","253.19","1.000000","0.00","2268.72","1859.62","16.97","1632.09","5777.40","1.000000","0.00","0.00"
"North.Adams","769.82","0.00","0.00","0.00","0.00","769.82","1.000000","0.00","0.00","1387.88","0.00","1264.87","2652.75","1.000000","0.00","0.00","3.27","0.00","9.18","12.45","1.000000","769.82","0.00","1391.15","0.00","977.05","3138.02","1.000000","0.00","0.00","0.00","0.00","0.00","0.00","0.000000","0.00","0.00","0.00","0.00","0.00","0.00","0.00","0.00","0.000000","0.00","0.00","0.00","0.00","0.00","0.00","0.00","0.00","0.00","0.00","0.00","0.00","0.00","0.00","0.000000","0.00","0.00","769.82","0.00","0.00","0.00","0.00","769.82","1.000000","0.00","0.00","0.00","0.00","1387.88","0.00","1264.87","2652.75","1.000000","0.00","0.00","0.00","0.00","3.27","0.00","9.18","12.45","1.000000","769.82","0.00","1391.15","0.00","977.05","3138.02","1.000000","0.00","0.00"
"North.Andover","0.00","1997.08","0.00","0.00","0.00","1997.08","1.000000","0.00","0.00","2315.53","0.00","2069.57","4385.10","1.000000","0.00","0.00","8.48","5.72","18.37","32.57","1.000000","0.00","1997.08","2324.01","5.72","2075.88","6402.69","1.000000","0.00","0.00","0.00","0.00","0.00","0.00","0.000000","0.00","0.00","0.00","0.00","0.00","0.00","0.00","0.00","0.000000","0.00","0.00","0.00","0.00","0.00","0.00","0.00","0.00","0.00","0.00","0.00","0.00","0.00","0.00","0.000000","0.00","0.00","0.00","1997.08","0.00","0.00","0.00","1997.08","1.000000","0.00","0.00","0.00","0.00","2315.53","0.00","2069.57","4385.10","1.000000","0.00","0.00","0.00","0.00","8.48","5.72","18.37","32.57","1.000000","0.00","1997.08","2324.01","5.72","2075.88","6402.69","1.000000","0.00","0.00"
"North.Attleborough","780.46","425.70","0.00","0.00","0.00","1206.16","1.000000","0.00","0.00","2258.60","0.00","2302.51","4561.11","1.000000","3.31","2.99","5.16","9.24","14.80","35.50","1.000000","783.77","428.69","2263.76","9.24","2317.31","5802.77","1.000000","0.00","0.00","0.00","0.00","0.00","0.00","0.000000","0.00","0.00","0.00","0.00","0.00","0.00","0.00","0.00","0.000000","0.00","0.00","0.00","0.00","0.00","0.00","0.00","0.00","0.00","0.00","0.00","0.00","0.00","0.00","0.000000","0.00","0.00","780.46","425.70","0.00","0.00","0.00","1206.16","1.000000","0.00","0.00","0.00","0.00","2258.60","0.00","2302.51","4561.11","1.000000","0.00","0.00","3.31","2.99","5.16","9.24","14.80","35.50","1.000000","783.77","428.69","2263.76","9.24","2317.31","5802.77","1.000000","0.00","0.00"
"North.Brookfield","479.63","17.71","0.00","0.00","0.00","497.34","1.000000","0.00","0.00","243.49","0.00","2547.67","2791.16","1.000000","2.04","1.84","2.14","0.00","3.17","9.19","1.000000","481.67","19.55","245.63","0.00","2550.84","3297.69","1.000000","0.00","0.00","0.00","0.00","0.00","0.00","0.000000","0.00","0.00","0.00","0.00","0.00","0.00","0.00","0.00","0.000000","0.00","0.00","0.00","0.00","0.00","0.00","0.00","0.00","0.00","0.00","0.00","0.00","0.00","0.00","0.000000","0.00","0.00","479.63","17.71","0.00","0.00","0.00","497.34","1.000000","0.00","0.00","0.00","0.00","243.49","0.00","2547.67","2791.16","1.000000","0.00","0.00","2.04","1.84","2.14","0.00","3.17","9.19","1.000000","481.67","19.55","245.63","0.00","2550.84","3297.69","1.000000","0.00","0.00"
"North.Reading","990.32","601.65","0.00","0.00","0.00","1591.97","1.000000","0.00","0.00","134.81","0.00","0.00","134.81","1.000000","0.00","3.80","6.78","0.00","0.00","10.58","1.000000","990.32","605.45","141.59","0.00","0.00","1737.36","1.000000","0.00","0.00","0.00","0.00","0.00","0.00","0.000000","0.00","0.00","0.00","0.00","0.00","0.00","0.00","0.00","0.000000","0.00","0.00","0.00","0.00","0.00","0.00","0.00","0.00","0.00","0.00","0.00","0.00","0.00","0.00","0.000000","0.00","0.00","990.32","601.65","0.00","0.00","0.00","1591.97","1.000000","0.00","0.00","0.00","0.00","134.81","0.00","0.00","134.81","1.000000","0.00","0.00","0.00","3.80","6.78","0.00","0.00","10.58","1.000000","990.32","605.45","141.59","0.00","0.00","1737.36","1.000000","0.00","0.00"
"Northampton","0.00","0.00","0.00","0.00","0.00","0.00","0.000000","0.00","0.00","0.00","0.00","108.31","108.31","1.000000","0.00","0.00","0.00","0.00","0.00","0.00","0.000000","0.00","0.00","0.00","0.00","108.31","108.31","1.000000","0.00","0.00","0.00","0.00","0.00","0.00","0.000000","0.00","0.00","0.00","0.00","0.00","0.00","0.00","0.00","0.000000","0.00","0.00","0.00","0.00","0.00","0.00","0.00","0.00","0.00","0.00","0.00","0.00","0.00","0.00","0.000000","0.00","0.00","0.00","0.00","0.00","0.00","0.00","0.00","1.000000","0.00","0.00","0.00","0.00","0.00","0.00","108.31","108.31","1.000000","0.00","0.00","0.00","0.00","0.00","0.00","0.00","0.00","1.000000","0.00","0.00","0.00","0.00","108.31","108.31","1.000000","0.00","0.00"
"Northborough","0.00","594.89","0.00","0.00","0.00","594.89","1.000000","0.00","0.00","606.10","0.00","0.00","606.10","1.000000","0.00","0.00","2.53","6.24","5.14","13.91","1.000000","0.00","594.89","608.63","6.24","5.14","1214.90","1.000000","0.00","0.00","0.00","0.00","0.00","0.00","0.000000","0.00","0.00","0.00","0.00","0.00","0.00","0.00","0.00","0.000000","0.00","0.00","0.00","0.00","0.00","0.00","0.00","0.00","0.00","0.00","0.00","0.00","0.00","0.00","0.000000","0.00","0.00","0.00","594.89","0.00","0.00","0.00","594.89","1.000000","0.00","0.00","0.00","0.00","606.10","0.00","0.00","606.10","1.000000","0.00","0.00","0.00","0.00","2.53","6.24","5.14","13.91","1.000000","0.00","594.89","608.63","6.24","5.14","1214.90","1.000000","0.00","0.00"
"Northbridge","1071.98","0.00","0.00","0.00","0.00","1071.98","1.000000","0.00","0.00","834.03","0.00","921.15","1755.18","1.000000","4.55","4.11","4.61","7.89","8.18","29.34","1.000000","1076.53","4.11","838.64","7.89","929.33","2856.50","1.000000","0.00","0.00","0.00","0.00","0.00","0.00","0.000000","0.00","0.00","0.00","0.00","0.00","0.00","0.00","0.00","0.000000","0.00","0.00","0.00","0.00","0.00","0.00","0.00","0.00","0.00","0.00","0.00","0.00","0.00","0.00","0.000000","0.00","0.00","1071.98","0.00","0.00","0.00","0.00","1071.98","1.000000","0.00","0.00","0.00","0.00","834.03","0.00","921.15","1755.18","1.000000","0.00","0.00","4.55","4.11","4.61","7.89","8.18","29.34","1.000000","1076.53","4.11","838.64","7.89","929.33","2856.50","1.000000","0.00","0.00"
"Northfield","845.72","425.55","0.00","0.00","0.00","1271.27","1.000000","0.00","0.00","0.00","0.00","1125.02","1125.02","1.000000","0.00","0.00","8.64","5.26","5.46","19.36","1.000000","845.72","425.55","8.64","5.26","1130.48","2415.65","1.000000","0.00","0.00","0.00","0.00","0.00","0.00","0.000000","0.00","0.00","0.00","0.00","0.00","0.00","0.00","0.00","0.000000","0.00","0.00","0.00","0.00","0.00","0.00","0.00","0.00","0.00","0.00","0.00","0.00","0.00","0.00","0.000000","0.00","0.00","845.72","425.55","0.00","0.00","0.00","1271.27","1.000000","0.00","0.00","0.00","0.00","0.00","0.00","1125.02","1125.02","1.000000","0.00","0.00","0.00","0.00","8.64","5.26","5.46","19.36","1.000000","845.72","425.55","8.64","5.26","1130.48","2415.65","1.000000","0.00","0.00"
"Norton","2965.53","2926.64","0.00","0.00","0.00","5892.17","1.000000","0.00","0.00","1614.49","0.00","0.00","1614.49","1.000000","0.00","0.00","36.40","5.96","32.06","74.42","1.000000","2965.53","2926.64","1650.89","5.96","32.06","7581.08","1.000000","0.00","0.00","0.00","0.00","0.00","0.00","0.000000","0.00","0.00","0.00","0.00","0.00","0.00","0.00","0.00","0.000000","0.00","0.00","0.00","0.00","0.00","0.00","0.00","0.00","0.00","0.00","0.00","0.00","0.00","0.00","0.000000","0.00","0.00","2965.53","2926.64","0.00","0.00","0.00","5892.17","1.000000","0.00","0.00","0.00","0.00","1614.49","0.00","0.00","1614.49","1.000000","0.00","0.00","0.00","0.00","36.40","5.96","32.06","74.42","1.000000","2965.53","2926.64","1650.89","5.96","32.06","7581.08","1.000000","0.00","0.00"
"Norwell","0.00","2084.38","0.00","0.00","0.00","2084.38","1.000000","0.00","0.00","1824.96","0.00","1289.37","3114.33","1.000000","0.00","0.00","8.85","16.10","16.71","41.66","1.000000","0.00","2084.38","1833.81","16.10","1306.08","5240.37","1.000000","0.00","0.00","0.00","0.00","0.00","0.00","0.000000","0.00","0.00","0.00","0.00","0.00","0.00","0.00","0.00","0.000000","0.00","0.00","0.00","0.00","0.00","0.00","0.00","0.00","0.00","0.00","0.00","0.00","0.00","0.00","0.000000","0.00","0.00","0.00","2084.38","0.00","0.00","0.00","2084.38","1.000000","0.00","0.00","0.00","0.00","1824.96","0.00","1289.37","3114.33","1.000000","0.00","0.00","0.00","0.00","8.85","16.10","16.71","41.66","1.000000","0.00","2084.38","1833.81","16.10","1306.08","5240.37","1.000000","0.00","0.00"
"Norwood","2937.63","0.00","0.00","0.00","0.00","2937.63","1.000000","0.00","0.00","1742.61","0.00","1849.99","3592.60","1.000000","0.00","0.00","23.74","15.60","20.04","59.38","1.000000","2937.63","0.00","1766.35","15.60","1870.03","6589.61","1.000000","0.00","0.00","0.00","0.00","0.00","0.00","0.000000","0.00","0.00","0.00","0.00","0.00","0.00","0.00","0.00","0.000000","0.00","0.00","0.00","0.00","0.00","0.00","0.00","0.00","0.00","0.00","0.00","0.00","0.00","0.00","0.000000","0.00","0.00","2937.63","0.00","0.00","0.00","0.00","2937.63","1.000000","0.00","0.00","0.00","0.00","1742.61","0.00","1849.99","3592.60","1.000000","0.00","0.00","0.00","0.00","23.74","15.60","20.04","59.38","1.000000","2937.63","0.00","1766.35","15.60","1870.03","6589.61","1.000000","0.00","0.00"
"Oak Bluffs","101.05","1293.04","0.00","0.00","0.00","1394.09","1.000000","0.00","0.00","1953.44","0.00","2087.68","4041.12","1.000000","0.00","0.00","6.31","13.78","14.30","34.39","1.000000","101.05","1293.04","1959.75","13.78","2101.98","5469.60","1.000000","0.00","0.00","0.00","0.00","0.00","0.00","0.000000","0.00","0.00","0.00","0.00","0.00","0.00","0.00","0.00","0.000000","0.00","0.00","0.00","0.00","0.00","0.00","0.00","0.00","0.00","0.00","0.00","0.00","0.00","0.00","0.000000","0.00","0.00","101.05","1293.04","0.00","0.00","0.00","1394.09","1.000000","0.00","0.00","0.00","0.00","1953.44","0.00","2087.68","4041.12","1.000000","0.00","0.00","0.00","0.00","6.31","13.78","14.30","34.39","1.000000","101.05","1293.04","1959.75","13.78","2101.98","5469.60","1.000000","0.00","0.00"
"Oakham","0.00","0.00","0.00","0.00","0.00","0.00","0.000000","0.00","0.00","2555.04","0.00","0.00","2555.04","0.545787","0.00","0.00","0.00","10.50","10.89","21.39","1.000000","0.00","0.00","2555.04","10.50","10.89","2576.43","0.547853","0.00","0.00","0.00","0.00","0.00","0.00","0.000000","0.00","0.00","0.00","0.00","0.00","0.00","2126.35","2126.35","0.454213","0.00","0.00","0.00","0.00","0.00","0.00","0.00","0.00","0.00","0.00","0.00","0.00","2126.35","2126.35","0.452147","0.00","0.00","0.00","0.00","0.00","0.00","0.00","0.00","1.000000","0.00","0.00","0.00","0.00","2555.04","0.00","2126.35","4681.39","1.000000","0.00","0.00","0.00","0.00","0.00","10.50","10.89","21.39","1.000000","0.00","0.00","2555.04","10.50","2137.24","4702.78","1.000000","0.00","0.00"
"Orange","0.00","202.28","0.00","0.00","0.00","202.28","1.000000","0.00","0.00","0.00","0.00","2544.59","2544.59","0.918386","0.00","0.00","0.86","0.83","0.87","2.56","1.000000","0.00","202.28","0.86","0.83","2545.46","2749.43","0.924004","0.00","0.00","0.00","0.00","0.00","0.00","0.000000","0.00","0.00","0.00","0.00","226.13","0.00","0.00","226.13","0.081614","0.00","0.00","0.00","0.00","0.00","0.00","0.00","0.00","0.00","0.00","226.13","0.00","0.00","226.13","0.075996","0.00","0.00","0.00","202.28","0.00","0.00","0.00","202.28","1.000000","0.00","0.00","0.00","0.00","226.13","0.00","2544.59","2770.72","1.000000","0.00","0.00","0.00","0.00","0.86","0.83","0.87","2.56","1.000000","0.00","202.28","226.99","0.83","2545.46","2975.56","1.000000","0.00","0.00"
"Orleans","358.73","0.00","0.00","0.00","0.00","358.73","0.521061","0.00","0.00","371.72","0.00","0.00","371.72","1.000000","0.00","0.00","2.90","0.00","3.53","6.43","1.000000","358.73","0.00","374.62","0.00","3.53","736.88","0.690862","0.00","329.73","0.00","0.00","0.00","329.73","0.478939","0.00","0.00","0.00","0.00","0.00","0.00","0.00","0.00","0.000000","0.00","0.00","0.00","0.032","0.00","0.00","0.00","0.032","0.00","329.73","0.00","0.00","0.00","329.73","0.309138","0.00","0.00","358.73","329.73","0.00","0.00","0.00","688.46","1.000000","0.00","0.00","0.00","0.00","371.72","0.00","0.00","371.72","1.000000","0.00","0.00","0.00","0.00","2.90","0.00","3.53","6.43","1.000000","358.73","329.73","374.62","0.00","3.53","1066.61","1.000000","0.00","0.00"
"Otis","0.00","358.76","0.00","0.00","0.00","358.76","0.450834","0.00","0.00","0.00","0.00","401.49","401.49","1.000000","0.00","0.00","0.00","0.00","1.52","1.52","1.000000","0.00","358.76","0.00","0.00","403.01","761.77","0.635454","437.01","0.00","0.00","0.00","0.00","437.01","0.549166","0.00","0.00","0.00","0.00","0.00","0.00","0.00","0.00","0.000000","0.00","0.00","0.042","0.00","0.00","0.00","0.00","0.042","437.01","0.00","0.00","0.00","0.00","437.01","0.364546","0.00","0.00","437.01","358.76","0.00","0.00","0.00","795.77","1.000000","0.00","0.00","0.00","0.00","0.00","0.00","401.49","401.49","1.000000","0.00","0.00","0.00","0.00","0.00","0.00","1.52","1.52","1.000000","437.01","358.76","0.00","0.00","403.01","1198.78","1.000000","0.00","0.00"
"Oxford","0.00","429.51","0.00","0.00","0.00","429.51","1.000000","0.00","0.00","595.11","0.00","0.00","595.11","1.000000","0.00","0.00","1.82","4.22","4.38","10.42","1.000000","0.00","429.51","596.93","4.22","4.38","1035.04","1.000000","0.00","0.00","0.00","0.00","0.00","0.00","0.000000","0.00","0.00","0.00","0.00","0.00","0.00","0.00","0.00","0.000000","0.00","0.00","0.00","0.00","0.00","0.00","0.00","0.00","0.00","0.00","0.00","0.00","0.00","0.00","0.000000","0.00","0.00","0.00","429.51","0.00","0.00","0.00","429.51","1.000000","0.00","0.00","0.00","0.00","595.11","0.00","0.00","595.11","1.000000","0.00","0.00","0.00","0.00","1.82","4.22","4.38","10.42","1.000000","0.00","429.51","596.93","4.22","4.38","1035.04","1.000000","0.00","0.00"
"Palmer","449.70","0.00","0.00","0.00","0.00","449.70","1.000000","0.00","0.00","1150.07","0.00","921.15","2071.22","1.000000","0.00","0.00","3.57","6.59","6.84","17.00","1.000000","449.70","0.00","1153.64","6.59","927.99","2537.92","1.000000","0.00","0.00","0.00","0.00","0.00","0.00","0.000000","0.00","0.00","0.00","0.00","0.00","0.00","0.00","0.00","0.000000","0.00","0.00","0.00","0.00","0.00","0.00","0.00","0.00","0.00","0.00","0.00","0.00","0.00","0.00","0.000000","0.00","0.00","449.70","0.00","0.00","0.00","0.00","449.70","1.000000","0.00","0.00","0.00","0.00","1150.07","0.00","921.15","2071.22","1.000000","0.00","0.00","0.00","0.00","3.57","6.59","6.84","17.00","1.000000","449.70","0.00","1153.64","6.59","927.99","2537.92","1.000000","0.00","0.00"
"Paxton","593.69","801.82","0.00","0.00","0.00","1395.51","1.000000","0.00","0.00","0.00","0.00","1144.01","1144.01","1.000000","0.00","0.00","8.20","5.77","5.99","19.96","1.000000","593.69","801.82","8.20","5.77","1150.00","2559.48","1.000000","0.00","0.00","0.00","0.00","0.00","0.00","0.000000","0.00","0.00","0.00","0.00","0.00","0.00","0.00","0.00","0.000000","0.00","0.00","0.00","0.00","0.00","0.00","0.00","0.00","0.00","0.00","0.00","0.00","0.00","0.00","0.000000","0.00","0.00","593.69","801.82","0.00","0.00","0.00","1395.51","1.000000","0.00","0.00","0.00","0.00","0.00","0.00","1144.01","1144.01","1.000000","0.00","0.00","0.00","0.00","8.20","5.77","5.99","19.96","1.000000","593.69","801.82","8.20","5.77","1150.00","2559.48","1.000000","0.00","0.00"
"Peabody","1298.65","921.79","0.00","0.00","0.00","2220.44","1.000000","0.00","0.00","1608.32","0.00","0.00","1608.32","1.000000","0.00","0.00","14.41","12.10","0.00","26.51","1.000000","1298.65","921.79","1622.73","12.10","0.00","3855.27","1.000000","0.00","0.00","0.00","0.00","0.00","0.00","0.000000","0.00","0.00","0.00","0.00","0.00","0.00","0.00","0.00","0.000000","0.00","0.00","0.00","0.00","0.00","0.00","0.00","0.00","0.00","0.00","0.00","0.00","0.00","0.00","0.000000","0.00","0.00","1298.65","921.79","0.00","0.00","0.00","2220.44","1.000000","0.00","0.00","0.00","0.00","1608.32","0.00","0.00","1608.32","1.000000","0.00","0.00","0.00","0.00","14.41","12.10","0.00","26.51","1.000000","1298.65","921.79","1622.73","12.10","0.00","3855.27","1.000000","0.00","0.00"
"Pelham","0.00","1043.87","0.00","0.00","0.00","1043.87","1.000000","0.00","0.00","1515.90","0.00","1601.34","3117.24","1.000000","0.00","0.00","4.43","0.00","10.89","15.32","1.000000","0.00","1043.87","1520.33","0.00","1612.23","4176.43","1.000000","0.00","0.00","0.00","0.00","0.00","0.00","0.000000","0.00","0.00","0.00","0.00","0.00","0.00","0.00","0.00","0.000000","0.00","0.00","0.00","0.00","0.00","0.00","0.00","0.00","0.00","0.00","0.00","0.00","0.00","0.00","0.000000","0.00","0.00","0.00","1043.87","0.00","0.00","0.00","1043.87","1.000000","0.00","0.00","0.00","0.00","1515.90","0.00","1601.34","3117.24","1.000000","0.00","0.00","0.00","0.00","4.43","0.00","10.89","15.32","1.000000","0.00","1043.87","1520.33","0.00","1612.23","4176.43","1.000000","0.00","0.00"
"Pembroke","1291.18","0.00","0.00","0.00","0.00","1291.18","1.000000","0.00","0.00","1731.61","0.00","1849.99","3581.60","1.000000","0.00","0.00","10.44","12.47","12.93","35.84","1.000000","1291.18","0.00","1742.05","12.47","1862.92","4908.62","1.000000","0.00","0.00","0.00","0.00","0.00","0.00","0.000000","0.00","0.00","0.00","0.00","0.00","0.00","0.00","0.00","0.000000","0.00","0.00","0.00","0.00","0.00","0.00","0.00","0.00","0.00","0.00","0.00","0.00","0.00","0.00","0.000000","0.00","0.00","1291.18","0.00","0.00","0.00","0.00","1291.18","1.000000","0.00","0.00","0.00","0.00","1731.61","0.00","1849.99","3581.60","1.000000","0.00","0.00","0.00","0.00","10.44","12.47","12.93","35.84","1.000000","1291.18","0.00","1742.05","12.47","1862.92","4908.62","1.000000","0.00","0.00"
"Pepperell","124.17","937.27","0.00","0.00","0.00","1061.44","1.000000","0.00","0.00","2327.56","0.00","2087.68","4415.24","1.000000","0.00","0.00","4.98","13.95","14.47","33.40","1.000000","124.17","937.27","2332.54","13.95","2102.15","5510.08","1.000000","0.00","0.00","0.00","0.00","0.00","0.00","0.000000","0.00","0.00","0.00","0.00","0.00","0.00","0.00","0.00","0.000000","0.00","0.00","0.00","0.00","0.00","0.00","0.00","0.00","0.00","0.00","0.00","0.00","0.00","0.00","0.000000","0.00","0.00","124.17","937.27","0.00","0.00","0.00","1061.44","1.000000","0.00","0.00","0.00","0.00","2327.56","0.00","2087.68","4415.24","1.000000","0.00","0.00","0.00","0.00","4.98","13.95","14.47","33.40","1.000000","124.17","937.27","2332.54","13.95","2102.15","5510.08","1.000000","0.00","0.00"
"Peru","0.00","0.85","0.00","0.00","0.00","0.85","1.000000","0.00","0.00","2569.64","0.00","2327.56","4897.20","1.000000","0.00","0.00","0.00","10.56","10.96","21.52","1.000000","0.00","0.85","2569.64","10.56","2338.52","4919.57","1.000000","0.00","0.00","0.00","0.00","0.00","0.00","0.000000","0.00","0.00","0.00","0.00","0.00","0.00","0.00","0.00","0.000000","0.00","0.00","0.00","0.00","0.00","0.00","0.00","0.00","0.00","0.00","0.00","0.00","0.00","0.00","0.000000","0.00","0.00","0.00","0.85","0.00","0.00","0.00","0.85","1.000000","0.00","0.00","0.00","0.00","2569.64","0.00","2327.56","4897.20","1.000000","0.00","0.00","0.00","0.00","0.00","10.56","10.96","21.52","1.000000","0.00","0.85","2569.64","10.56","2338.52","4919.57","1.000000","0.00","0.00"
"Petersham","9.24","233.70","0.00","0.00","0.00","242.94","1.000000","0.00","0.00","247.53","0.00","2235.58","2483.11","1.000000","0.00","0.00","1.07","2.02","2.10","5.19","1.000000","9.24","233.70","248.60","2.02","2237.68","2731.24","1.000000","0.00","0.00","0.00","0.00","0.00","0.00","0.000000","0.00","0.00","0.00","0.00","0.00","0.00","0.00","0.00","0.000000","0.00","0.00","0.00","0.00","0.00","0.00","0.00","0.00","0.00","0.00","0.00","0.00","0.00","0.00","0.000000","0.00","0.00","9.24","233.70","0.00","0.00","0.00","242.94","1.000000","0.00","0.00","0.00","0.00","247.53","0.00","2235.58","2483.11","1.000000","0.00","0.00","0.00","0.00","1.07","2.02","2.10","5.19","1.000000","9.24","233.70","248.60","2.02","2237.68","2731.24","1.000000","0.00","0.00"
"Phillipston","684.46","343.28","0.00","0.00","0.00","1027.74","1.000000","0.00","0.00","0.00","134.82","222.48","357.30","1.000000","0.00","0.00","6.99","4.25","4.98","16.22","1.000000","684.46","343.28","6.99","139.07","227.46","1401.26","1.000000","0.00","0.00","0.00","0.00","0.00","0.00","0.000000","0.00","0.00","0.00","0.00","0.00","0.00","0.00","0.00","0.000000","0.00","0.00","0.00","0.00","0.00","0.00","0.00","0.00","0.00","0.00","0.00","0.00","0.00","0.00","0.000000","0.00","0.00","684.46","343.28","0.00","0.00","0.00","1027.74","1.000000","0.00","0.00","0.00","0.00","0.00","134.82","222.48","357.30","1.000000","0.00","0.00","0.00","0.00","6.99","4.25","4.98","16.22","1.000000","684.46","343.28","6.99","139.07","227.46","1401.26","1.000000","0.00","0.00"
"Pittsfield","454.97","348.48","0.00","0.00","0.00","803.45","1.000000","0.00","0.00","0.00","0.00","448.16","448.16","1.000000","0.00","0.00","6.58","0.00","3.44","10.02","1.000000","454.97","348.48","6.58","0.00","451.60","1261.63","1.000000","0.00","0.00","0.00","0.00","0.00","0.00","0.000000","0.00","0.00","0.00","0.00","0.00","0.00","0.00","0.00","0.000000","0.00","0.00","0.00","0.00","0.00","0.00","0.00","0.00","0.00","0.00","0.00","0.00","0.00","0.00","0.000000","0.00","0.00","454.97","348.48","0.00","0.00","0.00","803.45","1.000000","0.00","0.00","0.00","0.00","0.00","0.00","448.16","448.16","1.000000","0.00","0.00","0.00","0.00","6.58","0.00","3.44","10.02","1.000000","454.97","348.48","6.58","0.00","451.60","1261.63","1.000000","0.00","0.00"
"Plainfield","0.00","117.98","0.00","0.00","0.00","117.98","1.000000","0.00","0.00","0.00","896.62","0.00","896.62","1.000000","0.00","0.00","0.00","0.48","0.00","0.48","1.000000","0.00","117.98","0.00","897.10","(1.75)","1013.33","1.000000","0.00","0.00","0.00","0.00","0.00","0.00","0.000000","0.00","0.00","0.00","0.00","0.00","0.00","0.00","0.00","0.000000","0.00","0.00","0.00","0.00","0.00","0.00","0.00","0.00","0.00","0.00","0.00","0.00","0.00","0.00","0.000000","0.00","0.00","0.00","117.98","0.00","0.00","0.00","117.98","1.000000","0.00","0.00","0.00","0.00","0.00","896.62","0.00","896.62","1.000000","0.00","0.00","0.00","0.00","0.00","0.48","0.00","0.48","1.000000","0.00","117.98","0.00","897.10","(1.75)","1013.33","1.000000","0.00","0.00"
"Plainville","464.55","0.00","0.00","0.00","0.00","464.55","1.000000","0.00","0.00","0.00","1123.75","921.15","2044.90","1.000000","0.00","0.00","0.00","1.91","6.75","8.66","1.000000","464.55","0.00","0.00","1125.66","927.90","2518.11","1.000000","0.00","0.00","0.00","0.00","0.00","0.00","0.000000","0.00","0.00","0.00","0.00","0.00","0.00","0.00","0.00","0.000000","0.00","0.00","0.00","0.00","0.00","0.00","0.00","0.00","0.00","0.00","0.00","0.00","0.00","0.00","0.000000","0.00","0.00","464.55","0.00","0.00","0.00","0.00","464.55","1.000000","0.00","0.00","0.00","0.00","0.00","1123.75","921.15","2044.90","1.000000","0.00","0.00","0.00","0.00","0.00","1.91","6.75","8.66","1.000000","464.55","0.00","0.00","1125.66","927.90","2518.11","1.000000","0.00","0.00"
"Plymouth","558.63","802.64","0.00","0.00","0.00","1361.27","1.000000","0.00","0.00","0.00","0.00","811.01","811.01","1.000000","0.00","0.00","3.88","5.61","5.82","15.31","1.000000","558.63","802.64","3.88","5.61","816.83","2187.59","1.000000","0.00","0.00","0.00","0.00","0.00","0.00","0.000000","0.00","0.00","0.00","0.00","0.00","0.00","0.00","0.00","0.000000","0.00","0.00","0.00","0.00","0.00","0.00","0.00","0.00","0.00","0.00","0.00","0.00","0.00","0.00","0.000000","0.00","0.00","558.63","802.64","0.00","0.00","0.00","1361.27","1.000000","0.00","0.00","0.00","0.00","0.00","0.00","811.01","811.01","1.000000","0.00","0.00","0.00","0.00","3.88","5.61","5.82","15.31","1.000000","558.63","802.64","3.88","5.61","816.83","2187.59","1.000000","0.00","0.00"
"Plympton","1044.83","919.70","0.00","0.00","0.00","1964.53","1.000000","0.00","0.00","0.00","1274.44","0.00","1274.44","1.000000","0.00","0.00","12.35","8.12","254.83","275.30","1.000000","1044.83","919.70","12.35","1282.56","254.83","3514.27","1.000000","0.00","0.00","0.00","0.00","0.00","0.00","0.000000","0.00","0.00","0.00","0.00","0.00","0.00","0.00","0.00","0.000000","0.00","0.00","0.00","0.00","0.00","0.00","0.00","0.00","0.00","0.00","0.00","0.00","0.00","0.00","0.000000","0.00","0.00","1044.83","919.70","0.00","0.00","0.00","1964.53","1.000000","0.00","0.00","0.00","0.00","0.00","1274.44","0.00","1274.44","1.000000","0.00","0.00","0.00","0.00","12.35","8.12","254.83","275.30","1.000000","1044.83","919.70","12.35","1282.56","254.83","3514.27","1.000000","0.00","0.00"
"Princeton","0.00","661.67","0.00","0.00","0.00","661.67","1.000000","0.00","0.00","0.00","1849.99","1589.44","3439.43","1.000000","0.00","0.00","4.26","244.73","11.72","260.71","1.000000","0.00","661.67","4.26","2094.72","1601.16","4361.81","1.000000","0.00","0.00","0.00","0.00","0.00","0.00","0.000000","0.00","0.00","0.00","0.00","0.00","0.00","0.00","0.00","0.000000","0.00","0.00","0.00","0.00","0.00","0.00","0.00","0.00","0.00","0.00","0.00","0.00","0.00","0.00","0.000000","0.00","0.00","0.00","661.67","0.00","0.00","0.00","661.67","1.000000","0.00","0.00","0.00","0.00","0.00","1849.99","1589.44","3439.43","1.000000","0.00","0.00","0.00","0.00","4.26","244.73","11.72","260.71","1.000000","0.00","661.67","4.26","2094.72","1601.16","4361.81","1.000000","0.00","0.00"
"Provincetown","880.23","0.00","0.00","0.00","0.00","880.23","1.000000","0.00","0.00","0.00","2062.64","1849.99","3912.63","1.000000","0.00","0.00","249.98","4.64","13.58","268.20","1.000000","880.23","0.00","249.98","2067.28","1863.57","5061.06","1.000000","0.00","0.00","0.00","0.00","0.00","0.00","0.000000","0.00","0.00","0.00","0.00","0.00","0.00","0.00","0.00","0.000000","0.00","0.00","0.00","0.00","0.00","0.00","0.00","0.00","0.00","0.00","0.00","0.00","0.00","0.00","0.000000","0.00","0.00","880.23","0.00","0.00","0.00","0.00","880.23","1.000000","0.00","0.00","0.00","0.00","0.00","2062.64","1849.99","3912.63","1.000000","0.00","0.00","0.00","0.00","249.98","4.64","13.58","268.20","1.000000","880.23","0.00","249.98","2067.28","1863.57","5061.06","1.000000","0.00","0.00"
"Quincy","0.00","997.32","0.00","0.00","0.00","997.32","1.000000","0.00","0.00","0.00","2307.80","2087.68","4395.48","1.000000","0.00","243.99","0.00","5.10","15.09","264.18","1.000000","0.00","1241.31","0.00","2312.90","2102.77","5656.98","1.000000","0.00","0.00","0.00","0.00","0.00","0.00","0.000000","0.00","0.00","0.00","0.00","0.00","0.00","0.00","0.00","0.000000","0.00","0.00","0.00","0.00","0.00","0.00","0.00","0.00","0.00","0.00","0.00","0.00","0.00","0.00","0.000000","0.00","0.00","0.00","997.32","0.00","0.00","0.00","997.32","1.000000","0.00","0.00","0.00","0.00","0.00","2307.80","2087.68","4395.48","1.000000","0.00","0.00","0.00","243.99","0.00","5.10","15.09","264.18","1.000000","0.00","1241.31","0.00","2312.90","2102.77","5656.98","1.000000","0.00","0.00"
"Randolph","0.00","101.08","0.00","0.00","0.00","101.08","1.000000","0.00","0.00","0.00","2569.64","1983.50","4553.14","1.000000","139.03","0.00","1.55","0.99","11.94","153.51","1.000000","139.03","101.08","1.55","2570.63","1995.44","4807.73","1.000000","0.00","0.00","0.00","0.00","0.00","0.00","0.000000","0.00","0.00","0.00","0.00","0.00","0.00","0.00","0.00","0.000000","0.00","0.00","0.00","0.00","0.00","0.00","0.00","0.00","0.00","0.00","0.00","0.00","0.00","0.00","0.000000","0.00","0.00","0.00","101.08","0.00","0.00","0.00","101.08","1.000000","0.00","0.00","0.00","0.00","0.00","2569.64","1983.50","4553.14","1.000000","0.00","0.00","139.03","0.00","1.55","0.99","11.94","153.51","1.000000","139.03","101.08","1.55","2570.63","1995.44","4807.73","1.000000","0.00","0.00"
"Raynham","311.28","135.97","0.00","0.00","0.00","447.25","1.000000","0.00","0.00","0.00","0.00","2569.64","2569.64","1.000000","0.00","0.00","3.51","2.25","1.92","7.68","1.000000","311.28","135.97","3.51","2.25","2571.56","3024.57","1.000000","0.00","0.00","0.00","0.00","0.00","0.00","0.000000","0.00","0.00","0.00","0.00","0.00","0.00","0.00","0.00","0.000000","0.00","0.00","0.00","0.00","0.00","0.00","0.00","0.00","0.00","0.00","0.00","0.00","0.00","0.00","0.000000","0.00","0.00","311.28","135.97","0.00","0.00","0.00","447.25","1.000000","0.00","0.00","0.00","0.00","0.00","0.00","2569.64","2569.64","1.000000","0.00","0.00","0.00","0.00","3.51","2.25","1.92","7.68","1.000000","311.28","135.97","3.51","2.25","2571.56","3024.57","1.000000","0.00","0.00"
"Reading","658.08","3.60","0.00","0.00","0.00","661.68","1.000000","0.00","0.00","0.00","469.87","241.47","711.34","1.000000","0.00","0.00","6.80","2.75","4.85","14.40","1.000000","658.08","3.60","6.80","472.62","246.32","1387.42","1.000000","0.00","0.00","0.00","0.00","0.00","0.00","0.000000","0.00","0.00","0.00","0.00","0.00","0.00","0.00","0.00","0.000000","0.00","0.00","0.00","0.00","0.00","0.00","0.00","0.00","0.00","0.00","0.00","0.00","0.00","0.00","0.000000","0.00","0.00","658.08","3.60","0.00","0.00","0.00","661.68","1.000000","0.00","0.00","0.00","0.00","0.00","469.87","241.47","711.34","1.000000","0.00","0.00","0.00","0.00","6.80","2.75","4.85","14.40","1.000000","658.08","3.60","6.80","472.62","246.32","1387.42","1.000000","0.00","0.00"
"Rehoboth","458.94","317.56","0.00","0.00","0.00","776.50","1.000000","0.00","0.00","0.00","0.00","0.00","0.00","0.000000","0.00","0.00","5.06","0.00","0.00","5.06","1.000000","458.94","317.56","5.06","0.00","0.00","781.56","0.645485","0.00","0.00","0.00","0.00","0.00","0.00","0.000000","0.00","0.00","0.00","0.00","0.00","0.00","429.25","429.25","1.000000","0.00","0.00","0.00","0.00","0.00","0.00","0.00","0.00","0.00","0.00","0.00","0.00","429.25","429.25","0.354515","0.00","0.00","458.94","317.56","0.00","0.00","0.00","776.50","1.000000","0.00","0.00","0.00","0.00","0.00","0.00","429.25","429.25","1.000000","0.00","0.00","0.00","0.00","5.06","0.00","0.00","5.06","1.000000","458.94","317.56","5.06","0.00","429.25","1210.81","1.000000","0.00","0.00"
"Revere","0.00","106.61","0.00","0.00","0.00","106.61","1.000000","0.00","0.00","0.00","0.00","0.00","0.00","0.000000","0.00","0.00","0.00","0.00","0.00","0.00","0.000000","0.00","106.61","0.00","0.00","(2.70)","103.91","0.109908","0.00","0.00","0.00","0.00","0.00","0.00","0.000000","0.00","0.00","0.00","0.00","0.00","841.52","0.00","841.52","1.000000","0.00","0.00","0.00","0.00","0.00","0.00","0.00","0.00","0.00","0.00","0.00","841.52","0.00","841.52","0.890092","0.00","0.00","0.00","106.61","0.00","0.00","0.00","106.61","1.000000","0.00","0.00","0.00","0.00","0.00","841.52","0.00","841.52","1.000000","0.00","0.00","0.00","0.00","0.00","0.00","0.00","0.00","1.000000","0.00","106.61","0.00","841.52","(2.70)","945.43","1.000000","0.00","0.00"
"Richmond","427.39","0.00","0.00","0.00","0.00","427.39","1.000000","0.00","0.00","0.00","1128.49","572.09","1700.58","1.000000","0.00","0.00","0.00","1.76","6.61","8.37","1.000000","427.39","0.00","0.00","1130.25","578.70","2136.34","1.000000","0.00","0.00","0.00","0.00","0.00","0.00","0.000000","0.00","0.00","0.00","0.00","0.00","0.00","0.00","0.00","0.000000","0.00","0.00","0.00","0.00","0.00","0.00","0.00","0.00","0.00","0.00","0.00","0.00","0.00","0.00","0.000000","0.00","0.00","427.39","0.00","0.00","0.00","0.00","427.39","1.000000","0.00","0.00","0.00","0.00","0.00","1128.49","572.09","1700.58","1.000000","0.00","0.00","0.00","0.00","0.00","1.76","6.61","8.37","1.000000","427.39","0.00","0.00","1130.25","578.70","2136.34","1.000000","0.00","0.00"
"Rochester","0.00","387.43","0.00","0.00","0.00","387.43","0.318492","0.00","0.00","0.00","0.00","1150.07","1150.07","1.000000","0.00","0.00","3.13","3.04","1.67","7.84","1.000000","0.00","387.43","3.13","3.04","1151.74","1545.34","0.650845","829.02","0.00","0.00","0.00","0.00","829.02","0.681508","0.00","0.00","0.00","0.00","0.00","0.00","0.00","0.00","0.000000","0.00","0.00","0.082","0.00","0.00","0.00","0.00","0.082","829.02","0.00","0.00","0.00","0.00","829.02","0.349155","0.00","0.00","829.02","387.43","0.00","0.00","0.00","1216.45","1.000000","0.00","0.00","0.00","0.00","0.00","0.00","1150.07","1150.07","1.000000","0.00","0.00","0.00","0.00","3.13","3.04","1.67","7.84","1.000000","829.02","387.43","3.13","3.04","1151.74","2374.36","1.000000","0.00","0.00"
"Rockland","950.97","545.34","0.00","0.00","0.00","1496.31","1.000000","0.00","0.00","0.00","1614.49","0.00","1614.49","1.000000","0.00","0.00","11.49","6.20","13.29","30.98","1.000000","950.97","545.34","11.49","1620.69","13.29","3141.78","1.000000","0.00","0.00","0.00","0.00","0.00","0.00","0.000000","0.00","0.00","0.00","0.00","0.00","0.00","0.00","0.00","0.000000","0.00","0.00","0.00","0.00","0.00","0.00","0.00","0.00","0.00","0.00","0.00","0.00","0.00","0.00","0.000000","0.00","0.00","950.97","545.34","0.00","0.00","0.00","1496.31","1.000000","0.00","0.00","0.00","0.00","0.00","1614.49","0.00","1614.49","1.000000","0.00","0.00","0.00","0.00","11.49","6.20","13.29","30.98","1.000000","950.97","545.34","11.49","1620.69","13.29","3141.78","1.000000","0.00","0.00"
"Rockport","0.00","634.62","0.00","0.00","0.00","634.62","1.000000","0.00","0.00","0.00","1849.99","1614.49","3464.48","1.000000","0.00","0.00","2.70","2.62","10.57","15.89","1.000000","0.00","634.62","2.70","1852.61","1625.06","4114.99","1.000000","0.00","0.00","0.00","0.00","0.00","0.00","0.000000","0.00","0.00","0.00","0.00","0.00","0.00","0.00","0.00","0.000000","0.00","0.00","0.00","0.00","0.00","0.00","0.00","0.00","0.00","0.00","0.00","0.00","0.00","0.00","0.000000","0.00","0.00","0.00","634.62","0.00","0.00","0.00","634.62","1.000000","0.00","0.00","0.00","0.00","0.00","1849.99","1614.49","3464.48","1.000000","0.00","0.00","0.00","0.00","2.70","2.62","10.57","15.89","1.000000","0.00","634.62","2.70","1852.61","1625.06","4114.99","1.000000","0.00","0.00"
"Rowe","848.24","0.00","0.00","0.00","0.00","848.24","1.000000","0.00","0.00","0.00","2087.68","1824.94","3912.62","1.000000","0.00","0.00","6.86","3.51","12.51","22.88","1.000000","848.24","0.00","6.86","2091.19","1837.45","4783.74","1.000000","0.00","0.00","0.00","0.00","0.00","0.00","0.000000","0.00","0.00","0.00","0.00","0.00","0.00","0.00","0.00","0.000000","0.00","0.00","0.00","0.00","0.00","0.00","0.00","0.00","0.00","0.00","0.00","0.00","0.00","0.00","0.000000","0.00","0.00","848.24","0.00","0.00","0.00","0.00","848.24","1.000000","0.00","0.00","0.00","0.00","0.00","2087.68","1824.94","3912.62","1.000000","0.00","0.00","0.00","0.00","6.86","3.51","12.51","22.88","1.000000","848.24","0.00","6.86","2091.19","1837.45","4783.74","1.000000","0.00","0.00"
"Rowley","0.00","954.04","0.00","0.00","0.00","954.04","1.000000","0.00","0.00","0.00","2302.52","1733.62","4036.14","1.000000","0.00","0.00","4.05","3.94","13.86","21.85","1.000000","0.00","954.04","4.05","2306.46","1747.48","5012.03","1.000000","0.00","0.00","0.00","0.00","0.00","0.00","0.000000","0.00","0.00","0.00","0.00","0.00","0.00","0.00","0.00","0.000000","0.00","0.00","0.00","0.00","0.00","0.00","0.00","0.00","0.00","0.00","0.00","0.00","0.00","0.00","0.000000","0.00","0.00","0.00","954.04","0.00","0.00","0.00","954.04","1.000000","0.00","0.00","0.00","0.00","0.00","2302.52","1733.62","4036.14","1.000000","0.00","0.00","0.00","0.00","4.05","3.94","13.86","21.85","1.000000","0.00","954.04","4.05","2306.46","1747.48","5012.03","1.000000","0.00","0.00"
"Royalston","231.43","127.48","0.00","0.00","0.00","358.91","1.000000","0.00","0.00","0.00","2191.97","2321.50","4513.47","1.000000","0.00","0.00","0.00","1.48","10.84","12.32","1.000000","231.43","127.48","0.00","2193.45","2332.34","4884.70","1.000000","0.00","0.00","0.00","0.00","0.00","0.00","0.000000","0.00","0.00","0.00","0.00","0.00","0.00","0.00","0.00","0.000000","0.00","0.00","0.00","0.00","0.00","0.00","0.00","0.00","0.00","0.00","0.00","0.00","0.00","0.00","0.000000","0.00","0.00","231.43","127.48","0.00","0.00","0.00","358.91","1.000000","0.00","0.00","0.00","0.00","0.00","2191.97","2321.50","4513.47","1.000000","0.00","0.00","0.00","0.00","0.00","1.48","10.84","12.32","1.000000","231.43","127.48","0.00","2193.45","2332.34","4884.70","1.000000","0.00","0.00"
"Russell","199.53","0.00","0.00","0.00","0.00","199.53","1.000000","0.00","0.00","0.00","242.48","2569.64","2812.12","1.000000","0.00","0.00","3.66","0.84","1.90","6.40","1.000000","199.53","0.00","3.66","243.32","2571.54","3018.05","1.000000","0.00","0.00","0.00","0.00","0.00","0.00","0.000000","0.00","0.00","0.00","0.00","0.00","0.00","0.00","0.00","0.000000","0.00","0.00","0.00","0.00","0.00","0.00","0.00","0.00","0.00","0.00","0.00","0.00","0.00","0.00","0.000000","0.00","0.00","199.53","0.00","0.00","0.00","0.00","199.53","1.000000","0.00","0.00","0.00","0.00","0.00","242.48","2569.64","2812.12","1.000000","0.00","0.00","0.00","0.00","3.66","0.84","1.90","6.40","1.000000","199.53","0.00","3.66","243.32","2571.54","3018.05","1.000000","0.00","0.00"
"Rutland","639.44","0.00","0.00","0.00","0.00","639.44","1.000000","0.00","0.00","0.00","469.87","247.53","717.40","1.000000","0.00","0.00","1.04","2.63","4.73","8.40","1.000000","639.44","0.00","1.04","472.50","252.26","1365.24","1.000000","0.00","0.00","0.00","0.00","0.00","0.00","0.000000","0.00","0.00","0.00","0.00","0.00","0.00","0.00","0.00","0.000000","0.00","0.00","0.00","0.00","0.00","0.00","0.00","0.00","0.00","0.00","0.00","0.00","0.00","0.00","0.000000","0.00","0.00","639.44","0.00","0.00","0.00","0.00","639.44","1.000000","0.00","0.00","0.00","0.00","0.00","469.87","247.53","717.40","1.000000","0.00","0.00","0.00","0.00","1.04","2.63","4.73","8.40","1.000000","639.44","0.00","1.04","472.50","252.26","1365.24","1.000000","0.00","0.00"
"Salem","92.67","668.73","0.00","0.00","0.00","761.40","1.000000","0.00","0.00","0.00","0.00","469.87","469.87","1.000000","0.00","0.00","3.59","3.14","3.26","9.99","1.000000","92.67","668.73","3.59","3.14","473.13","1241.26","1.000000","0.00","0.00","0.00","0.00","0.00","0.00","0.000000","0.00","0.00","0.00","0.00","0.00","0.00","0.00","0.00","0.000000","0.00","0.00","0.00","0.00","0.00","0.00","0.00","0.00","0.00","0.00","0.00","0.00","0.00","0.00","0.000000","0.00","0.00","92.67","668.73","0.00","0.00","0.00","761.40","1.000000","0.00","0.00","0.00","0.00","0.00","0.00","469.87","469.87","1.000000","0.00","0.00","0.00","0.00","3.59","3.14","3.26","9.99","1.000000","92.67","668.73","3.59","3.14","473.13","1241.26","1.000000","0.00","0.00"
"Salisbury","0.00","80.97","0.00","0.00","0.00","80.97","1.000000","0.00","0.00","0.00","562.09","0.00","562.09","1.000000","0.00","0.00","0.34","0.33","0.00","0.67","1.000000","0.00","80.97","0.34","562.42","0.00","643.73","1.000000","0.00","0.00","0.00","0.00","0.00","0.00","0.000000","0.00","0.00","0.00","0.00","0.00","0.00","0.00","0.00","0.000000","0.00","0.00","0.00","0.00","0.00","0.00","0.00","0.00","0.00","0.00","0.00","0.00","0.00","0.00","0.000000","0.00","0.00","0.00","80.97","0.00","0.00","0.00","80.97","1.000000","0.00","0.00","0.00","0.00","0.00","562.09","0.00","562.09","1.000000","0.00","0.00","0.00","0.00","0.34","0.33","0.00","0.67","1.000000","0.00","80.97","0.34","562.42","0.00","643.73","1.000000","0.00","0.00"
"Sandisfield","756.78","0.00","0.00","0.00","0.00","756.78","1.000000","0.00","0.00","0.00","764.98","921.15","1686.13","1.000000","0.00","0.00","6.12","3.14","6.50","15.76","1.000000","756.78","0.00","6.12","768.12","927.65","2458.67","1.000000","0.00","0.00","0.00","0.00","0.00","0.00","0.000000","0.00","0.00","0.00","0.00","0.00","0.00","0.00","0.00","0.000000","0.00","0.00","0.00","0.00","0.00","0.00","0.00","0.00","0.00","0.00","0.00","0.00","0.00","0.00","0.000000","0.00","0.00","756.78","0.00","0.00","0.00","0.00","756.78","1.000000","0.00","0.00","0.00","0.00","0.00","764.98","921.15","1686.13","1.000000","0.00","0.00","0.00","0.00","6.12","3.14","6.50","15.76","1.000000","756.78","0.00","6.12","768.12","927.65","2458.67","1.000000","0.00","0.00"
"Sandwich","2669.35","1982.78","0.00","0.00","0.00","4652.13","1.000000","0.00","0.00","0.00","0.00","1150.07","1150.07","1.000000","0.00","0.00","6.50","19.15","19.86","45.51","1.000000","2669.35","1982.78","6.50","19.15","1169.93","5847.71","1.000000","0.00","0.00","0.00","0.00","0.00","0.00","0.000000","0.00","0.00","0.00","0.00","0.00","0.00","0.00","0.00","0.000000","0.00","0.00","0.00","0.00","0.00","0.00","0.00","0.00","0.00","0.00","0.00","0.00","0.00","0.00","0.000000","0.00","0.00","2669.35","1982.78","0.00","0.00","0.00","4652.13","1.000000","0.00","0.00","0.00","0.00","0.00","0.00","1150.07","1150.07","1.000000","0.00","0.00","0.00","0.00","6.50","19.15","19.86","45.51","1.000000","2669.35","1982.78","6.50","19.15","1169.93","5847.71","1.000000","0.00","0.00"
"Saugus","2797.56","1412.52","0.00","0.00","0.00","4210.08","1.000000","0.00","0.00","403.61","1614.49","0.00","2018.10","1.000000","1.75","1.58","27.05","19.09","26.66","76.13","1.000000","2799.31","1414.10","430.66","1633.58","26.66","6304.31","1.000000","0.00","0.00","0.00","0.00","0.00","0.00","0.000000","0.00","0.00","0.00","0.00","0.00","0.00","0.00","0.00","0.000000","0.00","0.00","0.00","0.00","0.00","0.00","0.00","0.00","0.00","0.00","0.00","0.00","0.00","0.00","0.000000","0.00","0.00","2797.56","1412.52","0.00","0.00","0.00","4210.08","1.000000","0.00","0.00","0.00","0.00","403.61","1614.49","0.00","2018.10","1.000000","0.00","0.00","1.75","1.58","27.05","19.09","26.66","76.13","1.000000","2799.31","1414.10","430.66","1633.58","26.66","6304.31","1.000000","0.00","0.00"
"Savoy","0.00","301.16","0.00","0.00","0.00","301.16","1.000000","0.00","0.00","0.00","1849.99","1614.49","3464.48","1.000000","0.00","0.00","1.28","1.24","9.15","11.67","1.000000","0.00","301.16","1.28","1851.23","1623.64","3777.31","1.000000","0.00","0.00","0.00","0.00","0.00","0.00","0.000000","0.00","0.00","0.00","0.00","0.00","0.00","0.00","0.00","0.000000","0.00","0.00","0.00","0.00","0.00","0.00","0.00","0.00","0.00","0.00","0.00","0.00","0.00","0.00","0.000000","0.00","0.00","0.00","301.16","0.00","0.00","0.00","301.16","1.000000","0.00","0.00","0.00","0.00","0.00","1849.99","1614.49","3464.48","1.000000","0.00","0.00","0.00","0.00","1.28","1.24","9.15","11.67","1.000000","0.00","301.16","1.28","1851.23","1623.64","3777.31","1.000000","0.00","0.00"
"Scituate","2583.40","0.00","0.00","0.00","0.00","2583.40","1.000000","0.00","0.00","0.00","2087.68","1479.87","3567.55","1.000000","0.00","0.00","20.88","10.70","19.97","51.55","1.000000","2583.40","0.00","20.88","2098.38","1499.84","6202.50","1.000000","0.00","0.00","0.00","0.00","0.00","0.00","0.000000","0.00","0.00","0.00","0.00","0.00","0.00","0.00","0.00","0.000000","0.00","0.00","0.00","0.00","0.00","0.00","0.00","0.00","0.00","0.00","0.00","0.00","0.00","0.00","0.000000","0.00","0.00","2583.40","0.00","0.00","0.00","0.00","2583.40","1.000000","0.00","0.00","0.00","0.00","0.00","2087.68","1479.87","3567.55","1.000000","0.00","0.00","0.00","0.00","20.88","10.70","19.97","51.55","1.000000","2583.40","0.00","20.88","2098.38","1499.84","6202.50","1.000000","0.00","0.00"
"Seekonk","433.12","4042.44","0.00","0.00","0.00","4475.56","1.000000","0.00","0.00","0.00","1957.46","2062.63","4020.09","1.000000","0.00","0.00","20.67","18.48","27.48","66.63","1.000000","433.12","4042.44","20.67","1975.94","2090.11","8562.28","1.000000","0.00","0.00","0.00","0.00","0.00","0.00","0.000000","0.00","0.00","0.00","0.00","0.00","0.00","0.00","0.00","0.000000","0.00","0.00","0.00","0.00","0.00","0.00","0.00","0.00","0.00","0.00","0.00","0.00","0.00","0.00","0.000000","0.00","0.00","433.12","4042.44","0.00","0.00","0.00","4475.56","1.000000","0.00","0.00","0.00","0.00","0.00","1957.46","2062.63","4020.09","1.000000","0.00","0.00","0.00","0.00","20.67","18.48","27.48","66.63","1.000000","433.12","4042.44","20.67","1975.94","2090.11","8562.28","1.000000","0.00","0.00"
"Sharon","532.31","0.00","0.00","0.00","0.00","532.31","1.000000","0.00","0.00","0.00","2544.60","2327.56","4872.16","1.000000","0.00","0.00","2.00","2.20","13.08","17.28","1.000000","532.31","0.00","2.00","2546.80","2340.64","5421.75","1.000000","0.00","0.00","0.00","0.00","0.00","0.00","0.000000","0.00","0.00","0.00","0.00","0.00","0.00","0.00","0.00","0.000000","0.00","0.00","0.00","0.00","0.00","0.00","0.00","0.00","0.00","0.00","0.00","0.00","0.00","0.00","0.000000","0.00","0.00","532.31","0.00","0.00","0.00","0.00","532.31","1.000000","0.00","0.00","0.00","0.00","0.00","2544.60","2327.56","4872.16","1.000000","0.00","0.00","0.00","0.00","2.00","2.20","13.08","17.28","1.000000","532.31","0.00","2.00","2546.80","2340.64","5421.75","1.000000","0.00","0.00"
"Sheffield","40.29","0.00","0.00","0.00","0.00","40.29","1.000000","0.00","0.00","0.00","222.82","2569.64","2792.46","1.000000","0.00","0.00","0.00","0.17","1.12","1.29","1.000000","40.29","0.00","0.00","222.99","2570.76","2834.04","1.000000","0.00","0.00","0.00","0.00","0.00","0.00","0.000000","0.00","0.00","0.00","0.00","0.00","0.00","0.00","0.00","0.000000","0.00","0.00","0.00","0.00","0.00","0.00","0.00","0.00","0.00","0.00","0.00","0.00","0.00","0.00","0.000000","0.00","0.00","40.29","0.00","0.00","0.00","0.00","40.29","1.000000","0.00","0.00","0.00","0.00","0.00","222.82","2569.64","2792.46","1.000000","0.00","0.00","0.00","0.00","0.00","0.17","1.12","1.29","1.000000","40.29","0.00","0.00","222.99","2570.76","2834.04","1.000000","0.00","0.00"
"Shelburne","301.07","321.36","0.00","0.00","0.00","622.43","1.000000","0.00","0.00","0.00","469.87","247.53","717.40","1.000000","0.00","0.00","3.80","2.57","4.67","11.04","1.000000","301.07","321.36","3.80","472.44","252.20","1350.87","1.000000","0.00","0.00","0.00","0.00","0.00","0.00","0.000000","0.00","0.00","0.00","0.00","0.00","0.00","0.00","0.00","0.000000","0.00","0.00","0.00","0.00","0.00","0.00","0.00","0.00","0.00","0.00","0.00","0.00","0.00","0.00","0.000000","0.00","0.00","301.07","321.36","0.00","0.00","0.00","622.43","1.000000","0.00","0.00","0.00","0.00","0.00","469.87","247.53","717.40","1.000000","0.00","0.00","0.00","0.00","3.80","2.57","4.67","11.04","1.000000","301.07","321.36","3.80","472.44","252.20","1350.87","1.000000","0.00","0.00"
"Sherborn","395.97","1167.67","0.00","0.00","0.00","1563.64","1.000000","0.00","0.00","0.00","0.00","100.81","100.81","1.000000","0.00","0.00","8.16","6.46","6.70","21.32","1.000000","395.97","1167.67","8.16","6.46","107.51","1685.77","1.000000","0.00","0.00","0.00","0.00","0.00","0.00","0.000000","0.00","0.00","0.00","0.00","0.00","0.00","0.00","0.00","0.000000","0.00","0.00","0.00","0.00","0.00","0.00","0.00","0.00","0.00","0.00","0.00","0.00","0.00","0.00","0.000000","0.00","0.00","395.97","1167.67","0.00","0.00","0.00","1563.64","1.000000","0.00","0.00","0.00","0.00","0.00","0.00","100.81","100.81","1.000000","0.00","0.00","0.00","0.00","8.16","6.46","6.70","21.32","1.000000","395.97","1167.67","8.16","6.46","107.51","1685.77","1.000000","0.00","0.00"
"Shirley","0.00","528.96","0.00","0.00","0.00","528.96","1.000000","0.00","0.00","0.00","551.10","0.00","551.10","1.000000","0.00","0.00","2.25","2.18","4.61","9.04","1.000000","0.00","528.96","2.25","553.28","4.61","1089.10","1.000000","0.00","0.00","0.00","0.00","0.00","0.00","0.000000","0.00","0.00","0.00","0.00","0.00","0.00","0.00","0.00","0.000000","0.00","0.00","0.00","0.00","0.00","0.00","0.00","0.00","0.00","0.00","0.00","0.00","0.00","0.00","0.000000","0.00","0.00","0.00","528.96","0.00","0.00","0.00","528.96","1.000000","0.00","0.00","0.00","0.00","0.00","551.10","0.00","551.10","1.000000","0.00","0.00","0.00","0.00","2.25","2.18","4.61","9.04","1.000000","0.00","528.96","2.25","553.28","4.61","1089.10","1.000000","0.00","0.00"
"Shrewsbury","738.01","0.00","0.00","0.00","0.00","738.01","1.000000","0.00","0.00","0.00","1150.07","896.10","2046.17","1.000000","0.00","0.00","8.96","3.07","8.07","20.10","1.000000","738.01","0.00","8.96","1153.14","904.17","2804.28","1.000000","0.00","0.00","0.00","0.00","0.00","0.00","0.000000","0.00","0.00","0.00","0.00","0.00","0.00","0.00","0.00","0.000000","0.00","0.00","0.00","0.00","0.00","0.00","0.00","0.00","0.00","0.00","0.00","0.00","0.00","0.00","0.000000","0.00","0.00","738.01","0.00","0.00","0.00","0.00","738.01","1.000000","0.00","0.00","0.00","0.00","0.00","1150.07","896.10","2046.17","1.000000","0.00","0.00","0.00","0.00","8.96","3.07","8.07","20.10","1.000000","738.01","0.00","8.96","1153.14","904.17","2804.28","1.000000","0.00","0.00"
"Shutesbury","142.40","0.00","0.00","0.00","0.00","142.40","1.000000","0.00","0.00","0.00","0.00","0.00","0.00","0.000000","0.00","0.00","1.13","0.00","0.00","1.13","1.000000","142.40","0.00","1.13","0.00","0.00","143.53","0.120191","0.00","0.00","0.00","0.00","0.00","0.00","0.000000","0.00","0.00","0.00","0.00","0.00","0.00","1050.65","1050.65","1.000000","0.00","0.00","0.00","0.00","0.00","0.00","0.00","0.00","0.00","0.00","0.00","0.00","1050.65","1050.65","0.879809","0.00","0.00","142.40","0.00","0.00","0.00","0.00","142.40","1.000000","0.00","0.00","0.00","0.00","0.00","0.00","1050.65","1050.65","1.000000","0.00","0.00","0.00","0.00","1.13","0.00","0.00","1.13","1.000000","142.40","0.00","1.13","0.00","1050.65","1194.18","1.000000","0.00","0.00"
"Somerset","2843.08","2866.52","0.00","0.00","0.00","5709.60","1.000000","0.00","0.00","0.00","0.00","0.00","0.00","0.000000","0.00","0.00","10.12","23.51","18.33","51.96","1.000000","2843.08","2866.52","10.12","23.51","18.33","5761.56","0.796183","0.00","0.00","0.00","0.00","0.00","0.00","0.000000","0.00","0.00","0.00","0.00","0.00","1474.92","0.00","1474.92","1.000000","0.00","0.00","0.00","0.00","0.00","0.00","0.00","0.00","0.00","0.00","0.00","1474.92","0.00","1474.92","0.203817","0.00","0.00","2843.08","2866.52","0.00","0.00","0.00","5709.60","1.000000","0.00","0.00","0.00","0.00","0.00","1474.92","0.00","1474.92","1.000000","0.00","0.00","0.00","0.00","10.12","23.51","18.33","51.96","1.000000","2843.08","2866.52","10.12","1498.43","18.33","7236.48","1.000000","0.00","0.00"
"Somerville","0.00","0.00","0.00","0.00","0.00","0.00","0.000000","0.00","0.00","0.00","1445.91","1240.43","2686.34","1.000000","0.00","0.00","0.00","0.00","6.14","6.14","1.000000","0.00","0.00","0.00","1445.91","1246.57","2692.48","0.528458","0.00","2402.49","0.00","0.00","0.00","2402.49","1.000000","0.00","0.00","0.00","0.00","0.00","0.00","0.00","0.00","0.000000","0.00","0.00","0.00","0.092","0.00","0.00","0.00","0.092","0.00","2402.49","0.00","0.00","0.00","2402.49","0.471542","0.00","0.00","0.00","2402.49","0.00","0.00","0.00","2402.49","1.000000","0.00","0.00","0.00","0.00","0.00","1445.91","1240.43","2686.34","1.000000","0.00","0.00","0.00","0.00","0.00","0.00","6.14","6.14","1.000000","0.00","2402.49","0.00","1445.91","1246.57","5094.97","1.000000","0.00","0.00"
"South.Hadley","0.00","0.00","0.00","0.00","0.00","0.00","0.000000","0.00","0.00","0.00","1683.58","1849.99","3533.57","1.000000","0.00","0.00","0.00","0.00","283.14","283.14","1.000000","0.00","0.00","0.00","1683.58","2133.13","3816.71","0.908916","382.48","0.00","0.00","0.00","0.00","382.48","1.000000","0.00","0.00","0.00","0.00","0.00","0.00","0.00","0.00","0.000000","0.00","0.00","0.112","0.00","0.00","0.00","0.00","0.112","382.48","0.00","0.00","0.00","0.00","382.48","0.091084","0.00","0.00","382.48","0.00","0.00","0.00","0.00","382.48","1.000000","0.00","0.00","0.00","0.00","0.00","1683.58","1849.99","3533.57","1.000000","0.00","0.00","0.00","0.00","0.00","0.00","283.14","283.14","1.000000","382.48","0.00","0.00","1683.58","2133.13","4199.19","1.000000","0.00","0.00"
"Southampton","41.38","7.18","0.00","0.00","0.00","48.56","1.000000","0.00","0.00","0.00","2278.51","2087.68","4366.19","1.000000","0.00","0.00","1.96","277.20","11.07","290.23","1.000000","41.38","7.18","1.96","2555.71","2098.75","4704.98","1.000000","0.00","0.00","0.00","0.00","0.00","0.00","0.000000","0.00","0.00","0.00","0.00","0.00","0.00","0.00","0.00","0.000000","0.00","0.00","0.00","0.00","0.00","0.00","0.00","0.00","0.00","0.00","0.00","0.00","0.00","0.00","0.000000","0.00","0.00","41.38","7.18","0.00","0.00","0.00","48.56","1.000000","0.00","0.00","0.00","0.00","0.00","2278.51","2087.68","4366.19","1.000000","0.00","0.00","0.00","0.00","1.96","277.20","11.07","290.23","1.000000","41.38","7.18","1.96","2555.71","2098.75","4704.98","1.000000","0.00","0.00"
"Southborough","265.09","0.00","0.00","0.00","0.00","265.09","1.000000","0.00","0.00","0.00","2569.64","2302.51","4872.15","1.000000","0.00","0.00","280.10","2.24","13.24","295.58","1.000000","265.09","0.00","280.10","2571.88","2315.75","5432.82","1.000000","0.00","0.00","0.00","0.00","0.00","0.00","0.000000","0.00","0.00","0.00","0.00","0.00","0.00","0.00","0.00","0.000000","0.00","0.00","0.00","0.00","0.00","0.00","0.00","0.00","0.00","0.00","0.00","0.00","0.00","0.00","0.000000","0.00","0.00","265.09","0.00","0.00","0.00","0.00","265.09","1.000000","0.00","0.00","0.00","0.00","0.00","2569.64","2302.51","4872.15","1.000000","0.00","0.00","0.00","0.00","280.10","2.24","13.24","295.58","1.000000","265.09","0.00","280.10","2571.88","2315.75","5432.82","1.000000","0.00","0.00"
"Southbridge","117.45","341.33","0.00","0.00","0.00","458.78","1.000000","0.00","0.00","0.00","222.49","2569.64","2792.13","1.000000","0.00","278.99","3.58","3.05","4.11","289.73","1.000000","117.45","620.32","3.58","225.54","2573.75","3540.64","1.000000","0.00","0.00","0.00","0.00","0.00","0.00","0.000000","0.00","0.00","0.00","0.00","0.00","0.00","0.00","0.00","0.000000","0.00","0.00","0.00","0.00","0.00","0.00","0.00","0.00","0.00","0.00","0.00","0.00","0.00","0.00","0.000000","0.00","0.00","117.45","341.33","0.00","0.00","0.00","458.78","1.000000","0.00","0.00","0.00","0.00","0.00","222.49","2569.64","2792.13","1.000000","0.00","0.00","0.00","278.99","3.58","3.05","4.11","289.73","1.000000","117.45","620.32","3.58","225.54","2573.75","3540.64","1.000000","0.00","0.00"
"Southwick","0.00","117.11","0.00","0.00","0.00","117.11","1.000000","0.00","0.00","0.00","314.84","0.00","314.84","1.000000","127.89","0.00","0.00","1.01","2.94","131.84","1.000000","127.89","117.11","0.00","315.85","2.94","563.79","1.000000","0.00","0.00","0.00","0.00","0.00","0.00","0.000000","0.00","0.00","0.00","0.00","0.00","0.00","0.00","0.00","0.000000","0.00","0.00","0.00","0.00","0.00","0.00","0.00","0.00","0.00","0.00","0.00","0.00","0.00","0.00","0.000000","0.00","0.00","0.00","117.11","0.00","0.00","0.00","117.11","1.000000","0.00","0.00","0.00","0.00","0.00","314.84","0.00","314.84","1.000000","0.00","0.00","127.89","0.00","0.00","1.01","2.94","131.84","1.000000","127.89","117.11","0.00","315.85","2.94","563.79","1.000000","0.00","0.00"
"Spencer","656.07","563.42","0.00","0.00","0.00","1219.49","1.000000","0.00","0.00","0.00","0.00","469.87","469.87","1.000000","0.00","0.00","9.31","6.61","5.25","21.17","1.000000","656.07","563.42","9.31","6.61","475.12","1710.53","1.000000","0.00","0.00","0.00","0.00","0.00","0.00","0.000000","0.00","0.00","0.00","0.00","0.00","0.00","0.00","0.00","0.000000","0.00","0.00","0.00","0.00","0.00","0.00","0.00","0.00","0.00","0.00","0.00","0.00","0.00","0.00","0.000000","0.00","0.00","656.07","563.42","0.00","0.00","0.00","1219.49","1.000000","0.00","0.00","0.00","0.00","0.00","0.00","469.87","469.87","1.000000","0.00","0.00","0.00","0.00","9.31","6.61","5.25","21.17","1.000000","656.07","563.42","9.31","6.61","475.12","1710.53","1.000000","0.00","0.00"
"Springfield","0.00","48.26","0.00","0.00","0.00","48.26","1.000000","0.00","0.00","0.00","921.15","0.00","921.15","1.000000","0.00","0.00","1.82","0.21","4.13","6.16","1.000000","0.00","48.26","1.82","921.36","4.13","975.57","1.000000","0.00","0.00","0.00","0.00","0.00","0.00","0.000000","0.00","0.00","0.00","0.00","0.00","0.00","0.00","0.00","0.000000","0.00","0.00","0.00","0.00","0.00","0.00","0.00","0.00","0.00","0.00","0.00","0.00","0.00","0.00","0.000000","0.00","0.00","0.00","48.26","0.00","0.00","0.00","48.26","1.000000","0.00","0.00","0.00","0.00","0.00","921.15","0.00","921.15","1.000000","0.00","0.00","0.00","0.00","1.82","0.21","4.13","6.16","1.000000","0.00","48.26","1.82","921.36","4.13","975.57","1.000000","0.00","0.00"
"Sterling","419.33","0.00","0.00","0.00","0.00","419.33","1.000000","0.00","0.00","0.00","1150.07","915.09","2065.16","1.000000","0.00","0.00","3.33","1.74","6.69","11.76","1.000000","419.33","0.00","3.33","1151.81","921.78","2496.25","1.000000","0.00","0.00","0.00","0.00","0.00","0.00","0.000000","0.00","0.00","0.00","0.00","0.00","0.00","0.00","0.00","0.000000","0.00","0.00","0.00","0.00","0.00","0.00","0.00","0.00","0.00","0.00","0.00","0.00","0.00","0.00","0.000000","0.00","0.00","419.33","0.00","0.00","0.00","0.00","419.33","1.000000","0.00","0.00","0.00","0.00","0.00","1150.07","915.09","2065.16","1.000000","0.00","0.00","0.00","0.00","3.33","1.74","6.69","11.76","1.000000","419.33","0.00","3.33","1151.81","921.78","2496.25","1.000000","0.00","0.00"
"Stockbridge","538.26","801.44","0.00","0.00","0.00","1339.70","1.000000","0.00","0.00","0.00","0.00","1125.02","1125.02","1.000000","0.00","0.00","7.75","0.49","5.72","13.96","1.000000","538.26","801.44","7.75","0.49","1130.74","2478.68","1.000000","0.00","0.00","0.00","0.00","0.00","0.00","0.000000","0.00","0.00","0.00","0.00","0.00","0.00","0.00","0.00","0.000000","0.00","0.00","0.00","0.00","0.00","0.00","0.00","0.00","0.00","0.00","0.00","0.00","0.00","0.00","0.000000","0.00","0.00","538.26","801.44","0.00","0.00","0.00","1339.70","1.000000","0.00","0.00","0.00","0.00","0.00","0.00","1125.02","1125.02","1.000000","0.00","0.00","0.00","0.00","7.75","0.49","5.72","13.96","1.000000","538.26","801.44","7.75","0.49","1130.74","2478.68","1.000000","0.00","0.00"
"Stoneham","659.29","921.37","0.00","0.00","0.00","1580.66","1.000000","0.00","0.00","0.00","1205.39","0.00","1205.39","1.000000","0.00","0.00","5.20","6.52","13.51","25.23","1.000000","659.29","921.37","5.20","1211.91","13.51","2811.28","1.000000","0.00","0.00","0.00","0.00","0.00","0.00","0.000000","0.00","0.00","0.00","0.00","0.00","0.00","0.00","0.00","0.000000","0.00","0.00","0.00","0.00","0.00","0.00","0.00","0.00","0.00","0.00","0.00","0.00","0.00","0.00","0.000000","0.00","0.00","659.29","921.37","0.00","0.00","0.00","1580.66","1.000000","0.00","0.00","0.00","0.00","0.00","1205.39","0.00","1205.39","1.000000","0.00","0.00","0.00","0.00","5.20","6.52","13.51","25.23","1.000000","659.29","921.37","5.20","1211.91","13.51","2811.28","1.000000","0.00","0.00"
"Stoughton","0.00","1040.36","0.00","0.00","0.00","1040.36","1.000000","0.00","0.00","0.00","1444.33","1614.49","3058.82","1.000000","0.00","0.00","0.00","4.28","10.57","14.85","1.000000","0.00","1040.36","0.00","1448.61","1625.06","4114.03","1.000000","0.00","0.00","0.00","0.00","0.00","0.00","0.000000","0.00","0.00","0.00","0.00","0.00","0.00","0.00","0.00","0.000000","0.00","0.00","0.00","0.00","0.00","0.00","0.00","0.00","0.00","0.00","0.00","0.00","0.00","0.00","0.000000","0.00","0.00","0.00","1040.36","0.00","0.00","0.00","1040.36","1.000000","0.00","0.00","0.00","0.00","0.00","1444.33","1614.49","3058.82","1.000000","0.00","0.00","0.00","0.00","0.00","4.28","10.57","14.85","1.000000","0.00","1040.36","0.00","1448.61","1625.06","4114.03","1.000000","0.00","0.00"
"Stow","905.56","0.00","0.00","0.00","0.00","905.56","1.000000","0.00","0.00","0.00","2073.10","1849.99","3923.09","1.000000","0.00","0.00","0.00","3.72","12.66","16.38","1.000000","905.56","0.00","0.00","2076.82","1862.65","4845.03","1.000000","0.00","0.00","0.00","0.00","0.00","0.00","0.000000","0.00","0.00","0.00","0.00","0.00","0.00","0.00","0.00","0.000000","0.00","0.00","0.00","0.00","0.00","0.00","0.00","0.00","0.00","0.00","0.00","0.00","0.00","0.00","0.000000","0.00","0.00","905.56","0.00","0.00","0.00","0.00","905.56","1.000000","0.00","0.00","0.00","0.00","0.00","2073.10","1849.99","3923.09","1.000000","0.00","0.00","0.00","0.00","0.00","3.72","12.66","16.38","1.000000","905.56","0.00","0.00","2076.82","1862.65","4845.03","1.000000","0.00","0.00"
"Sturbridge","100.11","906.71","0.00","0.00","0.00","1006.82","1.000000","0.00","0.00","0.00","2327.56","2087.68","4415.24","1.000000","0.00","0.00","4.66","4.16","14.20","23.02","1.000000","100.11","906.71","4.66","2331.72","2101.88","5445.08","1.000000","0.00","0.00","0.00","0.00","0.00","0.00","0.000000","0.00","0.00","0.00","0.00","0.00","0.00","0.00","0.00","0.000000","0.00","0.00","0.00","0.00","0.00","0.00","0.00","0.00","0.00","0.00","0.00","0.00","0.00","0.00","0.000000","0.00","0.00","100.11","906.71","0.00","0.00","0.00","1006.82","1.000000","0.00","0.00","0.00","0.00","0.00","2327.56","2087.68","4415.24","1.000000","0.00","0.00","0.00","0.00","4.66","4.16","14.20","23.02","1.000000","100.11","906.71","4.66","2331.72","2101.88","5445.08","1.000000","0.00","0.00"
"Sudbury","0.00","0.00","0.00","0.00","0.00","0.00","0.000000","0.00","0.00","0.00","2541.33","2327.56","4868.89","1.000000","0.00","0.00","0.00","0.00","10.79","10.79","1.000000","0.00","0.00","0.00","2541.33","2338.35","4879.68","1.000000","0.00","0.00","0.00","0.00","0.00","0.00","0.000000","0.00","0.00","0.00","0.00","0.00","0.00","0.00","0.00","0.000000","0.00","0.00","0.00","0.00","0.00","0.00","0.00","0.00","0.00","0.00","0.00","0.00","0.00","0.00","0.000000","0.00","0.00","0.00","0.00","0.00","0.00","0.00","0.00","1.000000","0.00","0.00","0.00","0.00","0.00","2541.33","2327.56","4868.89","1.000000","0.00","0.00","0.00","0.00","0.00","0.00","10.79","10.79","1.000000","0.00","0.00","0.00","2541.33","2338.35","4879.68","1.000000","0.00","0.00"
"Sunderland","0.00","187.66","0.00","0.00","0.00","187.66","1.000000","0.00","0.00","0.00","247.53","2155.53","2403.06","1.000000","0.00","0.00","0.80","0.77","1.85","3.42","1.000000","0.00","187.66","0.80","248.30","2157.38","2594.14","1.000000","0.00","0.00","0.00","0.00","0.00","0.00","0.000000","0.00","0.00","0.00","0.00","0.00","0.00","0.00","0.00","0.000000","0.00","0.00","0.00","0.00","0.00","0.00","0.00","0.00","0.00","0.00","0.00","0.00","0.00","0.00","0.000000","0.00","0.00","0.00","187.66","0.00","0.00","0.00","187.66","1.000000","0.00","0.00","0.00","0.00","0.00","247.53","2155.53","2403.06","1.000000","0.00","0.00","0.00","0.00","0.80","0.77","1.85","3.42","1.000000","0.00","187.66","0.80","248.30","2157.38","2594.14","1.000000","0.00","0.00"
"Sutton","684.13","343.12","0.00","0.00","0.00","1027.25","1.000000","0.00","0.00","0.00","54.78","247.53","302.31","1.000000","0.00","0.00","6.99","4.25","4.64","15.88","1.000000","684.13","343.12","6.99","59.03","252.17","1345.44","1.000000","0.00","0.00","0.00","0.00","0.00","0.00","0.000000","0.00","0.00","0.00","0.00","0.00","0.00","0.00","0.00","0.000000","0.00","0.00","0.00","0.00","0.00","0.00","0.00","0.00","0.00","0.00","0.00","0.00","0.00","0.00","0.000000","0.00","0.00","684.13","343.12","0.00","0.00","0.00","1027.25","1.000000","0.00","0.00","0.00","0.00","0.00","54.78","247.53","302.31","1.000000","0.00","0.00","0.00","0.00","6.99","4.25","4.64","15.88","1.000000","684.13","343.12","6.99","59.03","252.17","1345.44","1.000000","0.00","0.00"
"Swampscott","454.75","293.16","0.00","0.00","0.00","747.91","1.000000","0.00","0.00","0.00","0.00","448.43","448.43","1.000000","0.00","0.00","0.00","0.00","3.18","3.18","1.000000","454.75","293.16","0.00","0.00","451.61","1199.52","1.000000","0.00","0.00","0.00","0.00","0.00","0.00","0.000000","0.00","0.00","0.00","0.00","0.00","0.00","0.00","0.00","0.000000","0.00","0.00","0.00","0.00","0.00","0.00","0.00","0.00","0.00","0.00","0.00","0.00","0.00","0.00","0.000000","0.00","0.00","454.75","293.16","0.00","0.00","0.00","747.91","1.000000","0.00","0.00","0.00","0.00","0.00","0.00","448.43","448.43","1.000000","0.00","0.00","0.00","0.00","0.00","0.00","3.18","3.18","1.000000","454.75","293.16","0.00","0.00","451.61","1199.52","1.000000","0.00","0.00"
"Swansea","0.00","37.74","0.00","0.00","0.00","37.74","1.000000","0.00","0.00","0.00","916.10","0.00","916.10","1.000000","0.00","0.00","0.16","0.16","4.05","4.37","1.000000","0.00","37.74","0.16","916.26","4.05","958.21","1.000000","0.00","0.00","0.00","0.00","0.00","0.00","0.000000","0.00","0.00","0.00","0.00","0.00","0.00","0.00","0.00","0.000000","0.00","0.00","0.00","0.00","0.00","0.00","0.00","0.00","0.00","0.00","0.00","0.00","0.00","0.00","0.000000","0.00","0.00","0.00","37.74","0.00","0.00","0.00","37.74","1.000000","0.00","0.00","0.00","0.00","0.00","916.10","0.00","916.10","1.000000","0.00","0.00","0.00","0.00","0.16","0.16","4.05","4.37","1.000000","0.00","37.74","0.16","916.26","4.05","958.21","1.000000","0.00","0.00"
"Taunton","384.16","0.00","0.00","0.00","0.00","384.16","1.000000","0.00","0.00","0.00","1149.13","921.15","2070.28","1.000000","0.00","0.00","0.00","1.58","6.52","8.10","1.000000","384.16","0.00","0.00","1150.71","927.67","2462.54","1.000000","0.00","0.00","0.00","0.00","0.00","0.00","0.000000","0.00","0.00","0.00","0.00","0.00","0.00","0.00","0.00","0.000000","0.00","0.00","0.00","0.00","0.00","0.00","0.00","0.00","0.00","0.00","0.00","0.00","0.00","0.00","0.000000","0.00","0.00","384.16","0.00","0.00","0.00","0.00","384.16","1.000000","0.00","0.00","0.00","0.00","0.00","1149.13","921.15","2070.28","1.000000","0.00","0.00","0.00","0.00","0.00","1.58","6.52","8.10","1.000000","384.16","0.00","0.00","1150.71","927.67","2462.54","1.000000","0.00","0.00"
"Templeton","528.21","799.24","0.00","0.00","0.00","1327.45","1.000000","0.00","0.00","0.00","0.00","756.01","756.01","1.000000","0.00","0.00","7.66","5.49","5.69","18.84","1.000000","528.21","799.24","7.66","5.49","761.70","2102.30","1.000000","0.00","0.00","0.00","0.00","0.00","0.00","0.000000","0.00","0.00","0.00","0.00","0.00","0.00","0.00","0.00","0.000000","0.00","0.00","0.00","0.00","0.00","0.00","0.00","0.00","0.00","0.00","0.00","0.00","0.00","0.00","0.000000","0.00","0.00","528.21","799.24","0.00","0.00","0.00","1327.45","1.000000","0.00","0.00","0.00","0.00","0.00","0.00","756.01","756.01","1.000000","0.00","0.00","0.00","0.00","7.66","5.49","5.69","18.84","1.000000","528.21","799.24","7.66","5.49","761.70","2102.30","1.000000","0.00","0.00"
"Tewksbury","1042.33","922.30","0.00","0.00","0.00","1964.63","1.000000","0.00","0.00","0.00","1219.44","0.00","1219.44","1.000000","0.00","0.00","12.34","8.12","0.00","20.46","1.000000","1042.33","922.30","12.34","1227.56","0.00","3204.53","1.000000","0.00","0.00","0.00","0.00","0.00","0.00","0.000000","0.00","0.00","0.00","0.00","0.00","0.00","0.00","0.00","0.000000","0.00","0.00","0.00","0.00","0.00","0.00","0.00","0.00","0.00","0.00","0.00","0.00","0.00","0.00","0.000000","0.00","0.00","1042.33","922.30","0.00","0.00","0.00","1964.63","1.000000","0.00","0.00","0.00","0.00","0.00","1219.44","0.00","1219.44","1.000000","0.00","0.00","0.00","0.00","12.34","8.12","0.00","20.46","1.000000","1042.33","922.30","12.34","1227.56","0.00","3204.53","1.000000","0.00","0.00"
"Tisbury","0.00","647.39","0.00","0.00","0.00","647.39","1.000000","0.00","0.00","0.00","1824.95","1614.49","3439.44","1.000000","0.00","0.00","4.43","2.68","10.53","17.64","1.000000","0.00","647.39","4.43","1827.63","1625.02","4104.47","1.000000","0.00","0.00","0.00","0.00","0.00","0.00","0.000000","0.00","0.00","0.00","0.00","0.00","0.00","0.00","0.00","0.000000","0.00","0.00","0.00","0.00","0.00","0.00","0.00","0.00","0.00","0.00","0.00","0.00","0.00","0.00","0.000000","0.00","0.00","0.00","647.39","0.00","0.00","0.00","647.39","1.000000","0.00","0.00","0.00","0.00","0.00","1824.95","1614.49","3439.44","1.000000","0.00","0.00","0.00","0.00","4.43","2.68","10.53","17.64","1.000000","0.00","647.39","4.43","1827.63","1625.02","4104.47","1.000000","0.00","0.00"
"Tolland","897.87","0.00","0.00","0.00","0.00","897.87","1.000000","0.00","0.00","0.00","2069.78","0.00","2069.78","0.550495","0.00","0.00","0.00","3.69","12.62","16.31","1.000000","897.87","0.00","0.00","2073.47","12.62","2983.96","0.638413","0.00","0.00","0.00","0.00","0.00","0.00","0.000000","0.00","0.00","0.00","0.00","0.00","0.00","1690.07","1690.07","0.449505","0.00","0.00","0.00","0.00","0.00","0.00","0.00","0.00","0.00","0.00","0.00","0.00","1690.07","1690.07","0.361587","0.00","0.00","897.87","0.00","0.00","0.00","0.00","897.87","1.000000","0.00","0.00","0.00","0.00","0.00","2069.78","1690.07","3759.85","1.000000","0.00","0.00","0.00","0.00","0.00","3.69","12.62","16.31","1.000000","897.87","0.00","0.00","2073.47","1702.69","4674.03","1.000000","0.00","0.00"
"Topsfield","0.00","998.27","0.00","0.00","0.00","998.27","1.000000","0.00","0.00","0.00","0.00","2087.68","2087.68","0.495412","0.00","0.00","4.24","4.12","4.27","12.63","1.000000","0.00","998.27","4.24","4.12","2091.95","3098.58","0.593038","0.00","0.00","0.00","0.00","0.00","0.00","0.000000","0.00","0.00","0.00","0.00","0.00","2126.35","0.00","2126.35","0.504588","0.00","0.00","0.00","0.00","0.00","0.00","0.00","0.00","0.00","0.00","0.00","2126.35","0.00","2126.35","0.406962","0.00","0.00","0.00","998.27","0.00","0.00","0.00","998.27","1.000000","0.00","0.00","0.00","0.00","0.00","2126.35","2087.68","4214.03","1.000000","0.00","0.00","0.00","0.00","4.24","4.12","4.27","12.63","1.000000","0.00","998.27","4.24","2130.47","2091.95","5224.93","1.000000","0.00","0.00"
"Townsend","0.00","0.00","0.00","0.00","0.00","0.00","0.000000","0.00","0.00","0.00","2379.43","1928.50","4307.93","1.000000","0.00","0.00","0.00","0.00","10.10","10.10","1.000000","0.00","0.00","0.00","2379.43","1938.60","4318.03","0.972648","0.00","121.43","0.00","0.00","0.00","121.43","1.000000","0.00","0.00","0.00","0.00","0.00","0.00","0.00","0.00","0.000000","0.00","0.00","0.00","0.012","0.00","0.00","0.00","0.012","0.00","121.43","0.00","0.00","0.00","121.43","0.027352","0.00","0.00","0.00","121.43","0.00","0.00","0.00","121.43","1.000000","0.00","0.00","0.00","0.00","0.00","2379.43","1928.50","4307.93","1.000000","0.00","0.00","0.00","0.00","0.00","0.00","10.10","10.10","1.000000","0.00","121.43","0.00","2379.43","1938.60","4439.46","1.000000","0.00","0.00"
"Truro","0.00","81.31","0.00","0.00","0.00","81.31","0.197570","0.00","0.00","0.00","0.00","2563.58","2563.58","1.000000","0.00","0.00","0.99","0.97","0.35","2.31","1.000000","0.00","81.31","0.99","0.97","2563.93","2647.20","0.889086","330.24","0.00","0.00","0.00","0.00","330.24","0.802430","0.00","0.00","0.00","0.00","0.00","0.00","0.00","0.00","0.000000","0.00","0.00","0.032","0.00","0.00","0.00","0.00","0.032","330.24","0.00","0.00","0.00","0.00","330.24","0.110914","0.00","0.00","330.24","81.31","0.00","0.00","0.00","411.55","1.000000","0.00","0.00","0.00","0.00","0.00","0.00","2563.58","2563.58","1.000000","0.00","0.00","0.00","0.00","0.99","0.97","0.35","2.31","1.000000","330.24","81.31","0.99","0.97","2563.93","2977.44","1.000000","0.00","0.00"
"Tyngsborough","606.19","0.00","0.00","0.00","0.00","606.19","1.000000","0.00","0.00","0.00","464.82","222.48","687.30","1.000000","0.00","0.00","6.80","2.52","4.59","13.91","1.000000","606.19","0.00","6.80","467.34","227.07","1307.40","1.000000","0.00","0.00","0.00","0.00","0.00","0.00","0.000000","0.00","0.00","0.00","0.00","0.00","0.00","0.00","0.00","0.000000","0.00","0.00","0.00","0.00","0.00","0.00","0.00","0.00","0.00","0.00","0.00","0.00","0.00","0.00","0.000000","0.00","0.00","606.19","0.00","0.00","0.00","0.00","606.19","1.000000","0.00","0.00","0.00","0.00","0.00","464.82","222.48","687.30","1.000000","0.00","0.00","0.00","0.00","6.80","2.52","4.59","13.91","1.000000","606.19","0.00","6.80","467.34","227.07","1307.40","1.000000","0.00","0.00"
"Tyringham","458.72","262.24","0.00","0.00","0.00","720.96","1.000000","0.00","0.00","0.00","0.00","447.80","447.80","1.000000","0.00","0.00","0.78","0.00","3.06","3.84","1.000000","458.72","262.24","0.78","0.00","450.86","1172.60","1.000000","0.00","0.00","0.00","0.00","0.00","0.00","0.000000","0.00","0.00","0.00","0.00","0.00","0.00","0.00","0.00","0.000000","0.00","0.00","0.00","0.00","0.00","0.00","0.00","0.00","0.00","0.00","0.00","0.00","0.00","0.00","0.000000","0.00","0.00","458.72","262.24","0.00","0.00","0.00","720.96","1.000000","0.00","0.00","0.00","0.00","0.00","0.00","447.80","447.80","1.000000","0.00","0.00","0.00","0.00","0.78","0.00","3.06","3.84","1.000000","458.72","262.24","0.78","0.00","450.86","1172.60","1.000000","0.00","0.00"
"Upton","0.00","48.36","0.00","0.00","0.00","48.36","1.000000","0.00","0.00","0.00","896.33","0.00","896.33","1.000000","0.00","0.00","0.00","0.20","4.01","4.21","1.000000","0.00","48.36","0.00","896.53","4.01","948.90","1.000000","0.00","0.00","0.00","0.00","0.00","0.00","0.000000","0.00","0.00","0.00","0.00","0.00","0.00","0.00","0.00","0.000000","0.00","0.00","0.00","0.00","0.00","0.00","0.00","0.00","0.00","0.00","0.00","0.00","0.00","0.00","0.000000","0.00","0.00","0.00","48.36","0.00","0.00","0.00","48.36","1.000000","0.00","0.00","0.00","0.00","0.00","896.33","0.00","896.33","1.000000","0.00","0.00","0.00","0.00","0.00","0.20","4.01","4.21","1.000000","0.00","48.36","0.00","896.53","4.01","948.90","1.000000","0.00","0.00"
"Uxbridge","373.02","0.00","0.00","0.00","0.00","373.02","1.000000","0.00","0.00","0.00","1128.06","517.09","1645.15","1.000000","0.00","0.00","0.00","1.53","6.38","7.91","1.000000","373.02","0.00","0.00","1129.59","523.47","2026.08","1.000000","0.00","0.00","0.00","0.00","0.00","0.00","0.000000","0.00","0.00","0.00","0.00","0.00","0.00","0.00","0.00","0.000000","0.00","0.00","0.00","0.00","0.00","0.00","0.00","0.00","0.00","0.00","0.00","0.00","0.00","0.00","0.000000","0.00","0.00","373.02","0.00","0.00","0.00","0.00","373.02","1.000000","0.00","0.00","0.00","0.00","0.00","1128.06","517.09","1645.15","1.000000","0.00","0.00","0.00","0.00","0.00","1.53","6.38","7.91","1.000000","373.02","0.00","0.00","1129.59","523.47","2026.08","1.000000","0.00","0.00"
"Wakefield","835.73","359.10","0.00","0.00","0.00","1194.83","1.000000","0.00","0.00","0.00","0.00","1150.07","1150.07","1.000000","0.00","0.00","10.00","6.62","5.14","21.76","1.000000","835.73","359.10","10.00","6.62","1155.21","2366.66","1.000000","0.00","0.00","0.00","0.00","0.00","0.00","0.000000","0.00","0.00","0.00","0.00","0.00","0.00","0.00","0.00","0.000000","0.00","0.00","0.00","0.00","0.00","0.00","0.00","0.00","0.00","0.00","0.00","0.00","0.00","0.00","0.000000","0.00","0.00","835.73","359.10","0.00","0.00","0.00","1194.83","1.000000","0.00","0.00","0.00","0.00","0.00","0.00","1150.07","1150.07","1.000000","0.00","0.00","0.00","0.00","10.00","6.62","5.14","21.76","1.000000","835.73","359.10","10.00","6.62","1155.21","2366.66","1.000000","0.00","0.00"
"Wales","976.51","489.91","0.00","0.00","0.00","1466.42","1.000000","0.00","0.00","0.00","1614.49","0.00","1614.49","1.000000","0.00","0.00","11.70","6.07","13.16","30.93","1.000000","976.51","489.91","11.70","1620.56","13.16","3111.84","1.000000","0.00","0.00","0.00","0.00","0.00","0.00","0.000000","0.00","0.00","0.00","0.00","0.00","0.00","0.00","0.00","0.000000","0.00","0.00","0.00","0.00","0.00","0.00","0.00","0.00","0.00","0.00","0.00","0.00","0.00","0.00","0.000000","0.00","0.00","976.51","489.91","0.00","0.00","0.00","1466.42","1.000000","0.00","0.00","0.00","0.00","0.00","1614.49","0.00","1614.49","1.000000","0.00","0.00","0.00","0.00","11.70","6.07","13.16","30.93","1.000000","976.51","489.91","11.70","1620.56","13.16","3111.84","1.000000","0.00","0.00"
"Walpole","0.00","0.00","0.00","986.17","0.00","986.17","1.000000","0.00","0.00","0.00","1442.96","1589.44","3032.40","1.000000","0.00","0.00","0.00","0.00","10.32","10.32","1.000000","0.00","0.00","0.00","2429.13","1599.76","4028.89","1.000000","0.00","0.00","0.00","0.00","0.00","0.00","0.000000","0.00","0.00","0.00","0.00","0.00","0.00","0.00","0.00","0.000000","0.00","0.00","0.00","0.00","0.00","0.00","0.00","0.00","0.00","0.00","0.00","0.00","0.00","0.00","0.000000","0.00","0.00","0.00","0.00","0.00","986.17","0.00","986.17","1.000000","0.00","0.00","0.00","0.00","0.00","1442.96","1589.44","3032.40","1.000000","0.00","0.00","0.00","0.00","0.00","0.00","10.32","10.32","1.000000","0.00","0.00","0.00","2429.13","1599.76","4028.89","1.000000","0.00","0.00"
"Waltham","1200.68","0.00","0.00","0.00","0.00","792.66","1.000000","0.00","0.00","0.00","2062.64","1849.99","3912.63","1.000000","0.00","0.00","9.70","4.97","13.92","28.59","1.000000","1200.68","0.00","9.70","2067.61","1863.91","4733.88","1.000000","0.00","0.00","0.00","0.00","0.00","0.00","0.000000","0.00","0.00","0.00","0.00","0.00","0.00","0.00","0.00","0.000000","0.00","0.00","0.00","0.00","0.00","0.00","0.00","0.00","0.00","0.00","0.00","0.00","0.00","0.00","0.000000","0.00","0.00","1200.68","0.00","0.00","0.00","0.00","792.66","1.000000","0.00","0.00","0.00","0.00","0.00","2062.64","1849.99","3912.63","1.000000","0.00","0.00","0.00","0.00","9.70","4.97","13.92","28.59","1.000000","1200.68","0.00","9.70","2067.61","1863.91","4733.88","1.000000","0.00","0.00"
"Ware","0.00","898.40","0.00","0.00","0.00","898.40","1.000000","0.00","0.00","0.00","2306.35","1672.56","3978.91","1.000000","0.00","0.00","0.00","3.69","13.62","17.31","1.000000","0.00","898.40","0.00","2310.04","1686.18","4894.62","1.000000","0.00","0.00","0.00","0.00","0.00","0.00","0.000000","0.00","0.00","0.00","0.00","0.00","0.00","0.00","0.00","0.000000","0.00","0.00","0.00","0.00","0.00","0.00","0.00","0.00","0.00","0.00","0.00","0.00","0.00","0.00","0.000000","0.00","0.00","0.00","898.40","0.00","0.00","0.00","898.40","1.000000","0.00","0.00","0.00","0.00","0.00","2306.35","1672.56","3978.91","1.000000","0.00","0.00","0.00","0.00","0.00","3.69","13.62","17.31","1.000000","0.00","898.40","0.00","2310.04","1686.18","4894.62","1.000000","0.00","0.00"
"Wareham","231.32","102.40","0.00","0.00","0.00","333.72","1.000000","0.00","0.00","0.00","2154.54","2327.56","4482.10","1.000000","0.00","0.00","2.30","1.38","321.57","325.25","1.000000","231.32","102.40","2.30","2155.92","2649.13","5141.07","1.000000","0.00","0.00","0.00","0.00","0.00","0.00","0.000000","0.00","0.00","0.00","0.00","0.00","0.00","0.00","0.00","0.000000","0.00","0.00","0.00","0.00","0.00","0.00","0.00","0.00","0.00","0.00","0.00","0.00","0.00","0.00","0.000000","0.00","0.00","231.32","102.40","0.00","0.00","0.00","333.72","1.000000","0.00","0.00","0.00","0.00","0.00","2154.54","2327.56","4482.10","1.000000","0.00","0.00","0.00","0.00","2.30","1.38","321.57","325.25","1.000000","231.32","102.40","2.30","2155.92","2649.13","5141.07","1.000000","0.00","0.00"
"Warren","144.26","0.00","0.00","0.00","0.00","144.26","1.000000","0.00","0.00","0.00","247.06","2569.64","2816.70","1.000000","0.00","0.00","0.00","312.58","2.99","315.57","1.000000","144.26","0.00","0.00","559.64","2572.63","3276.53","1.000000","0.00","0.00","0.00","0.00","0.00","0.00","0.000000","0.00","0.00","0.00","0.00","0.00","0.00","0.00","0.00","0.000000","0.00","0.00","0.00","0.00","0.00","0.00","0.00","0.00","0.00","0.00","0.00","0.00","0.00","0.00","0.000000","0.00","0.00","144.26","0.00","0.00","0.00","0.00","144.26","1.000000","0.00","0.00","0.00","0.00","0.00","247.06","2569.64","2816.70","1.000000","0.00","0.00","0.00","0.00","0.00","312.58","2.99","315.57","1.000000","144.26","0.00","0.00","559.64","2572.63","3276.53","1.000000","0.00","0.00"
"Warwick","605.93","0.00","0.00","0.00","0.00","605.93","1.000000","0.00","0.00","0.00","469.87","247.53","717.40","1.000000","0.00","0.00","317.80","3.80","5.93","327.53","1.000000","605.93","0.00","317.80","473.67","253.46","1650.86","1.000000","0.00","0.00","0.00","0.00","0.00","0.00","0.000000","0.00","0.00","0.00","0.00","0.00","0.00","0.00","0.00","0.000000","0.00","0.00","0.00","0.00","0.00","0.00","0.00","0.00","0.00","0.00","0.00","0.00","0.00","0.00","0.000000","0.00","0.00","605.93","0.00","0.00","0.00","0.00","605.93","1.000000","0.00","0.00","0.00","0.00","0.00","469.87","247.53","717.40","1.000000","0.00","0.00","0.00","0.00","317.80","3.80","5.93","327.53","1.000000","605.93","0.00","317.80","473.67","253.46","1650.86","1.000000","0.00","0.00"
"Washington","35.44","671.43","0.00","0.00","0.00","706.87","1.000000","0.00","0.00","0.00","0.00","444.82","444.82","1.000000","0.00","313.99","4.47","4.21","4.37","327.04","1.000000","35.44","985.42","4.47","4.21","449.19","1478.73","1.000000","0.00","0.00","0.00","0.00","0.00","0.00","0.000000","0.00","0.00","0.00","0.00","0.00","0.00","0.00","0.00","0.000000","0.00","0.00","0.00","0.00","0.00","0.00","0.00","0.00","0.00","0.00","0.00","0.00","0.00","0.00","0.000000","0.00","0.00","35.44","671.43","0.00","0.00","0.00","706.87","1.000000","0.00","0.00","0.00","0.00","0.00","0.00","444.82","444.82","1.000000","0.00","0.00","0.00","313.99","4.47","4.21","4.37","327.04","1.000000","35.44","985.42","4.47","4.21","449.19","1478.73","1.000000","0.00","0.00"
"Watertown","0.00","341.75","0.00","0.00","0.00","341.75","1.000000","0.00","0.00","0.00","482.05","0.00","482.05","1.000000","0.00","0.00","1.45","1.41","5.27","8.13","1.000000","0.00","341.75","1.45","483.46","5.27","831.93","1.000000","0.00","0.00","0.00","0.00","0.00","0.00","0.000000","0.00","0.00","0.00","0.00","0.00","0.00","0.00","0.00","0.000000","0.00","0.00","0.00","0.00","0.00","0.00","0.00","0.00","0.00","0.00","0.00","0.00","0.00","0.00","0.000000","0.00","0.00","0.00","341.75","0.00","0.00","0.00","341.75","1.000000","0.00","0.00","0.00","0.00","0.00","482.05","0.00","482.05","1.000000","0.00","0.00","0.00","0.00","1.45","1.41","5.27","8.13","1.000000","0.00","341.75","1.45","483.46","5.27","831.93","1.000000","0.00","0.00"
"Wayland","757.41","0.00","0.00","0.00","0.00","757.41","1.000000","0.00","0.00","0.00","716.11","921.15","1637.26","1.000000","0.00","0.00","0.00","3.11","6.27","9.38","1.000000","757.41","0.00","0.00","719.22","927.42","2404.05","1.000000","0.00","0.00","0.00","0.00","0.00","0.00","0.000000","0.00","0.00","0.00","0.00","0.00","0.00","0.00","0.00","0.000000","0.00","0.00","0.00","0.00","0.00","0.00","0.00","0.00","0.00","0.00","0.00","0.00","0.00","0.00","0.000000","0.00","0.00","757.41","0.00","0.00","0.00","0.00","757.41","1.000000","0.00","0.00","0.00","0.00","0.00","716.11","921.15","1637.26","1.000000","0.00","0.00","0.00","0.00","0.00","3.11","6.27","9.38","1.000000","757.41","0.00","0.00","719.22","927.42","2404.05","1.000000","0.00","0.00"
"Webster","871.22","346.38","0.00","0.00","0.00","1217.60","1.000000","0.00","0.00","0.00","0.00","1150.07","1150.07","1.000000","0.00","0.00","10.28","5.05","5.24","20.57","1.000000","871.22","346.38","10.28","5.05","1155.31","2388.24","1.000000","0.00","0.00","0.00","0.00","0.00","0.00","0.000000","0.00","0.00","0.00","0.00","0.00","0.00","0.00","0.00","0.000000","0.00","0.00","0.00","0.00","0.00","0.00","0.00","0.00","0.00","0.00","0.00","0.00","0.00","0.00","0.000000","0.00","0.00","871.22","346.38","0.00","0.00","0.00","1217.60","1.000000","0.00","0.00","0.00","0.00","0.00","0.00","1150.07","1150.07","1.000000","0.00","0.00","0.00","0.00","10.28","5.05","5.24","20.57","1.000000","871.22","346.38","10.28","5.05","1155.31","2388.24","1.000000","0.00","0.00"
"Wellesley","981.25","462.80","0.00","0.00","0.00","1444.05","1.000000","0.00","0.00","0.00","1614.49","0.00","1614.49","1.000000","0.00","0.00","9.90","5.98","13.06","28.94","1.000000","981.25","462.80","9.90","1620.47","13.06","3087.48","1.000000","0.00","0.00","0.00","0.00","0.00","0.00","0.000000","0.00","0.00","0.00","0.00","0.00","0.00","0.00","0.00","0.000000","0.00","0.00","0.00","0.00","0.00","0.00","0.00","0.00","0.00","0.00","0.00","0.00","0.00","0.00","0.000000","0.00","0.00","981.25","462.80","0.00","0.00","0.00","1444.05","1.000000","0.00","0.00","0.00","0.00","0.00","1614.49","0.00","1614.49","1.000000","0.00","0.00","0.00","0.00","9.90","5.98","13.06","28.94","1.000000","981.25","462.80","9.90","1620.47","13.06","3087.48","1.000000","0.00","0.00"
"Wellfleet","0.00","578.78","0.00","0.00","0.00","578.78","1.000000","0.00","0.00","0.00","1849.99","1608.43","3458.42","1.000000","0.00","0.00","2.46","2.39","10.33","15.18","1.000000","0.00","578.78","2.46","1852.38","1618.76","4052.38","1.000000","0.00","0.00","0.00","0.00","0.00","0.00","0.000000","0.00","0.00","0.00","0.00","0.00","0.00","0.00","0.00","0.000000","0.00","0.00","0.00","0.00","0.00","0.00","0.00","0.00","0.00","0.00","0.00","0.00","0.00","0.00","0.000000","0.00","0.00","0.00","578.78","0.00","0.00","0.00","578.78","1.000000","0.00","0.00","0.00","0.00","0.00","1849.99","1608.43","3458.42","1.000000","0.00","0.00","0.00","0.00","2.46","2.39","10.33","15.18","1.000000","0.00","578.78","2.46","1852.38","1618.76","4052.38","1.000000","0.00","0.00"
"Wendell","794.60","0.00","0.00","0.00","0.00","794.60","1.000000","0.00","0.00","0.00","2082.63","1405.88","3488.51","1.000000","0.00","0.00","6.42","3.29","12.26","21.97","1.000000","794.60","0.00","6.42","2085.92","1418.14","4305.08","1.000000","0.00","0.00","0.00","0.00","0.00","0.00","0.000000","0.00","0.00","0.00","0.00","0.00","0.00","0.00","0.00","0.000000","0.00","0.00","0.00","0.00","0.00","0.00","0.00","0.00","0.00","0.00","0.00","0.00","0.00","0.00","0.000000","0.00","0.00","794.60","0.00","0.00","0.00","0.00","794.60","1.000000","0.00","0.00","0.00","0.00","0.00","2082.63","1405.88","3488.51","1.000000","0.00","0.00","0.00","0.00","6.42","3.29","12.26","21.97","1.000000","794.60","0.00","6.42","2085.92","1418.14","4305.08","1.000000","0.00","0.00"
"Wenham","126.30","1190.43","0.00","0.00","0.00","1316.73","1.000000","0.00","0.00","0.00","1882.47","2087.68","3970.15","1.000000","0.00","0.00","2.04","5.42","13.62","21.08","1.000000","126.30","1190.43","2.04","1887.89","2101.30","5307.96","1.000000","0.00","0.00","0.00","0.00","0.00","0.00","0.000000","0.00","0.00","0.00","0.00","0.00","0.00","0.00","0.00","0.000000","0.00","0.00","0.00","0.00","0.00","0.00","0.00","0.00","0.00","0.00","0.00","0.00","0.00","0.00","0.000000","0.00","0.00","126.30","1190.43","0.00","0.00","0.00","1316.73","1.000000","0.00","0.00","0.00","0.00","0.00","1882.47","2087.68","3970.15","1.000000","0.00","0.00","0.00","0.00","2.04","5.42","13.62","21.08","1.000000","126.30","1190.43","2.04","1887.89","2101.30","5307.96","1.000000","0.00","0.00"
"West.Boylston","0.00","0.00","0.00","0.00","0.00","0.00","0.000000","0.00","0.00","0.00","1468.29","1919.56","3387.85","1.000000","0.00","0.00","0.00","0.00","6.24","6.24","1.000000","0.00","0.00","0.00","1468.29","1517.80","2986.09","1.000000","0.00","0.00","0.00","0.00","0.00","0.00","0.000000","0.00","0.00","0.00","0.00","0.00","0.00","0.00","0.00","0.000000","0.00","0.00","0.00","0.00","0.00","0.00","0.00","0.00","0.00","0.00","0.00","0.00","0.00","0.00","0.000000","0.00","0.00","0.00","0.00","0.00","0.00","0.00","0.00","1.000000","0.00","0.00","0.00","0.00","0.00","1468.29","1919.56","3387.85","1.000000","0.00","0.00","0.00","0.00","0.00","0.00","6.24","6.24","1.000000","0.00","0.00","0.00","1468.29","1517.80","2986.09","1.000000","0.00","0.00"
"West.Bridgewater","963.46","634.67","0.00","0.00","0.00","1598.13","1.000000","0.00","0.00","0.00","0.00","0.00","0.00","0.000000","0.00","0.00","0.00","0.00","0.00","0.00","0.000000","963.46","634.67","0.00","0.00","(870.22)","727.91","0.236687","0.00","0.00","0.00","0.00","0.00","0.00","0.000000","0.00","0.00","0.00","0.00","0.00","0.00","2347.50","2347.50","1.000000","0.00","0.00","0.00","0.00","0.00","0.00","0.00","0.00","0.00","0.00","0.00","0.00","2347.50","2347.50","0.763313","0.00","0.00","963.46","634.67","0.00","0.00","0.00","1598.13","1.000000","0.00","0.00","0.00","0.00","0.00","0.00","2347.50","2347.50","1.000000","0.00","0.00","0.00","0.00","0.00","0.00","0.00","0.00","1.000000","963.46","634.67","0.00","0.00","1477.28","3075.41","1.000000","0.00","0.00"
"West.Brookfield","576.39","529.26","0.00","0.00","0.00","1105.65","1.000000","0.00","0.00","0.00","0.00","247.53","247.53","0.365747","0.00","0.00","6.91","4.57","4.74","16.22","1.000000","576.39","529.26","6.91","4.57","252.27","1369.40","0.761349","0.00","0.00","0.00","0.00","0.00","0.00","0.000000","0.00","0.00","0.00","0.00","0.00","429.25","0.00","429.25","0.634253","0.00","0.00","0.00","0.00","0.00","0.00","0.00","0.00","0.00","0.00","0.00","429.25","0.00","429.25","0.238651","0.00","0.00","576.39","529.26","0.00","0.00","0.00","1105.65","1.000000","0.00","0.00","0.00","0.00","0.00","429.25","247.53","676.78","1.000000","0.00","0.00","0.00","0.00","6.91","4.57","4.74","16.22","1.000000","576.39","529.26","6.91","433.82","252.27","1798.65","1.000000","0.00","0.00"
"West.Newbury","602.65","0.00","0.00","0.00","0.00","602.65","0.292563","0.00","0.00","0.00","0.00","45.81","45.81","1.000000","0.00","0.00","4.87","2.50","2.59","9.96","1.000000","602.65","0.00","4.87","2.50","48.40","658.42","0.311211","0.00","1457.25","0.00","0.00","0.00","1457.25","0.707437","0.00","0.00","0.00","0.00","0.00","0.00","0.00","0.00","0.000000","0.00","0.00","0.00","0.062","0.00","0.00","0.00","0.062","0.00","1457.25","0.00","0.00","0.00","1457.25","0.688789","0.00","0.00","602.65","1457.25","0.00","0.00","0.00","2059.90","1.000000","0.00","0.00","0.00","0.00","0.00","0.00","45.81","45.81","1.000000","0.00","0.00","0.00","0.00","4.87","2.50","2.59","9.96","1.000000","602.65","1457.25","4.87","2.50","48.40","2115.67","1.000000","0.00","0.00"
"West.Springfield","0.00","179.31","0.00","0.00","0.00","179.31","1.000000","0.00","0.00","0.00","496.10","0.00","496.10","1.000000","0.00","0.00","0.76","0.74","0.00","1.50","1.000000","0.00","179.31","0.76","496.84","0.00","676.91","1.000000","0.00","0.00","0.00","0.00","0.00","0.00","0.000000","0.00","0.00","0.00","0.00","0.00","0.00","0.00","0.00","0.000000","0.00","0.00","0.00","0.00","0.00","0.00","0.00","0.00","0.00","0.00","0.00","0.00","0.00","0.00","0.000000","0.00","0.00","0.00","179.31","0.00","0.00","0.00","179.31","1.000000","0.00","0.00","0.00","0.00","0.00","496.10","0.00","496.10","1.000000","0.00","0.00","0.00","0.00","0.76","0.74","0.00","1.50","1.000000","0.00","179.31","0.76","496.84","0.00","676.91","1.000000","0.00","0.00"
"West.Stockbridge","158.47","0.00","0.00","0.00","0.00","158.47","1.000000","0.00","0.00","0.00","1125.03","921.15","2046.18","1.000000","0.00","0.00","4.72","0.67","5.47","10.86","1.000000","158.47","0.00","4.72","1125.70","926.62","2215.51","1.000000","0.00","0.00","0.00","0.00","0.00","0.00","0.000000","0.00","0.00","0.00","0.00","0.00","0.00","0.00","0.00","0.000000","0.00","0.00","0.00","0.00","0.00","0.00","0.00","0.00","0.00","0.00","0.00","0.00","0.00","0.00","0.000000","0.00","0.00","158.47","0.00","0.00","0.00","0.00","158.47","1.000000","0.00","0.00","0.00","0.00","0.00","1125.03","921.15","2046.18","1.000000","0.00","0.00","0.00","0.00","4.72","0.67","5.47","10.86","1.000000","158.47","0.00","4.72","1125.70","926.62","2215.51","1.000000","0.00","0.00"
"West.Tisbury","2273.43","1517.68","0.00","0.00","0.00","3791.11","1.000000","0.00","0.00","0.00","0.00","566.86","566.86","1.000000","0.00","0.00","0.00","0.00","16.10","16.10","1.000000","2273.43","1517.68","0.00","0.00","582.96","4374.07","1.000000","0.00","0.00","0.00","0.00","0.00","0.00","0.000000","0.00","0.00","0.00","0.00","0.00","0.00","0.00","0.00","0.000000","0.00","0.00","0.00","0.00","0.00","0.00","0.00","0.00","0.00","0.00","0.00","0.00","0.00","0.00","0.000000","0.00","0.00","2273.43","1517.68","0.00","0.00","0.00","3791.11","1.000000","0.00","0.00","0.00","0.00","0.00","0.00","566.86","566.86","1.000000","0.00","0.00","0.00","0.00","0.00","0.00","16.10","16.10","1.000000","2273.43","1517.68","0.00","0.00","582.96","4374.07","1.000000","0.00","0.00"
"Westborough","1074.93","1314.56","0.00","0.00","0.00","2389.49","1.000000","0.00","0.00","0.00","1609.44","0.00","1609.44","1.000000","0.00","0.00","14.27","9.88","17.08","41.23","1.000000","1074.93","1314.56","14.27","1619.32","17.08","4040.16","1.000000","0.00","0.00","0.00","0.00","0.00","0.00","0.000000","0.00","0.00","0.00","0.00","0.00","0.00","0.00","0.00","0.000000","0.00","0.00","0.00","0.00","0.00","0.00","0.00","0.00","0.00","0.00","0.00","0.00","0.00","0.00","0.000000","0.00","0.00","1074.93","1314.56","0.00","0.00","0.00","2389.49","1.000000","0.00","0.00","0.00","0.00","0.00","1609.44","0.00","1609.44","1.000000","0.00","0.00","0.00","0.00","14.27","9.88","17.08","41.23","1.000000","1074.93","1314.56","14.27","1619.32","17.08","4040.16","1.000000","0.00","0.00"
"Westfield","0.00","0.00","0.00","0.00","0.00","0.00","0.000000","0.00","0.00","0.00","1765.95","1185.43","2951.38","1.000000","0.00","0.00","0.00","0.00","7.50","7.50","1.000000","0.00","0.00","0.00","1765.95","1192.93","2958.88","1.000000","0.00","0.00","0.00","0.00","0.00","0.00","0.000000","0.00","0.00","0.00","0.00","0.00","0.00","0.00","0.00","0.000000","0.00","0.00","0.00","0.00","0.00","0.00","0.00","0.00","0.00","0.00","0.00","0.00","0.00","0.00","0.000000","0.00","0.00","0.00","0.00","0.00","0.00","0.00","0.00","1.000000","0.00","0.00","0.00","0.00","0.00","1765.95","1185.43","2951.38","1.000000","0.00","0.00","0.00","0.00","0.00","0.00","7.50","7.50","1.000000","0.00","0.00","0.00","1765.95","1192.93","2958.88","1.000000","0.00","0.00"
"Westford","2409.27","0.00","0.00","0.00","0.00","2409.27","1.000000","0.00","0.00","0.00","1657.63","1849.99","3507.62","1.000000","0.00","0.00","19.47","9.98","17.40","46.85","1.000000","2409.27","0.00","19.47","1667.61","1867.39","5963.74","1.000000","0.00","0.00","0.00","0.00","0.00","0.00","0.000000","0.00","0.00","0.00","0.00","0.00","0.00","0.00","0.00","0.000000","0.00","0.00","0.00","0.00","0.00","0.00","0.00","0.00","0.00","0.00","0.00","0.00","0.00","0.00","0.000000","0.00","0.00","2409.27","0.00","0.00","0.00","0.00","2409.27","1.000000","0.00","0.00","0.00","0.00","0.00","1657.63","1849.99","3507.62","1.000000","0.00","0.00","0.00","0.00","19.47","9.98","17.40","46.85","1.000000","2409.27","0.00","19.47","1667.61","1867.39","5963.74","1.000000","0.00","0.00"
"Westhampton","0.00","0.00","0.00","0.00","0.00","0.00","0.000000","0.00","0.00","0.00","2064.32","2062.63","4126.95","1.000000","0.00","0.00","0.00","0.00","8.77","8.77","1.000000","0.00","0.00","0.00","2064.32","2071.40","4135.72","1.000000","0.00","0.00","0.00","0.00","0.00","0.00","0.000000","0.00","0.00","0.00","0.00","0.00","0.00","0.00","0.00","0.000000","0.00","0.00","0.00","0.00","0.00","0.00","0.00","0.00","0.00","0.00","0.00","0.00","0.00","0.00","0.000000","0.00","0.00","0.00","0.00","0.00","0.00","0.00","0.00","1.000000","0.00","0.00","0.00","0.00","0.00","2064.32","2062.63","4126.95","1.000000","0.00","0.00","0.00","0.00","0.00","0.00","8.77","8.77","1.000000","0.00","0.00","0.00","2064.32","2071.40","4135.72","1.000000","0.00","0.00"
"Westminster","0.00","0.00","0.00","0.00","0.00","0.00","0.000000","0.00","0.00","0.00","2511.54","2327.56","4839.10","1.000000","0.00","0.00","0.00","0.00","10.67","10.67","1.000000","0.00","0.00","0.00","2511.54","2338.23","4849.77","1.000000","0.00","0.00","0.00","0.00","0.00","0.00","0.000000","0.00","0.00","0.00","0.00","0.00","0.00","0.00","0.00","0.000000","0.00","0.00","0.00","0.00","0.00","0.00","0.00","0.00","0.00","0.00","0.00","0.00","0.00","0.00","0.000000","0.00","0.00","0.00","0.00","0.00","0.00","0.00","0.00","1.000000","0.00","0.00","0.00","0.00","0.00","2511.54","2327.56","4839.10","1.000000","0.00","0.00","0.00","0.00","0.00","0.00","10.67","10.67","1.000000","0.00","0.00","0.00","2511.54","2338.23","4849.77","1.000000","0.00","0.00"
"Weston","582.46","698.14","0.00","0.00","0.00","1280.60","1.000000","0.00","0.00","0.00","230.17","2569.64","2799.81","1.000000","0.00","0.00","0.00","5.26","6.44","11.70","1.000000","582.46","698.14","0.00","235.43","2576.08","4092.11","1.000000","0.00","0.00","0.00","0.00","0.00","0.00","0.000000","0.00","0.00","0.00","0.00","0.00","0.00","0.00","0.00","0.000000","0.00","0.00","0.00","0.00","0.00","0.00","0.00","0.00","0.00","0.00","0.00","0.00","0.00","0.00","0.000000","0.00","0.00","582.46","698.14","0.00","0.00","0.00","1280.60","1.000000","0.00","0.00","0.00","0.00","0.00","230.17","2569.64","2799.81","1.000000","0.00","0.00","0.00","0.00","0.00","5.26","6.44","11.70","1.000000","582.46","698.14","0.00","235.43","2576.08","4092.11","1.000000","0.00","0.00"
"Westport","1830.14","1143.58","0.00","0.00","0.00","2973.72","1.000000","0.00","0.00","0.00","283.34","0.00","283.34","1.000000","0.00","0.00","19.65","12.30","14.76","46.71","1.000000","1830.14","1143.58","19.65","295.64","14.76","3303.77","1.000000","0.00","0.00","0.00","0.00","0.00","0.00","0.000000","0.00","0.00","0.00","0.00","0.00","0.00","0.00","0.00","0.000000","0.00","0.00","0.00","0.00","0.00","0.00","0.00","0.00","0.00","0.00","0.00","0.00","0.00","0.00","0.000000","0.00","0.00","1830.14","1143.58","0.00","0.00","0.00","2973.72","1.000000","0.00","0.00","0.00","0.00","0.00","283.34","0.00","283.34","1.000000","0.00","0.00","0.00","0.00","19.65","12.30","14.76","46.71","1.000000","1830.14","1143.58","19.65","295.64","14.76","3303.77","1.000000","0.00","0.00"
"Westwood","1098.22","1223.05","0.00","0.00","0.00","2321.27","1.000000","0.00","0.00","0.00","0.00","469.87","469.87","1.000000","0.00","0.00","15.92","11.39","9.97","37.28","1.000000","1098.22","1223.05","15.92","11.39","479.84","2828.42","1.000000","0.00","0.00","0.00","0.00","0.00","0.00","0.000000","0.00","0.00","0.00","0.00","0.00","0.00","0.00","0.00","0.000000","0.00","0.00","0.00","0.00","0.00","0.00","0.00","0.00","0.00","0.00","0.00","0.00","0.00","0.00","0.000000","0.00","0.00","1098.22","1223.05","0.00","0.00","0.00","2321.27","1.000000","0.00","0.00","0.00","0.00","0.00","0.00","469.87","469.87","1.000000","0.00","0.00","0.00","0.00","15.92","11.39","9.97","37.28","1.000000","1098.22","1223.05","15.92","11.39","479.84","2828.42","1.000000","0.00","0.00"
"Weymouth","0.00","757.12","0.00","0.00","0.00","757.12","1.000000","0.00","0.00","0.00","921.15","0.00","921.15","1.000000","0.00","0.00","5.07","3.13","1.10","9.30","1.000000","0.00","757.12","5.07","924.28","1.10","1687.57","1.000000","0.00","0.00","0.00","0.00","0.00","0.00","0.000000","0.00","0.00","0.00","0.00","0.00","0.00","0.00","0.00","0.000000","0.00","0.00","0.00","0.00","0.00","0.00","0.00","0.00","0.00","0.00","0.00","0.00","0.00","0.00","0.000000","0.00","0.00","0.00","757.12","0.00","0.00","0.00","757.12","1.000000","0.00","0.00","0.00","0.00","0.00","921.15","0.00","921.15","1.000000","0.00","0.00","0.00","0.00","5.07","3.13","1.10","9.30","1.000000","0.00","757.12","5.07","924.28","1.10","1687.57","1.000000","0.00","0.00"
"Whately","0.00","0.00","0.00","0.00","0.00","0.00","0.000000","0.00","0.00","0.00","1023.75","896.10","1919.85","1.000000","0.00","0.00","0.00","0.00","4.35","4.35","1.000000","0.00","0.00","0.00","1023.75","900.45","1924.20","1.000000","0.00","0.00","0.00","0.00","0.00","0.00","0.000000","0.00","0.00","0.00","0.00","0.00","0.00","0.00","0.00","0.000000","0.00","0.00","0.00","0.00","0.00","0.00","0.00","0.00","0.00","0.00","0.00","0.00","0.00","0.00","0.000000","0.00","0.00","0.00","0.00","0.00","0.00","0.00","0.00","1.000000","0.00","0.00","0.00","0.00","0.00","1023.75","896.10","1919.85","1.000000","0.00","0.00","0.00","0.00","0.00","0.00","4.35","4.35","1.000000","0.00","0.00","0.00","1023.75","900.45","1924.20","1.000000","0.00","0.00"
"Whitman","2079.28","0.00","2206.27","0.00","0.00","4285.55","1.000000","0.00","0.00","0.00","0.00","1142.71","1142.71","1.000000","0.00","0.00","16.81","0.00","18.27","35.08","1.000000","2079.28","0.00","2223.08","0.00","1160.98","5463.34","1.000000","0.00","0.00","0.00","0.00","0.00","0.00","0.000000","0.00","0.00","0.00","0.00","0.00","0.00","0.00","0.00","0.000000","0.00","0.00","0.00","0.00","0.00","0.00","0.00","0.00","0.00","0.00","0.00","0.00","0.00","0.00","0.000000","0.00","0.00","2079.28","0.00","2206.27","0.00","0.00","4285.55","1.000000","0.00","0.00","0.00","0.00","0.00","0.00","1142.71","1142.71","1.000000","0.00","0.00","0.00","0.00","16.81","0.00","18.27","35.08","1.000000","2079.28","0.00","2223.08","0.00","1160.98","5463.34","1.000000","0.00","0.00"
"Wilbraham","0.00","0.00","314.50","0.00","0.00","314.50","1.000000","0.00","0.00","0.00","1175.43","0.00","1175.43","1.000000","0.00","0.00","0.00","1.29","8.20","9.49","1.000000","0.00","0.00","314.50","1176.72","8.20","1499.42","1.000000","0.00","0.00","0.00","0.00","0.00","0.00","0.000000","0.00","0.00","0.00","0.00","0.00","0.00","0.00","0.00","0.000000","0.00","0.00","0.00","0.00","0.00","0.00","0.00","0.00","0.00","0.00","0.00","0.00","0.00","0.00","0.000000","0.00","0.00","0.00","0.00","314.50","0.00","0.00","314.50","1.000000","0.00","0.00","0.00","0.00","0.00","1175.43","0.00","1175.43","1.000000","0.00","0.00","0.00","0.00","0.00","1.29","8.20","9.49","1.000000","0.00","0.00","314.50","1176.72","8.20","1499.42","1.000000","0.00","0.00"
"Williamsburg","0.00","0.00","395.87","0.00","0.00","395.87","1.000000","0.00","0.00","0.00","1409.94","1614.49","3024.43","1.000000","0.00","0.00","0.00","1.63","7.68","9.31","1.000000","0.00","0.00","395.87","1411.57","1622.17","3429.61","1.000000","0.00","0.00","0.00","0.00","0.00","0.00","0.000000","0.00","0.00","0.00","0.00","0.00","0.00","0.00","0.00","0.000000","0.00","0.00","0.00","0.00","0.00","0.00","0.00","0.00","0.00","0.00","0.00","0.00","0.00","0.00","0.000000","0.00","0.00","0.00","0.00","395.87","0.00","0.00","395.87","1.000000","0.00","0.00","0.00","0.00","0.00","1409.94","1614.49","3024.43","1.000000","0.00","0.00","0.00","0.00","0.00","1.63","7.68","9.31","1.000000","0.00","0.00","395.87","1411.57","1622.17","3429.61","1.000000","0.00","0.00"
"Williamstown","825.98","0.00","0.00","0.00","0.00","825.98","1.000000","0.00","0.00","0.00","2087.68","1849.99","3937.67","1.000000","0.00","0.00","10.24","3.44","12.43","26.11","1.000000","825.98","0.00","10.24","2091.12","1862.42","4789.76","1.000000","0.00","0.00","0.00","0.00","0.00","0.00","0.000000","0.00","0.00","0.00","0.00","0.00","0.00","0.00","0.00","0.000000","0.00","0.00","0.00","0.00","0.00","0.00","0.00","0.00","0.00","0.00","0.00","0.00","0.00","0.00","0.000000","0.00","0.00","825.98","0.00","0.00","0.00","0.00","825.98","1.000000","0.00","0.00","0.00","0.00","0.00","2087.68","1849.99","3937.67","1.000000","0.00","0.00","0.00","0.00","10.24","3.44","12.43","26.11","1.000000","825.98","0.00","10.24","2091.12","1862.42","4789.76","1.000000","0.00","0.00"
"Wilmington","0.00","0.00","977.20","0.00","0.00","977.20","1.000000","0.00","0.00","0.00","2327.56","2087.68","4415.24","1.000000","0.00","0.00","0.00","4.02","14.05","18.07","1.000000","0.00","0.00","977.20","2331.58","2101.73","5410.51","1.000000","0.00","0.00","0.00","0.00","0.00","0.00","0.000000","0.00","0.00","0.00","0.00","0.00","0.00","0.00","0.00","0.000000","0.00","0.00","0.00","0.00","0.00","0.00","0.00","0.00","0.00","0.00","0.00","0.00","0.00","0.00","0.000000","0.00","0.00","0.00","0.00","977.20","0.00","0.00","977.20","1.000000","0.00","0.00","0.00","0.00","0.00","2327.56","2087.68","4415.24","1.000000","0.00","0.00","0.00","0.00","0.00","4.02","14.05","18.07","1.000000","0.00","0.00","977.20","2331.58","2101.73","5410.51","1.000000","0.00","0.00"
"Winchendon","0.00","0.00","0.00","0.00","0.00","0.00","0.000000","0.00","0.00","0.00","2486.16","2302.51","4788.67","1.000000","0.00","0.00","0.00","0.00","10.56","10.56","1.000000","0.00","0.00","0.00","2486.16","2313.07","4799.23","1.000000","0.00","0.00","0.00","0.00","0.00","0.00","0.000000","0.00","0.00","0.00","0.00","0.00","0.00","0.00","0.00","0.000000","0.00","0.00","0.00","0.00","0.00","0.00","0.00","0.00","0.00","0.00","0.00","0.00","0.00","0.00","0.000000","0.00","0.00","0.00","0.00","0.00","0.00","0.00","0.00","1.000000","0.00","0.00","0.00","0.00","0.00","2486.16","2302.51","4788.67","1.000000","0.00","0.00","0.00","0.00","0.00","0.00","10.56","10.56","1.000000","0.00","0.00","0.00","2486.16","2313.07","4799.23","1.000000","0.00","0.00"
"Winchester","0.00","0.00","132.38","0.00","0.00","132.38","1.000000","0.00","0.00","0.00","222.49","2125.58","2348.07","1.000000","0.00","0.00","0.00","0.54","1.51","2.05","1.000000","0.00","0.00","132.38","223.03","2127.09","2482.50","1.000000","0.00","0.00","0.00","0.00","0.00","0.00","0.000000","0.00","0.00","0.00","0.00","0.00","0.00","0.00","0.00","0.000000","0.00","0.00","0.00","0.00","0.00","0.00","0.00","0.00","0.00","0.00","0.00","0.00","0.00","0.00","0.000000","0.00","0.00","0.00","0.00","132.38","0.00","0.00","132.38","1.000000","0.00","0.00","0.00","0.00","0.00","222.49","2125.58","2348.07","1.000000","0.00","0.00","0.00","0.00","0.00","0.54","1.51","2.05","1.000000","0.00","0.00","132.38","223.03","2127.09","2482.50","1.000000","0.00","0.00"
"Windsor","683.81","0.00","317.92","0.00","0.00","1001.73","1.000000","0.00","0.00","0.00","24.82","241.47","266.29","1.000000","0.00","0.00","5.53","4.14","350.39","360.06","1.000000","683.81","0.00","323.45","28.96","591.86","1628.08","1.000000","0.00","0.00","0.00","0.00","0.00","0.00","0.000000","0.00","0.00","0.00","0.00","0.00","0.00","0.00","0.00","0.000000","0.00","0.00","0.00","0.00","0.00","0.00","0.00","0.00","0.00","0.00","0.00","0.00","0.00","0.00","0.000000","0.00","0.00","683.81","0.00","317.92","0.00","0.00","1001.73","1.000000","0.00","0.00","0.00","0.00","0.00","24.82","241.47","266.29","1.000000","0.00","0.00","0.00","0.00","5.53","4.14","350.39","360.06","1.000000","683.81","0.00","323.45","28.96","591.86","1628.08","1.000000","0.00","0.00"
"Winthrop","454.53","0.00","212.81","0.00","0.00","667.34","1.000000","0.00","0.00","0.00","0.00","469.87","469.87","1.000000","0.00","0.00","3.67","344.70","4.31","352.68","1.000000","454.53","0.00","216.48","344.70","474.18","1489.89","1.000000","0.00","0.00","0.00","0.00","0.00","0.00","0.000000","0.00","0.00","0.00","0.00","0.00","0.00","0.00","0.00","0.000000","0.00","0.00","0.00","0.00","0.00","0.00","0.00","0.00","0.00","0.00","0.00","0.00","0.00","0.00","0.000000","0.00","0.00","454.53","0.00","212.81","0.00","0.00","667.34","1.000000","0.00","0.00","0.00","0.00","0.00","0.00","469.87","469.87","1.000000","0.00","0.00","0.00","0.00","3.67","344.70","4.31","352.68","1.000000","454.53","0.00","216.48","344.70","474.18","1489.89","1.000000","0.00","0.00"
"Woburn","0.00","0.00","0.00","0.00","0.00","0.00","0.000000","0.00","0.00","0.00","921.15","0.00","921.15","1.000000","0.00","0.00","326.48","1.34","5.30","333.12","1.000000","0.00","0.00","326.48","922.49","5.30","1254.27","1.000000","0.00","0.00","0.00","0.00","0.00","0.00","0.000000","0.00","0.00","0.00","0.00","0.00","0.00","0.00","0.00","0.000000","0.00","0.00","0.00","0.00","0.00","0.00","0.00","0.00","0.00","0.00","0.00","0.00","0.00","0.00","0.000000","0.00","0.00","0.00","0.00","0.00","0.00","0.00","0.00","1.000000","0.00","0.00","0.00","0.00","0.00","921.15","0.00","921.15","1.000000","0.00","0.00","0.00","0.00","326.48","1.34","5.30","333.12","1.000000","0.00","0.00","326.48","922.49","5.30","1254.27","1.000000","0.00","0.00"
"Worcester","353.80","0.00","0.00","0.00","0.00","353.80","1.000000","0.00","0.00","0.00","0.00","921.15","921.15","0.467162","0.00","345.96","4.33","2.89","3.00","356.18","1.000000","353.80","345.96","4.33","2.89","924.15","1631.13","0.608227","0.00","0.00","0.00","0.00","0.00","0.00","0.000000","0.00","0.00","0.00","0.00","0.00","1050.65","0.00","1050.65","0.532838","0.00","0.00","0.00","0.00","0.00","0.00","0.00","0.00","0.00","0.00","0.00","1050.65","0.00","1050.65","0.391773","0.00","0.00","353.80","0.00","0.00","0.00","0.00","353.80","1.000000","0.00","0.00","0.00","0.00","0.00","1050.65","921.15","1971.80","1.000000","0.00","0.00","0.00","345.96","4.33","2.89","3.00","356.18","1.000000","353.80","345.96","4.33","1053.54","924.15","2681.78","1.000000","0.00","0.00"
"Worthington","470.76","0.00","0.00","0.00","0.00","470.76","0.379092","0.00","0.00","0.00","0.00","675.96","675.96","1.000000","349.99","0.00","6.63","3.40","3.53","363.55","1.000000","820.75","0.00","6.63","3.40","679.49","1510.27","0.662016","0.00","771.05","0.00","0.00","0.00","771.05","0.620908","0.00","0.00","0.00","0.00","0.00","0.00","0.00","0.00","0.000000","0.00","0.00","0.00","0.072","0.00","0.00","0.00","0.072","0.00","771.05","0.00","0.00","0.00","771.05","0.337984","0.00","0.00","470.76","771.05","0.00","0.00","0.00","1241.81","1.000000","0.00","0.00","0.00","0.00","0.00","0.00","675.96","675.96","1.000000","0.00","0.00","349.99","0.00","6.63","3.40","3.53","363.55","1.000000","820.75","771.05","6.63","3.40","679.49","2281.32","1.000000","0.00","0.00"
"Wrentham","0.00","0.00","920.87","0.00","0.00","920.87","0.478476","0.00","0.00","0.00","1139.40","0.00","1139.40","1.000000","0.00","0.00","0.00","3.78","8.77","12.55","1.000000","0.00","0.00","920.87","1143.18","8.77","2072.82","0.673750","1003.72","0.00","0.00","0.00","0.00","1003.72","0.521524","0.00","0.00","0.00","0.00","0.00","0.00","0.00","0.00","0.000000","0.00","0.00","0.092","0.00","0.00","0.00","0.00","0.092","1003.72","0.00","0.00","0.00","0.00","1003.72","0.326250","0.00","0.00","1003.72","0.00","920.87","0.00","0.00","1924.59","1.000000","0.00","0.00","0.00","0.00","0.00","1139.40","0.00","1139.40","1.000000","0.00","0.00","0.00","0.00","0.00","3.78","8.77","12.55","1.000000","1003.72","0.00","920.87","1143.18","8.77","3076.54","1.000000","0.00","0.00"
"Yarmouth","0.00","0.00","567.89","0.00","0.00","567.89","1.000000","0.00","0.00","0.00","1849.99","1614.49","3464.48","1.000000","0.00","0.00","0.00","2.33","10.28","12.61","1.000000","0.00","0.00","567.89","1852.32","1624.77","4044.98","1.000000","0.00","0.00","0.00","0.00","0.00","0.00","0.000000","0.00","0.00","0.00","0.00","0.00","0.00","0.00","0.00","0.000000","0.00","0.00","0.00","0.00","0.00","0.00","0.00","0.00","0.00","0.00","0.00","0.00","0.00","0.00","0.000000","0.00","0.00","0.00","0.00","567.89","0.00","0.00","567.89","1.000000","0.00","0.00","0.00","0.00","0.00","1849.99","1614.49","3464.48","1.000000","0.00","0.00","0.00","0.00","0.00","2.33","10.28","12.61","1.000000","0.00","0.00","567.89","1852.32","1624.77","4044.98","1.000000","0.00","0.00"
