"","","","Slip Value","","","Time Spent (optional rounding)","Do Not Bill Time","Rate Value","Overhead Cost","","","","","","",
"1/1/2015","10/14/2013","#Unknown!","122.41","222.22","#Unknown!","1:12:00","0:00:00","102.01","60.02","#Unknown!","15,985.00","222.22","2.87","101.01","#Unknown!"
"1/2/2015","6/15/2013","#Unknown!","231.04","555.55","#Unknown!","2:12:00","0:00:00","105.02","110.11","#Unknown!","21,924.00","555.55","1.66","202.02","#Unknown!"
"1/3/2015","12/6/2013","#Unknown!","329.70","333.33","#Unknown!","3:12:00","0:00:00","103.03","160.10","#Unknown!","10,303.00","333.33","3.40","303.03","#Unknown!"
"1/6/2015","2/18/2013","#Unknown!","645.05","444.44","#Unknown!","6:12:00","0:00:00","104.04","310.25","#Unknown!","8,485.00","444.44","0.49","606.06","#Unknown!"
"1/4/2015","1/1/2013","#Unknown!","424.41","111.11","#Unknown!","4:12:00","0:00:00","101.05","210.04","#Unknown!","28,438.00","111.11","0.01","404.04","#Unknown!"
"1/5/2015","2/24/2013","#Unknown!","530.71","222.22","#Unknown!","5:12:00","0:45:00","102.06","260.10","#Unknown!","494.00","222.22","0.55","505.05","#Unknown!"
"1/7/2015","8/2/2013","#Unknown!","756.50","555.55","#Unknown!","7:12:00","0:45:00","105.07","360.36","#Unknown!","16,283.00","555.55","2.14","707.07","#Unknown!"
"1/8/2015","1/3/2013","#Unknown!","845.26","333.33","#Unknown!","8:12:00","0:45:00","103.08","410.25","#Unknown!","37,819.00","333.33","0.03","808.08","#Unknown!"
"1/9/2015","7/8/2013","#Unknown!","957.63","444.44","#Unknown!","9:12:00","0:45:00","104.09","460.37","#Unknown!","33,201.00","444.44","1.89","909.09","#Unknown!"
"1/10/2015","11/4/2013","#Unknown!","1031.22","111.11","#Unknown!","10:12:00","0:45:00","101.10","510.10","#Unknown!","311.00","111.11","3.08","1,010.10","#Unknown!"
"1/11/2015","10/28/2013","#Unknown!","1143.63","222.22","#Unknown!","11:12:00","0:00:00","102.11","560.22","#Unknown!","42,844.00","222.22","3.01","1,111.11","#Unknown!"
"1/1/2015","4/19/2013","#Unknown!","126.14","555.55","#Unknown!","1:12:00","0:00:00","105.12","60.06","#Unknown!","6,081.00","555.55","1.09","101.01","#Unknown!"
"1/2/2015","4/20/2013","#Unknown!","226.89","333.33","#Unknown!","2:12:00","0:00:00","103.13","110.07","#Unknown!","3,074.00","333.33","1.10","202.02","#Unknown!"
"1/3/2015","3/23/2013","#Unknown!","333.25","444.44","#Unknown!","3:12:00","0:00:00","104.14","160.13","#Unknown!","1,737.00","444.44","0.82","303.03","#Unknown!"
"1/6/2015","6/16/2013","#Unknown!","627.13","111.11","#Unknown!","6:12:00","0:00:00","101.15","310.06","#Unknown!","16,593.00","111.11","1.67","606.06","#Unknown!"
"1/4/2015","3/24/2013","#Unknown!","429.07","222.22","#Unknown!","4:12:00","0:00:00","102.16","210.08","#Unknown!","11,584.00","222.22","0.83","404.04","#Unknown!"
"1/5/2015","11/26/2013","#Unknown!","546.88","555.55","#Unknown!","5:12:00","0:00:00","105.17","260.26","#Unknown!","43,593.00","555.55","3.30","505.05","#Unknown!"
"1/7/2015","5/5/2013","#Unknown!","742.90","333.33","#Unknown!","7:12:00","0:00:00","103.18","360.22","#Unknown!","16,188.00","333.33","1.25","707.07","#Unknown!"
"1/8/2015","10/2/2013","#Unknown!","854.36","444.44","#Unknown!","8:12:00","0:00:00","104.19","410.33","#Unknown!","4,356.00","444.44","2.75","808.08","#Unknown!"
"1/9/2015","4/21/2013","#Unknown!","931.04","111.11","#Unknown!","9:12:00","0:00:00","101.20","460.09","#Unknown!","7,427.00","111.11","1.11","909.09","#Unknown!"
"1/10/2015","11/13/2013","#Unknown!","3233.50","222.22","#Unknown!","10:12:00","0:00:00","317.01","510.20","#Unknown!","45,193.00","222.22","3.17","1,010.10","#Unknown!"
"1/11/2015","1/4/2013","#Unknown!","45.02","555.55","#Unknown!","11:12:00","0:00:00","4.02","560.56","#Unknown!","5,398.00","555.55","0.04","1,111.11","#Unknown!"
"1/1/2015","2/19/2013","#Unknown!","60.04","333.33","#Unknown!","1:12:00","0:00:00","50.03","60.04","#Unknown!","1,779.00","333.33","0.50","101.01","#Unknown!"
"1/2/2015","6/17/2013","#Unknown!","369.69","444.44","#Unknown!","2:12:00","0:00:00","168.04","110.09","#Unknown!","13,320.00","444.44","1.68","202.02","#Unknown!"
"1/3/2015","1/5/2013","#Unknown!","16.16","111.11","#Unknown!","3:12:00","0:00:00","5.05","160.03","#Unknown!","14,649.00","111.11","0.05","303.03","#Unknown!"
"1/6/2015","8/24/2013","#Unknown!","1463.57","222.22","#Unknown!","6:12:00","0:00:00","236.06","310.12","#Unknown!","16,332.00","222.22","2.36","606.06","#Unknown!"
"1/4/2015","10/29/2013","#Unknown!","1268.69","555.55","#Unknown!","4:12:00","0:00:00","302.07","210.21","#Unknown!","24,729.00","555.55","3.02","404.04","#Unknown!"
"1/5/2015","12/15/2013","#Unknown!","1815.22","333.33","#Unknown!","5:12:00","0:00:00","349.08","260.16","#Unknown!","6,411.00","333.33","3.49","505.05","#Unknown!"
"1/7/2015","5/6/2013","#Unknown!","907.85","444.44","#Unknown!","7:12:00","0:00:00","126.09","360.29","#Unknown!","2,866.00","444.44","1.26","707.07","#Unknown!"
"1/8/2015","3/26/2013","#Unknown!","697.82","111.11","#Unknown!","8:12:00","0:00:00","85.10","410.08","#Unknown!","2,129.00","111.11","0.85","808.08","#Unknown!"
"1/9/2015","8/3/2013","#Unknown!","1286.36","222.22","#Unknown!","5:58:48","0:00:00","215.11","299.12","#Unknown!","39,502.00","222.22","2.15","909.09","#Unknown!"
"1/10/2015","7/9/2013","#Unknown!","1939.22","555.55","#Unknown!","10:12:00","0:00:00","190.12","510.51","#Unknown!","40,243.00","555.55","1.90","1,010.10","#Unknown!"
"1/11/2015","5/7/2013","#Unknown!","1423.86","333.33","#Unknown!","11:12:00","0:00:00","127.13","560.34","#Unknown!","9,026.00","333.33","1.27","1,111.11","#Unknown!"
"1/1/2015","1/6/2013","#Unknown!","7.37","444.44","#Unknown!","1:12:00","0:00:00","6.14","60.05","#Unknown!","1,233.00","444.44","0.06","101.01","#Unknown!"
"1/2/2015","6/18/2013","#Unknown!","372.13","111.11","#Unknown!","2:12:00","0:00:00","169.15","110.02","#Unknown!","4,897.00","111.11","1.69","202.02","#Unknown!"
"1/3/2015","9/16/2013","#Unknown!","829.31","222.22","#Unknown!","3:12:00","0:00:00","259.16","160.06","#Unknown!","617,594.00","222.22","2.59","303.03","#Unknown!"
"1/6/2015","11/2/2013","#Unknown!","1898.25","555.55","#Unknown!","6:12:00","0:00:00","306.17","310.31","#Unknown!","19,754.00","555.55","3.06","606.06","#Unknown!"
"1/4/2015","6/14/2013","#Unknown!","693.76","333.33","#Unknown!","4:12:00","0:00:00","165.18","210.13","#Unknown!","4,996.00","333.33","1.65","404.04","#Unknown!"
"1/5/2015","8/4/2013","#Unknown!","1124.19","444.44","#Unknown!","5:12:00","0:00:00","216.19","260.21","#Unknown!","7,965.00","444.44","2.16","505.05","#Unknown!"
"1/7/2015","5/8/2013","#Unknown!","923.04","111.11","#Unknown!","7:12:00","0:00:00","128.20","360.07","#Unknown!","4,355.00","111.11","1.28","707.07","#Unknown!"
"1/8/2015","9/28/2013","#Unknown!","885.68","222.22","#Unknown!","8:12:00","0:00:00","108.01","410.16","#Unknown!","35,744.00","222.22","2.71","808.08","#Unknown!"
"1/9/2015","11/14/2013","#Unknown!","1002.98","555.55","#Unknown!","9:12:00","0:00:00","109.02","460.46","#Unknown!","9,820.00","555.55","3.18","909.09","#Unknown!"
"1/10/2015","10/3/2013","#Unknown!","1122.31","333.33","#Unknown!","10:12:00","0:00:00","110.03","510.31","#Unknown!","26,563.00","333.33","2.76","1,010.10","#Unknown!"
"1/11/2015","1/7/2013","#Unknown!","1243.65","444.44","#Unknown!","11:12:00","0:00:00","111.04","560.45","#Unknown!","3,609.00","444.44","0.07","1,111.11","#Unknown!"
"1/1/2015","10/1/2013","#Unknown!","121.26","111.11","#Unknown!","1:12:00","0:00:00","101.05","60.01","#Unknown!","93,810.00","111.11","2.74","101.01","#Unknown!"
"1/2/2015","5/9/2013","#Unknown!","224.53","222.22","#Unknown!","2:12:00","0:00:00","102.06","110.04","#Unknown!","3,390.00","222.22","1.29","202.02","#Unknown!"
"1/3/2015","10/24/2013","#Unknown!","329.82","555.55","#Unknown!","3:12:00","0:00:00","103.07","160.16","#Unknown!","58,732.00","555.55","2.97","303.03","#Unknown!"
"1/6/2015","3/28/2013","#Unknown!","657.70","333.33","#Unknown!","6:12:00","0:00:00","106.08","310.19","#Unknown!","1,902.00","333.33","0.87","606.06","#Unknown!"
"1/4/2015","7/7/2013","#Unknown!","437.18","444.44","#Unknown!","4:12:00","0:00:00","104.09","210.17","#Unknown!","24,498.00","444.44","1.88","404.04","#Unknown!"
"1/5/2015","9/17/2013","#Unknown!","546.52","111.11","#Unknown!","5:12:00","0:00:00","105.10","260.05","#Unknown!","105,162.00","111.11","2.60","505.05","#Unknown!"
"1/7/2015","8/25/2013","#Unknown!","771.19","222.22","#Unknown!","7:12:00","0:00:00","107.11","360.14","#Unknown!","21,561.00","222.22","2.37","707.07","#Unknown!"
"1/8/2015","6/19/2013","#Unknown!","886.58","555.55","#Unknown!","8:12:00","0:00:00","108.12","410.41","#Unknown!","4,852.00","555.55","1.70","808.08","#Unknown!"
"1/9/2015","10/4/2013","#Unknown!","1004.00","333.33","#Unknown!","9:12:00","0:00:00","109.13","460.28","#Unknown!","11,509.00","333.33","2.77","909.09","#Unknown!"
"1/10/2015","3/29/2013","#Unknown!","1123.43","444.44","#Unknown!","10:12:00","0:00:00","110.14","510.41","#Unknown!","1,266.00","444.44","0.88","1,010.10","#Unknown!"
"1/11/2015","5/10/2013","#Unknown!","1244.88","111.11","#Unknown!","11:12:00","0:00:00","111.15","560.11","#Unknown!","12,981.00","111.11","1.30","1,111.11","#Unknown!"
"1/1/2015","11/15/2013","#Unknown!","121.39","222.22","#Unknown!","1:12:00","0:00:00","101.16","60.02","#Unknown!","6,125.00","222.22","3.19","101.01","#Unknown!"
"1/2/2015","7/10/2013","#Unknown!","224.77","555.55","#Unknown!","2:12:00","0:00:00","102.17","110.11","#Unknown!","33,802.00","555.55","1.91","202.02","#Unknown!"
"1/3/2015","9/21/2013","#Unknown!","330.18","333.33","#Unknown!","3:12:00","0:00:00","103.18","160.10","#Unknown!","35,177.00","333.33","2.64","303.03","#Unknown!"
"1/6/2015","2/21/2013","#Unknown!","658.38","444.44","#Unknown!","6:12:00","0:00:00","106.19","310.25","#Unknown!","3,235.00","444.44","0.52","606.06","#Unknown!"
"1/4/2015","1/8/2013","#Unknown!","437.64","111.11","#Unknown!","4:12:00","0:00:00","104.20","210.04","#Unknown!","1,337.00","111.11","0.08","404.04","#Unknown!"
"1/5/2015","1/9/2013","#Unknown!","530.45","222.22","#Unknown!","5:12:00","0:00:00","102.01","260.10","#Unknown!","1,222.00","222.22","0.09","505.05","#Unknown!"
"1/7/2015","1/10/2013","#Unknown!","756.14","555.55","#Unknown!","7:12:00","0:00:00","105.02","360.36","#Unknown!","55,298.00","555.55","0.10","707.07","#Unknown!"
"1/8/2015","11/3/2013","#Unknown!","844.85","333.33","#Unknown!","8:12:00","0:00:00","103.03","410.25","#Unknown!","866.00","333.33","3.07","808.08","#Unknown!"
"1/9/2015","3/8/2013","#Unknown!","957.17","444.44","#Unknown!","9:12:00","0:00:00","104.04","460.37","#Unknown!","1,702.00","444.44","0.67","909.09","#Unknown!"
"1/10/2015","5/11/2013","#Unknown!","1030.71","111.11","#Unknown!","10:12:00","0:00:00","101.05","510.10","#Unknown!","13,606.00","111.11","1.31","1,010.10","#Unknown!"
"1/11/2015","8/26/2013","#Unknown!","1143.07","222.22","#Unknown!","11:12:00","0:00:00","102.06","560.22","#Unknown!","7,542.00","222.22","2.38","1,111.11","#Unknown!"
"1/1/2015","3/31/2013","#Unknown!","126.08","555.55","#Unknown!","1:12:00","0:00:00","105.07","60.06","#Unknown!","1,671.00","555.55","0.90","101.01","#Unknown!"
"1/2/2015","6/20/2013","#Unknown!","226.78","333.33","#Unknown!","2:12:00","0:00:00","103.08","110.07","#Unknown!","17,668.00","333.33","1.71","202.02","#Unknown!"
"1/3/2015","4/1/2013","#Unknown!","333.09","444.44","#Unknown!","3:12:00","0:00:00","104.09","160.13","#Unknown!","1,897.00","444.44","0.91","303.03","#Unknown!"
"1/6/2015","1/11/2013","#Unknown!","626.82","111.11","#Unknown!","6:12:00","0:00:00","101.10","310.06","#Unknown!","872.00","111.11","0.11","606.06","#Unknown!"
"1/4/2015","2/22/2013","#Unknown!","428.86","222.22","#Unknown!","4:12:00","0:00:00","102.11","210.08","#Unknown!","6,756.00","222.22","0.53","404.04","#Unknown!"
"1/5/2015","8/5/2013","#Unknown!","546.62","555.55","#Unknown!","5:12:00","0:00:00","105.12","260.26","#Unknown!","26,493.00","555.55","2.17","505.05","#Unknown!"
"1/7/2015","11/28/2013","#Unknown!","742.54","333.33","#Unknown!","7:12:00","0:00:00","103.13","360.22","#Unknown!","34,032.00","333.33","3.32","707.07","#Unknown!"
"1/8/2015","8/27/2013","#Unknown!","853.95","444.44","#Unknown!","8:12:00","0:00:00","104.14","410.33","#Unknown!","24,729.00","444.44","2.39","808.08","#Unknown!"
"1/9/2015","4/2/2013","#Unknown!","930.58","111.11","#Unknown!","9:12:00","0:00:00","101.15","460.09","#Unknown!","5,125.00","111.11","0.92","909.09","#Unknown!"
"1/10/2015","11/16/2013","#Unknown!","1042.03","222.22","#Unknown!","10:12:00","0:00:00","102.16","510.20","#Unknown!","14,207.00","222.22","3.20","1,010.10","#Unknown!"
"1/11/2015","11/29/2013","#Unknown!","1177.90","555.55","#Unknown!","11:12:00","0:00:00","105.17","560.56","#Unknown!","7,086.00","555.55","3.33","1,111.11","#Unknown!"
"1/1/2015","5/13/2013","#Unknown!","123.82","333.33","#Unknown!","1:12:00","0:00:00","103.18","60.04","#Unknown!","8,471.00","333.33","1.33","101.01","#Unknown!"
"1/2/2015","8/28/2013","#Unknown!","229.22","444.44","#Unknown!","2:12:00","0:00:00","104.19","110.09","#Unknown!","5,589.00","444.44","2.40","202.02","#Unknown!"
"1/3/2015","7/11/2013","#Unknown!","323.84","111.11","#Unknown!","3:12:00","0:00:00","101.20","160.03","#Unknown!","29,457.00","111.11","1.92","303.03","#Unknown!"
"1/6/2015","6/5/2013","#Unknown!","967.26","222.22","#Unknown!","6:12:00","0:00:00","156.01","310.12","#Unknown!","11,390.00","222.22","1.56","606.06","#Unknown!"
"1/4/2015","7/12/2013","#Unknown!","810.68","555.55","#Unknown!","4:12:00","0:00:00","193.02","210.21","#Unknown!","3,179.00","555.55","1.93","404.04","#Unknown!"
"1/5/2015","10/5/2013","#Unknown!","1445.76","333.33","#Unknown!","5:12:00","0:00:00","278.03","260.16","#Unknown!","15,059.00","333.33","2.78","505.05","#Unknown!"
"1/7/2015","10/6/2013","#Unknown!","2009.09","444.44","#Unknown!","7:12:00","0:00:00","279.04","360.29","#Unknown!","13,794.00","444.44","2.79","707.07","#Unknown!"
"1/8/2015","5/12/2013","#Unknown!","1082.81","111.11","#Unknown!","8:12:00","0:00:00","132.05","410.08","#Unknown!","2,183.00","111.11","1.32","808.08","#Unknown!"
"1/9/2015","1/14/2013","#Unknown!","129.35","222.22","#Unknown!","9:12:00","0:00:00","14.06","460.18","#Unknown!","15,720.00","222.22","0.14","909.09","#Unknown!"
"1/10/2015","11/17/2013","#Unknown!","3274.91","555.55","#Unknown!","10:12:00","0:00:00","321.07","510.51","#Unknown!","4,956.00","555.55","3.21","1,010.10","#Unknown!"
"1/11/2015","1/12/2013","#Unknown!","135.30","333.33","#Unknown!","11:12:00","0:00:00","12.08","560.34","#Unknown!","16,053.00","333.33","0.12","1,111.11","#Unknown!"
"1/1/2015","10/7/2013","#Unknown!","336.11","444.44","#Unknown!","1:12:00","0:00:00","280.09","60.05","#Unknown!","23,112.00","444.44","2.80","101.01","#Unknown!"
"1/2/2015","11/5/2013","#Unknown!","680.02","111.11","#Unknown!","2:12:00","0:00:00","309.10","110.02","#Unknown!","4,067.00","111.11","3.09","202.02","#Unknown!"
"1/3/2015","3/16/2013","#Unknown!","240.35","222.22","#Unknown!","3:12:00","0:00:00","75.11","160.06","#Unknown!","1,225.00","222.22","0.75","303.03","#Unknown!"
"1/6/2015","4/3/2013","#Unknown!","577.34","555.55","#Unknown!","6:12:00","0:00:00","93.12","310.31","#Unknown!","1,800.00","555.55","0.93","606.06","#Unknown!"
"1/4/2015","8/6/2013","#Unknown!","916.15","333.33","#Unknown!","4:12:00","0:00:00","218.13","210.13","#Unknown!","3,504.00","333.33","2.18","404.04","#Unknown!"
"1/5/2015","9/20/2013","#Unknown!","1368.33","444.44","#Unknown!","5:12:00","0:00:00","263.14","260.21","#Unknown!","41,667.00","444.44","2.63","505.05","#Unknown!"
"1/7/2015","11/30/2013","#Unknown!","2405.88","111.11","#Unknown!","7:12:00","0:00:00","334.15","360.07","#Unknown!","15,873.00","111.11","3.34","707.07","#Unknown!"
"1/8/2015","12/1/2013","#Unknown!","2748.31","222.22","#Unknown!","8:12:00","0:00:00","335.16","410.16","#Unknown!","88,857.00","222.22","3.35","808.08","#Unknown!"
"1/9/2015","11/6/2013","#Unknown!","2853.56","555.55","#Unknown!","9:12:00","0:00:00","310.17","460.46","#Unknown!","31,531.00","555.55","3.10","909.09","#Unknown!"
"1/10/2015","4/18/2013","#Unknown!","1103.44","333.33","#Unknown!","10:12:00","0:00:00","108.18","510.31","#Unknown!","40,318.00","333.33","1.08","1,010.10","#Unknown!"
"1/11/2015","3/9/2013","#Unknown!","763.73","444.44","#Unknown!","11:12:00","0:00:00","68.19","560.45","#Unknown!","752.00","444.44","0.68","1,111.11","#Unknown!"
"1/1/2015","8/29/2013","#Unknown!","289.44","111.11","#Unknown!","1:12:00","0:00:00","241.20","60.01","#Unknown!","16,865.00","111.11","2.41","101.01","#Unknown!"
"1/2/2015","6/13/2013","#Unknown!","224.42","222.22","#Unknown!","2:12:00","0:00:00","102.01","110.04","#Unknown!","68,318.00","222.22","1.64","202.02","#Unknown!"
"1/3/2015","8/30/2013","#Unknown!","329.66","555.55","#Unknown!","3:12:00","0:00:00","103.02","160.16","#Unknown!","31,635.00","555.55","2.42","303.03","#Unknown!"
"1/6/2015","11/25/2013","#Unknown!","657.39","333.33","#Unknown!","6:12:00","0:00:00","106.03","310.19","#Unknown!","8,870.00","333.33","3.29","606.06","#Unknown!"
"1/4/2015","4/22/2013","#Unknown!","436.97","444.44","#Unknown!","4:12:00","0:00:00","104.04","210.17","#Unknown!","20,228.00","444.44","1.12","404.04","#Unknown!"
"1/5/2015","7/14/2013","#Unknown!","546.26","111.11","#Unknown!","5:12:00","0:00:00","105.05","260.05","#Unknown!","8,183.00","111.11","1.95","505.05","#Unknown!"
"1/7/2015","4/7/2013","#Unknown!","770.83","222.22","#Unknown!","7:12:00","0:00:00","107.06","360.14","#Unknown!","1,500.00","222.22","0.97","707.07","#Unknown!"
"1/8/2015","8/7/2013","#Unknown!","886.17","555.55","#Unknown!","8:12:00","0:00:00","108.07","410.41","#Unknown!","28,789.00","555.55","2.19","808.08","#Unknown!"
"1/9/2015","1/15/2013","#Unknown!","1003.54","333.33","#Unknown!","9:12:00","0:00:00","109.08","460.28","#Unknown!","1,054.00","333.33","0.15","909.09","#Unknown!"
"1/10/2015","11/27/2013","#Unknown!","1122.92","444.44","#Unknown!","10:12:00","0:00:00","110.09","510.41","#Unknown!","75.00","444.44","3.31","1,010.10","#Unknown!"
"1/11/2015","5/14/2013","#Unknown!","1244.32","111.11","#Unknown!","11:12:00","0:00:00","111.10","560.11","#Unknown!","17,765.00","111.11","1.34","1,111.11","#Unknown!"
"1/1/2015","1/16/2013","#Unknown!","121.33","222.22","#Unknown!","1:12:00","0:00:00","101.11","60.02","#Unknown!","6,240.00","222.22","0.16","101.01","#Unknown!"
"1/2/2015","1/17/2013","#Unknown!","224.66","555.55","#Unknown!","2:12:00","0:00:00","102.12","110.11","#Unknown!","1,566.00","555.55","0.17","202.02","#Unknown!"
"1/3/2015","2/23/2013","#Unknown!","330.02","333.33","#Unknown!","3:12:00","0:00:00","103.13","160.10","#Unknown!","7,104.00","333.33","0.54","303.03","#Unknown!"
"1/6/2015","3/22/2013","#Unknown!","658.07","444.44","#Unknown!","6:12:00","0:00:00","106.14","310.25","#Unknown!","17,456.00","444.44","0.81","606.06","#Unknown!"
"1/4/2015","4/24/2013","#Unknown!","437.43","111.11","#Unknown!","4:12:00","0:00:00","104.15","210.04","#Unknown!","10,646.00","111.11","1.14","404.04","#Unknown!"
"1/5/2015","7/15/2013","#Unknown!","546.83","222.22","#Unknown!","5:12:00","0:00:00","105.16","260.10","#Unknown!","6,459.00","222.22","1.96","505.05","#Unknown!"
"1/7/2015","1/18/2013","#Unknown!","771.62","555.55","#Unknown!","7:12:00","0:00:00","107.17","360.36","#Unknown!","5,250.00","555.55","0.18","707.07","#Unknown!"
"1/8/2015","10/8/2013","#Unknown!","887.08","333.33","#Unknown!","8:12:00","0:00:00","108.18","410.25","#Unknown!","7,518.00","333.33","2.81","808.08","#Unknown!"
"1/9/2015","8/8/2013","#Unknown!","1004.55","444.44","#Unknown!","9:12:00","0:00:00","109.19","460.37","#Unknown!","7,764.00","444.44","2.20","909.09","#Unknown!"
"1/10/2015","1/19/2013","#Unknown!","1124.04","111.11","#Unknown!","10:12:00","0:00:00","110.20","510.10","#Unknown!","5,139.00","111.11","0.19","1,010.10","#Unknown!"
"1/11/2015","2/27/2013","#Unknown!","1142.51","222.22","#Unknown!","11:12:00","0:00:00","102.01","560.22","#Unknown!","717.00","222.22","0.58","1,111.11","#Unknown!"
"1/1/2015","10/9/2013","#Unknown!","126.02","555.55","#Unknown!","1:12:00","0:00:00","105.02","60.06","#Unknown!","13,879.00","555.55","2.82","101.01","#Unknown!"
"1/2/2015","10/10/2013","#Unknown!","226.67","333.33","#Unknown!","2:12:00","0:00:00","103.03","110.07","#Unknown!","10,209.00","333.33","2.83","202.02","#Unknown!"
"1/3/2015","1/20/2013","#Unknown!","332.93","444.44","#Unknown!","3:12:00","0:00:00","104.04","160.13","#Unknown!","2,990.00","444.44","0.20","303.03","#Unknown!"
"1/6/2015","4/25/2013","#Unknown!","626.51","111.11","#Unknown!","6:12:00","0:00:00","101.05","310.06","#Unknown!","6,520.00","111.11","1.15","606.06","#Unknown!"
"1/4/2015","11/18/2013","#Unknown!","428.65","222.22","#Unknown!","4:12:00","0:00:00","102.06","210.08","#Unknown!","12,243.00","222.22","3.22","404.04","#Unknown!"
"1/5/2015","1/21/2013","#Unknown!","546.36","555.55","#Unknown!","5:12:00","0:00:00","105.07","260.26","#Unknown!","3,279.00","555.55","0.21","505.05","#Unknown!"
"1/7/2015","7/13/2013","#Unknown!","742.18","333.33","#Unknown!","7:12:00","0:00:00","103.08","360.22","#Unknown!","60,879.00","333.33","1.94","707.07","#Unknown!"
"1/8/2015","3/30/2013","#Unknown!","853.54","444.44","#Unknown!","8:12:00","0:00:00","104.09","410.33","#Unknown!","337.00","444.44","0.89","808.08","#Unknown!"
"1/9/2015","4/4/2013","#Unknown!","930.12","111.11","#Unknown!","9:12:00","0:00:00","101.10","460.09","#Unknown!","706.00","111.11","0.94","909.09","#Unknown!"
"1/10/2015","8/31/2013","#Unknown!","1041.52","222.22","#Unknown!","10:12:00","0:00:00","102.11","510.20","#Unknown!","22,157.00","222.22","2.43","1,010.10","#Unknown!"
"1/11/2015","2/25/2013","#Unknown!","1177.34","555.55","#Unknown!","11:12:00","0:00:00","105.12","560.56","#Unknown!","2,032.00","555.55","0.56","1,111.11","#Unknown!"
"1/1/2015","10/11/2013","#Unknown!","123.76","333.33","#Unknown!","1:12:00","0:00:00","103.13","60.04","#Unknown!","10,791.00","333.33","2.84","101.01","#Unknown!"
"1/2/2015","5/15/2013","#Unknown!","229.11","444.44","#Unknown!","2:12:00","0:00:00","104.14","110.09","#Unknown!","17,346.00","444.44","1.35","202.02","#Unknown!"
"1/3/2015","5/16/2013","#Unknown!","323.68","111.11","#Unknown!","3:12:00","0:00:00","101.15","160.03","#Unknown!","2,481.00","111.11","1.36","303.03","#Unknown!"
"1/6/2015","6/21/2013","#Unknown!","633.39","222.22","#Unknown!","6:12:00","0:00:00","102.16","310.12","#Unknown!","13,547.00","222.22","1.72","606.06","#Unknown!"
"1/4/2015","1/22/2013","#Unknown!","441.71","555.55","#Unknown!","4:12:00","0:00:00","105.17","210.21","#Unknown!","39,880.00","555.55","0.22","404.04","#Unknown!"
"1/5/2015","6/22/2013","#Unknown!","536.54","333.33","#Unknown!","5:12:00","0:00:00","103.18","260.16","#Unknown!","5,911.00","333.33","1.73","505.05","#Unknown!"
"1/7/2015","6/23/2013","#Unknown!","750.17","444.44","#Unknown!","7:12:00","0:00:00","104.19","360.29","#Unknown!","14,925.00","444.44","1.74","707.07","#Unknown!"
"1/8/2015","4/26/2013","#Unknown!","829.84","111.11","#Unknown!","8:12:00","0:00:00","101.20","410.08","#Unknown!","4,382.00","111.11","1.16","808.08","#Unknown!"
"1/9/2015","6/24/2013","#Unknown!","1610.09","222.22","#Unknown!","9:12:00","0:00:00","175.01","460.18","#Unknown!","19,063.00","222.22","1.75","909.09","#Unknown!"
"1/10/2015","9/1/2013","#Unknown!","2489.00","555.55","#Unknown!","10:12:00","0:00:00","244.02","510.51","#Unknown!","10,293.00","555.55","2.44","1,010.10","#Unknown!"
"1/11/2015","1/23/2013","#Unknown!","257.94","333.33","#Unknown!","11:12:00","0:00:00","23.03","560.34","#Unknown!","2,180.00","333.33","0.23","1,111.11","#Unknown!"
"1/1/2015","8/9/2013","#Unknown!","265.25","444.44","#Unknown!","1:12:00","0:00:00","221.04","60.05","#Unknown!","13,175.00","444.44","2.21","101.01","#Unknown!"
"1/2/2015","10/17/2013","#Unknown!","638.11","111.11","#Unknown!","2:12:00","0:00:00","290.05","110.02","#Unknown!","12,629.00","111.11","2.90","202.02","#Unknown!"
"1/3/2015","10/13/2013","#Unknown!","915.39","222.22","#Unknown!","3:12:00","0:00:00","286.06","160.06","#Unknown!","10,602.00","222.22","2.86","303.03","#Unknown!"
"1/6/2015","5/17/2013","#Unknown!","849.83","555.55","#Unknown!","6:12:00","0:00:00","137.07","310.31","#Unknown!","8,055.00","555.55","1.37","606.06","#Unknown!"
"1/4/2015","2/28/2013","#Unknown!","248.14","333.33","#Unknown!","4:12:00","0:00:00","59.08","210.13","#Unknown!","3,091.00","333.33","0.59","404.04","#Unknown!"
"1/5/2015","7/16/2013","#Unknown!","1024.87","444.44","#Unknown!","5:12:00","0:00:00","197.09","260.21","#Unknown!","76,377.00","444.44","1.97","505.05","#Unknown!"
"1/7/2015","3/2/2013","#Unknown!","439.92","111.11","#Unknown!","7:12:00","0:00:00","61.10","360.07","#Unknown!","5,943.00","111.11","0.61","707.07","#Unknown!"
"1/8/2015","5/18/2013","#Unknown!","1132.50","222.22","#Unknown!","8:12:00","0:00:00","138.11","410.16","#Unknown!","10,970.00","222.22","1.38","808.08","#Unknown!"
"1/9/2015","3/3/2013","#Unknown!","571.50","555.55","#Unknown!","9:12:00","0:00:00","62.12","460.46","#Unknown!","5,025.00","555.55","0.62","909.09","#Unknown!"
"1/10/2015","4/27/2013","#Unknown!","1194.73","333.33","#Unknown!","10:12:00","0:00:00","117.13","510.31","#Unknown!","40,759.00","333.33","1.17","1,010.10","#Unknown!"
"1/11/2015","1/24/2013","#Unknown!","270.37","444.44","#Unknown!","11:12:00","0:00:00","24.14","560.45","#Unknown!","1,851.00","444.44","0.24","1,111.11","#Unknown!"
"1/1/2015","10/23/2013","#Unknown!","355.38","111.11","#Unknown!","1:12:00","0:00:00","296.15","60.01","#Unknown!","31,394.00","111.11","2.96","101.01","#Unknown!"
"1/2/2015","3/27/2013","#Unknown!","189.55","222.22","#Unknown!","2:12:00","0:00:00","86.16","110.04","#Unknown!","711.00","222.22","0.86","202.02","#Unknown!"
"1/3/2015","7/2/2013","#Unknown!","586.14","555.55","#Unknown!","3:12:00","0:00:00","183.17","160.16","#Unknown!","6,362.00","555.55","1.83","303.03","#Unknown!"
"1/6/2015","4/28/2013","#Unknown!","732.72","333.33","#Unknown!","6:12:00","0:00:00","118.18","310.19","#Unknown!","8,924.00","333.33","1.18","606.06","#Unknown!"
"1/4/2015","2/16/2013","#Unknown!","198.20","444.44","#Unknown!","4:12:00","0:00:00","47.19","210.17","#Unknown!","15,784.00","444.44","0.47","404.04","#Unknown!"
"1/5/2015","7/19/2013","#Unknown!","1041.04","111.11","#Unknown!","5:12:00","0:00:00","200.20","260.05","#Unknown!","106,519.00","111.11","2.00","505.05","#Unknown!"
"1/7/2015","1/25/2013","#Unknown!","770.47","222.22","#Unknown!","7:12:00","0:00:00","107.01","360.14","#Unknown!","21,103.00","222.22","0.25","707.07","#Unknown!"
"1/8/2015","4/29/2013","#Unknown!","885.76","555.55","#Unknown!","8:12:00","0:00:00","108.02","410.41","#Unknown!","10,086.00","555.55","1.19","808.08","#Unknown!"
"1/9/2015","7/29/2013","#Unknown!","1003.08","333.33","#Unknown!","9:12:00","0:00:00","109.03","460.28","#Unknown!","90,329.00","333.33","2.10","909.09","#Unknown!"
"1/10/2015","8/10/2013","#Unknown!","1122.41","444.44","#Unknown!","10:12:00","0:00:00","110.04","510.41","#Unknown!","11,596.00","444.44","2.22","1,010.10","#Unknown!"
"1/11/2015","9/19/2013","#Unknown!","1243.76","111.11","#Unknown!","11:12:00","0:00:00","111.05","560.11","#Unknown!","59,450.00","111.11","2.62","1,111.11","#Unknown!"
"1/1/2015","8/11/2013","#Unknown!","121.27","222.22","#Unknown!","1:12:00","0:00:00","101.06","60.02","#Unknown!","5,136.00","222.22","2.23","101.01","#Unknown!"
"1/2/2015","9/2/2013","#Unknown!","224.55","555.55","#Unknown!","2:12:00","0:00:00","102.07","110.11","#Unknown!","23,184.00","555.55","2.45","202.02","#Unknown!"
"1/3/2015","8/12/2013","#Unknown!","329.86","333.33","#Unknown!","3:12:00","0:00:00","103.08","160.10","#Unknown!","19,808.00","333.33","2.24","303.03","#Unknown!"
"1/6/2015","12/3/2013","#Unknown!","657.76","444.44","#Unknown!","6:12:00","0:00:00","106.09","310.25","#Unknown!","4,907.00","444.44","3.37","606.06","#Unknown!"
"1/4/2015","6/25/2013","#Unknown!","437.22","111.11","#Unknown!","4:12:00","0:00:00","104.10","210.04","#Unknown!","38,499.00","111.11","1.76","404.04","#Unknown!"
"1/5/2015","9/3/2013","#Unknown!","546.57","222.22","#Unknown!","5:12:00","0:00:00","105.11","260.10","#Unknown!","25,132.00","222.22","2.46","505.05","#Unknown!"
"1/7/2015","11/19/2013","#Unknown!","771.26","555.55","#Unknown!","7:12:00","0:00:00","107.12","360.36","#Unknown!","14,006.00","555.55","3.23","707.07","#Unknown!"
"1/8/2015","12/4/2013","#Unknown!","886.67","333.33","#Unknown!","8:12:00","0:00:00","108.13","410.25","#Unknown!","6,045.00","333.33","3.38","808.08","#Unknown!"
"1/9/2015","6/26/2013","#Unknown!","1004.09","444.44","#Unknown!","9:12:00","0:00:00","109.14","460.37","#Unknown!","10,106.00","444.44","1.77","909.09","#Unknown!"
"1/10/2015","9/4/2013","#Unknown!","1123.53","111.11","#Unknown!","10:12:00","0:00:00","110.15","510.10","#Unknown!","12,024.00","111.11","2.47","1,010.10","#Unknown!"
"1/11/2015","9/24/2013","#Unknown!","1244.99","222.22","#Unknown!","11:12:00","0:00:00","111.16","560.22","#Unknown!","56,173.00","222.22","2.67","1,111.11","#Unknown!"
"1/1/2015","9/5/2013","#Unknown!","121.40","555.55","#Unknown!","1:12:00","0:00:00","101.17","60.06","#Unknown!","12,752.00","555.55","2.48","101.01","#Unknown!"
"1/2/2015","9/26/2013","#Unknown!","224.80","333.33","#Unknown!","2:12:00","0:00:00","102.18","110.07","#Unknown!","26,983.00","333.33","2.69","202.02","#Unknown!"
"1/3/2015","6/27/2013","#Unknown!","330.21","444.44","#Unknown!","3:12:00","0:00:00","103.19","160.13","#Unknown!","5,839.00","444.44","1.78","303.03","#Unknown!"
"1/6/2015","7/20/2013","#Unknown!","658.44","111.11","#Unknown!","6:12:00","0:00:00","106.20","310.06","#Unknown!","6,338.00","111.11","2.01","606.06","#Unknown!"
"1/4/2015","7/17/2013","#Unknown!","428.44","222.22","#Unknown!","4:12:00","0:00:00","102.01","210.08","#Unknown!","47,255.00","222.22","1.98","404.04","#Unknown!"
"1/5/2015","10/12/2013","#Unknown!","546.10","555.55","#Unknown!","5:12:00","0:00:00","105.02","260.26","#Unknown!","23,116.00","555.55","2.85","505.05","#Unknown!"
"1/7/2015","3/4/2013","#Unknown!","741.82","333.33","#Unknown!","7:12:00","0:00:00","103.03","360.22","#Unknown!","521.00","333.33","0.63","707.07","#Unknown!"
"1/8/2015","8/13/2013","#Unknown!","853.13","444.44","#Unknown!","8:12:00","0:00:00","104.04","410.33","#Unknown!","8,987.00","444.44","2.25","808.08","#Unknown!"
"1/9/2015","6/28/2013","#Unknown!","929.66","111.11","#Unknown!","9:12:00","0:00:00","101.05","460.09","#Unknown!","27,999.00","111.11","1.79","909.09","#Unknown!"
"1/10/2015","5/19/2013","#Unknown!","1041.01","222.22","#Unknown!","10:12:00","0:00:00","102.06","510.20","#Unknown!","13,261.00","222.22","1.39","1,010.10","#Unknown!"
"1/11/2015","9/6/2013","#Unknown!","1176.78","555.55","#Unknown!","11:12:00","0:00:00","105.07","560.56","#Unknown!","7,891.00","555.55","2.49","1,111.11","#Unknown!"
"1/1/2015","5/20/2013","#Unknown!","123.70","333.33","#Unknown!","1:12:00","0:00:00","103.08","60.04","#Unknown!","3,190.00","333.33","1.40","101.01","#Unknown!"
"1/2/2015","9/29/2013","#Unknown!","229.00","444.44","#Unknown!","2:12:00","0:00:00","104.09","110.09","#Unknown!","27,003.00","444.44","2.72","202.02","#Unknown!"
"1/3/2015","4/5/2013","#Unknown!","323.52","111.11","#Unknown!","3:12:00","0:00:00","101.10","160.03","#Unknown!","121.00","111.11","0.95","303.03","#Unknown!"
"1/6/2015","1/26/2013","#Unknown!","633.08","222.22","#Unknown!","6:12:00","0:00:00","102.11","310.12","#Unknown!","8,560.00","222.22","0.26","606.06","#Unknown!"
"1/4/2015","4/6/2013","#Unknown!","441.50","555.55","#Unknown!","4:12:00","0:00:00","105.12","210.21","#Unknown!","8,437.00","555.55","0.96","404.04","#Unknown!"
"1/5/2015","3/6/2013","#Unknown!","536.28","333.33","#Unknown!","5:12:00","0:00:00","103.13","260.16","#Unknown!","961.00","333.33","0.65","505.05","#Unknown!"
"1/7/2015","2/9/2013","#Unknown!","749.81","444.44","#Unknown!","7:12:00","0:00:00","104.14","360.29","#Unknown!","838.00","444.44","0.40","707.07","#Unknown!"
"1/8/2015","3/15/2013","#Unknown!","829.43","111.11","#Unknown!","8:12:00","0:00:00","101.15","410.08","#Unknown!","167.00","111.11","0.74","808.08","#Unknown!"
"1/9/2015","8/1/2013","#Unknown!","939.87","222.22","#Unknown!","9:12:00","0:00:00","102.16","460.18","#Unknown!","3,410.00","222.22","2.13","909.09","#Unknown!"
"1/10/2015","11/7/2013","#Unknown!","1072.73","555.55","#Unknown!","10:12:00","0:00:00","105.17","510.51","#Unknown!","10,172.00","555.55","3.11","1,010.10","#Unknown!"
"1/11/2015","6/29/2013","#Unknown!","1155.62","333.33","#Unknown!","11:12:00","0:00:00","103.18","560.34","#Unknown!","33,006.00","333.33","1.80","1,111.11","#Unknown!"
"1/1/2015","10/31/2013","#Unknown!","125.03","444.44","#Unknown!","1:12:00","0:00:00","104.19","60.05","#Unknown!","28,886.00","444.44","3.04","101.01","#Unknown!"
"1/2/2015","3/1/2013","#Unknown!","222.64","111.11","#Unknown!","2:12:00","0:00:00","101.20","110.02","#Unknown!","228.00","111.11","0.60","202.02","#Unknown!"
"1/3/2015","12/5/2013","#Unknown!","1084.83","222.22","#Unknown!","3:12:00","0:00:00","339.01","160.06","#Unknown!","95,072.00","222.22","3.39","303.03","#Unknown!"
"1/6/2015","5/21/2013","#Unknown!","874.32","555.55","#Unknown!","6:12:00","0:00:00","141.02","310.31","#Unknown!","999.00","555.55","1.41","606.06","#Unknown!"
"1/4/2015","3/5/2013","#Unknown!","268.93","333.33","#Unknown!","4:12:00","0:00:00","64.03","210.13","#Unknown!","1,509.00","333.33","0.64","404.04","#Unknown!"
"1/5/2015","4/8/2013","#Unknown!","509.81","444.44","#Unknown!","5:12:00","0:00:00","98.04","260.21","#Unknown!","990.00","444.44","0.98","505.05","#Unknown!"
"1/7/2015","8/15/2013","#Unknown!","1634.76","111.11","#Unknown!","7:12:00","0:00:00","227.05","360.07","#Unknown!","6,666.00","111.11","2.27","707.07","#Unknown!"
"1/8/2015","8/14/2013","#Unknown!","1853.69","222.22","#Unknown!","8:12:00","0:00:00","226.06","410.16","#Unknown!","17,416.00","222.22","2.26","808.08","#Unknown!"
"1/9/2015","10/26/2013","#Unknown!","2751.44","555.55","#Unknown!","9:12:00","0:00:00","299.07","460.46","#Unknown!","85,146.00","555.55","2.99","909.09","#Unknown!"
"1/10/2015","9/7/2013","#Unknown!","2550.82","333.33","#Unknown!","10:12:00","0:00:00","250.08","510.31","#Unknown!","11,227.00","333.33","2.50","1,010.10","#Unknown!"
"1/11/2015","3/7/2013","#Unknown!","740.21","444.44","#Unknown!","11:12:00","0:00:00","66.09","560.45","#Unknown!","13,708.00","444.44","0.66","1,111.11","#Unknown!"
"1/1/2015","7/18/2013","#Unknown!","238.92","111.11","#Unknown!","1:12:00","0:00:00","199.10","60.01","#Unknown!","28,352.00","111.11","1.99","101.01","#Unknown!"
"1/2/2015","12/7/2013","#Unknown!","750.44","222.22","#Unknown!","2:12:00","0:00:00","341.11","110.04","#Unknown!","28,712.00","222.22","3.41","202.02","#Unknown!"
"1/3/2015","5/24/2013","#Unknown!","461.18","555.55","#Unknown!","3:12:00","0:00:00","144.12","160.16","#Unknown!","4,680.00","555.55","1.44","303.03","#Unknown!"
"1/6/2015","7/21/2013","#Unknown!","1253.21","333.33","#Unknown!","6:12:00","0:00:00","202.13","310.19","#Unknown!","14,892.00","333.33","2.02","606.06","#Unknown!"
"1/4/2015","1/27/2013","#Unknown!","113.99","444.44","#Unknown!","4:12:00","0:00:00","27.14","210.17","#Unknown!","28,549.00","444.44","0.27","404.04","#Unknown!"
"1/5/2015","5/22/2013","#Unknown!","739.18","111.11","#Unknown!","5:12:00","0:00:00","142.15","260.05","#Unknown!","14,155.00","111.11","1.42","505.05","#Unknown!"
"1/7/2015","5/23/2013","#Unknown!","1030.75","222.22","#Unknown!","7:12:00","0:00:00","143.16","360.14","#Unknown!","15,707.00","222.22","1.43","707.07","#Unknown!"
"1/8/2015","4/9/2013","#Unknown!","813.19","555.55","#Unknown!","8:12:00","0:00:00","99.17","410.41","#Unknown!","3,032.00","555.55","0.99","808.08","#Unknown!"
"1/9/2015","12/9/2013","#Unknown!","3157.26","333.33","#Unknown!","9:12:00","0:00:00","343.18","460.28","#Unknown!","19,031.00","333.33","3.43","909.09","#Unknown!"
"1/10/2015","9/8/2013","#Unknown!","2562.14","444.44","#Unknown!","10:12:00","0:00:00","251.19","510.41","#Unknown!","10,506.00","444.44","2.51","1,010.10","#Unknown!"
"1/11/2015","9/9/2013","#Unknown!","2824.64","111.11","#Unknown!","11:12:00","0:00:00","252.20","560.11","#Unknown!","28,602.00","111.11","2.52","1,111.11","#Unknown!"
"1/1/2015","11/8/2013","#Unknown!","121.21","222.22","#Unknown!","1:12:00","0:00:00","101.01","60.02","#Unknown!","4,527.00","222.22","3.12","101.01","#Unknown!"
"1/2/2015","1/28/2013","#Unknown!","224.44","555.55","#Unknown!","2:12:00","0:00:00","102.02","110.11","#Unknown!","1,902.00","555.55","0.28","202.02","#Unknown!"
"1/3/2015","4/10/2013","#Unknown!","329.70","333.33","#Unknown!","3:12:00","0:00:00","103.03","160.10","#Unknown!","7,839.00","333.33","1.00","303.03","#Unknown!"
"1/6/2015","11/20/2013","#Unknown!","657.45","444.44","#Unknown!","6:12:00","0:00:00","106.04","310.25","#Unknown!","5,890.00","444.44","3.24","606.06","#Unknown!"
"1/4/2015","3/10/2013","#Unknown!","437.01","111.11","#Unknown!","4:12:00","0:00:00","104.05","210.04","#Unknown!","1,612.00","111.11","0.69","404.04","#Unknown!"
"1/5/2015","5/25/2013","#Unknown!","546.31","222.22","#Unknown!","5:12:00","0:00:00","105.06","260.10","#Unknown!","13,709.00","222.22","1.45","505.05","#Unknown!"
"1/7/2015","1/29/2013","#Unknown!","770.90","555.55","#Unknown!","7:12:00","0:00:00","107.07","360.36","#Unknown!","12,140.00","555.55","0.29","707.07","#Unknown!"
"1/8/2015","6/11/2013","#Unknown!","886.26","333.33","#Unknown!","8:12:00","0:00:00","108.08","410.25","#Unknown!","4,806.00","333.33","1.62","808.08","#Unknown!"
"1/9/2015","8/17/2013","#Unknown!","1003.63","444.44","#Unknown!","9:12:00","0:00:00","109.09","460.37","#Unknown!","51,251.00","444.44","2.29","909.09","#Unknown!"
"1/10/2015","1/2/2013","#Unknown!","1123.02","111.11","#Unknown!","10:12:00","0:00:00","110.10","510.10","#Unknown!","1,321.00","111.11","0.02","1,010.10","#Unknown!"
"1/11/2015","10/15/2013","#Unknown!","1244.43","222.22","#Unknown!","11:12:00","0:00:00","111.11","560.22","#Unknown!","17,837.00","222.22","2.88","1,111.11","#Unknown!"
"1/1/2015","4/30/2013","#Unknown!","121.34","555.55","#Unknown!","1:12:00","0:00:00","101.12","60.06","#Unknown!","11,497.00","555.55","1.20","101.01","#Unknown!"
"1/2/2015","2/26/2013","#Unknown!","224.69","333.33","#Unknown!","2:12:00","0:00:00","102.13","110.07","#Unknown!","847.00","333.33","0.57","202.02","#Unknown!"
"1/3/2015","4/11/2013","#Unknown!","330.05","444.44","#Unknown!","3:12:00","0:00:00","103.14","160.13","#Unknown!","1,234.00","444.44","1.01","303.03","#Unknown!"
"1/6/2015","3/25/2013","#Unknown!","658.13","111.11","#Unknown!","6:12:00","0:00:00","106.15","310.06","#Unknown!","1,682.00","111.11","0.84","606.06","#Unknown!"
"1/4/2015","2/17/2013","#Unknown!","437.47","222.22","#Unknown!","4:12:00","0:00:00","104.16","210.08","#Unknown!","44,737.00","222.22","0.48","404.04","#Unknown!"
"1/5/2015","1/30/2013","#Unknown!","546.88","555.55","#Unknown!","5:12:00","0:00:00","105.17","260.26","#Unknown!","648.00","555.55","0.30","505.05","#Unknown!"
"1/7/2015","12/8/2013","#Unknown!","771.70","333.33","#Unknown!","7:12:00","0:00:00","107.18","360.22","#Unknown!","8,264.00","333.33","3.42","707.07","#Unknown!"
"1/8/2015","10/16/2013","#Unknown!","887.16","444.44","#Unknown!","8:12:00","0:00:00","108.19","410.33","#Unknown!","56,468.00","444.44","2.89","808.08","#Unknown!"
"1/9/2015","10/18/2013","#Unknown!","1004.64","111.11","#Unknown!","9:12:00","0:00:00","109.20","460.09","#Unknown!","2,820.00","111.11","2.91","909.09","#Unknown!"
"1/10/2015","5/26/2013","#Unknown!","1040.50","222.22","#Unknown!","10:12:00","0:00:00","102.01","510.20","#Unknown!","3,413.00","222.22","1.46","1,010.10","#Unknown!"
"1/11/2015","11/21/2013","#Unknown!","1176.22","555.55","#Unknown!","11:12:00","0:00:00","105.02","560.56","#Unknown!","2,942.00","555.55","3.25","1,111.11","#Unknown!"
"1/1/2015","9/25/2013","#Unknown!","123.64","333.33","#Unknown!","1:12:00","0:00:00","103.03","60.04","#Unknown!","92,271.00","333.33","2.68","101.01","#Unknown!"
"1/2/2015","10/19/2013","#Unknown!","228.89","444.44","#Unknown!","2:12:00","0:00:00","104.04","110.09","#Unknown!","32,112.00","444.44","2.92","202.02","#Unknown!"
"1/3/2015","12/10/2013","#Unknown!","323.36","111.11","#Unknown!","3:12:00","0:00:00","101.05","160.03","#Unknown!","13,383.00","111.11","3.44","303.03","#Unknown!"
"1/6/2015","7/22/2013","#Unknown!","632.77","222.22","#Unknown!","6:12:00","0:00:00","102.06","310.12","#Unknown!","24,747.00","222.22","2.03","606.06","#Unknown!"
"1/4/2015","12/11/2013","#Unknown!","441.29","555.55","#Unknown!","4:12:00","0:00:00","105.07","210.21","#Unknown!","11,608.00","555.55","3.45","404.04","#Unknown!"
"1/5/2015","9/22/2013","#Unknown!","536.02","333.33","#Unknown!","5:12:00","0:00:00","103.08","260.16","#Unknown!","51,755.00","333.33","2.65","505.05","#Unknown!"
"1/7/2015","3/11/2013","#Unknown!","749.45","444.44","#Unknown!","7:12:00","0:00:00","104.09","360.29","#Unknown!","1,475.00","444.44","0.70","707.07","#Unknown!"
"1/8/2015","12/12/2013","#Unknown!","829.02","111.11","#Unknown!","8:12:00","0:00:00","101.10","410.08","#Unknown!","5,232.00","111.11","3.46","808.08","#Unknown!"
"1/9/2015","10/20/2013","#Unknown!","939.41","222.22","#Unknown!","9:12:00","0:00:00","102.11","460.18","#Unknown!","17,489.00","222.22","2.93","909.09","#Unknown!"
"1/10/2015","8/18/2013","#Unknown!","1072.22","555.55","#Unknown!","10:12:00","0:00:00","105.12","510.51","#Unknown!","6,952.00","555.55","2.30","1,010.10","#Unknown!"
"1/11/2015","4/12/2013","#Unknown!","1155.06","333.33","#Unknown!","11:12:00","0:00:00","103.13","560.34","#Unknown!","393.00","333.33","1.02","1,111.11","#Unknown!"
"1/1/2015","8/19/2013","#Unknown!","124.97","444.44","#Unknown!","1:12:00","0:00:00","104.14","60.05","#Unknown!","5,856.00","444.44","2.31","101.01","#Unknown!"
"1/2/2015","4/13/2013","#Unknown!","222.53","111.11","#Unknown!","2:12:00","0:00:00","101.15","110.02","#Unknown!","1,258.00","111.11","1.03","202.02","#Unknown!"
"1/3/2015","1/31/2013","#Unknown!","326.91","222.22","#Unknown!","3:12:00","0:00:00","102.16","160.06","#Unknown!","1,775.00","222.22","0.31","303.03","#Unknown!"
"1/6/2015","5/27/2013","#Unknown!","652.05","555.55","#Unknown!","6:12:00","0:00:00","105.17","310.31","#Unknown!","7,973.00","555.55","1.47","606.06","#Unknown!"
"1/4/2015","8/20/2013","#Unknown!","433.36","333.33","#Unknown!","4:12:00","0:00:00","103.18","210.13","#Unknown!","41,340.00","333.33","2.32","404.04","#Unknown!"
"1/5/2015","8/16/2013","#Unknown!","541.79","444.44","#Unknown!","5:12:00","0:00:00","104.19","260.21","#Unknown!","8,283.00","444.44","2.28","505.05","#Unknown!"
"1/7/2015","3/12/2013","#Unknown!","728.64","111.11","#Unknown!","7:12:00","0:00:00","101.20","360.07","#Unknown!","915.00","111.11","0.71","707.07","#Unknown!"
"1/8/2015","11/9/2013","#Unknown!","2566.68","222.22","#Unknown!","8:12:00","0:00:00","313.01","410.16","#Unknown!","20,675.00","222.22","3.13","808.08","#Unknown!"
"1/9/2015","7/30/2013","#Unknown!","1941.38","555.55","#Unknown!","9:12:00","0:00:00","211.02","460.46","#Unknown!","26,628.00","555.55","2.11","909.09","#Unknown!"
"1/10/2015","3/13/2013","#Unknown!","734.71","333.33","#Unknown!","10:12:00","0:00:00","72.03","510.31","#Unknown!","692.00","333.33","0.72","1,010.10","#Unknown!"
"1/11/2015","9/10/2013","#Unknown!","2834.05","444.44","#Unknown!","11:12:00","0:00:00","253.04","560.45","#Unknown!","18,133.00","444.44","2.53","1,111.11","#Unknown!"
"1/1/2015","12/13/2013","#Unknown!","416.46","111.11","#Unknown!","1:12:00","0:00:00","347.05","60.01","#Unknown!","13,722.00","111.11","3.47","101.01","#Unknown!"
"1/2/2015","9/11/2013","#Unknown!","558.93","222.22","#Unknown!","2:12:00","0:00:00","254.06","110.04","#Unknown!","17,612.00","222.22","2.54","202.02","#Unknown!"
"1/3/2015","3/14/2013","#Unknown!","233.82","555.55","#Unknown!","3:12:00","0:00:00","73.07","160.16","#Unknown!","3,257.00","555.55","0.73","303.03","#Unknown!"
"1/6/2015","4/14/2013","#Unknown!","645.30","333.33","#Unknown!","6:12:00","0:00:00","104.08","310.19","#Unknown!","1,893.00","333.33","1.04","606.06","#Unknown!"
"1/4/2015","6/30/2013","#Unknown!","760.58","444.44","#Unknown!","4:12:00","0:00:00","181.09","210.17","#Unknown!","4,119.00","444.44","1.81","404.04","#Unknown!"
"1/5/2015","5/1/2013","#Unknown!","629.72","111.11","#Unknown!","5:12:00","0:00:00","121.10","260.05","#Unknown!","7,211.00","111.11","1.21","505.05","#Unknown!"
"1/7/2015","5/28/2013","#Unknown!","1066.39","222.22","#Unknown!","7:12:00","0:00:00","148.11","360.14","#Unknown!","35,608.00","222.22","1.48","707.07","#Unknown!"
"1/8/2015","2/1/2013","#Unknown!","263.38","555.55","#Unknown!","8:12:00","0:00:00","32.12","410.41","#Unknown!","1,771.00","555.55","0.32","808.08","#Unknown!"
"1/9/2015","12/2/2013","#Unknown!","3092.40","333.33","#Unknown!","9:12:00","0:00:00","336.13","460.28","#Unknown!","18,165.00","333.33","3.36","909.09","#Unknown!"
"1/10/2015","9/18/2013","#Unknown!","2663.63","444.44","#Unknown!","10:12:00","0:00:00","261.14","510.41","#Unknown!","75,754.00","444.44","2.61","1,010.10","#Unknown!"
"1/11/2015","2/3/2013","#Unknown!","382.48","111.11","#Unknown!","11:12:00","0:00:00","34.15","560.11","#Unknown!","17,514.00","111.11","0.34","1,111.11","#Unknown!"
"1/1/2015","2/2/2013","#Unknown!","39.79","222.22","#Unknown!","1:12:00","0:00:00","33.16","60.02","#Unknown!","5,792.00","222.22","0.33","101.01","#Unknown!"
"1/2/2015","7/1/2013","#Unknown!","400.77","555.55","#Unknown!","2:12:00","0:00:00","182.17","110.11","#Unknown!","9,767.00","555.55","1.82","202.02","#Unknown!"
"1/3/2015","5/29/2013","#Unknown!","477.38","333.33","#Unknown!","3:12:00","0:00:00","149.18","160.10","#Unknown!","16,719.00","333.33","1.49","303.03","#Unknown!"
"1/6/2015","2/4/2013","#Unknown!","218.18","444.44","#Unknown!","6:12:00","0:00:00","35.19","310.25","#Unknown!","9,502.00","444.44","0.35","606.06","#Unknown!"
"1/4/2015","5/30/2013","#Unknown!","630.84","111.11","#Unknown!","4:12:00","0:00:00","150.20","210.04","#Unknown!","11,688.00","111.11","1.50","404.04","#Unknown!"
"1/5/2015","2/15/2013","#Unknown!","546.05","222.22","#Unknown!","5:12:00","0:00:00","105.01","260.10","#Unknown!","153,060.00","222.22","0.46","505.05","#Unknown!"
"1/7/2015","5/31/2013","#Unknown!","770.54","555.55","#Unknown!","7:12:00","0:00:00","107.02","360.36","#Unknown!","7,808.00","555.55","1.51","707.07","#Unknown!"
"1/8/2015","3/17/2013","#Unknown!","885.85","333.33","#Unknown!","8:12:00","0:00:00","108.03","410.25","#Unknown!","1,947.00","333.33","0.76","808.08","#Unknown!"
"1/9/2015","9/27/2013","#Unknown!","1003.17","444.44","#Unknown!","9:12:00","0:00:00","109.04","460.37","#Unknown!","21,437.00","444.44","2.70","909.09","#Unknown!"
"1/10/2015","9/12/2013","#Unknown!","1122.51","111.11","#Unknown!","10:12:00","0:00:00","110.05","510.10","#Unknown!","26,962.00","111.11","2.55","1,010.10","#Unknown!"
"1/11/2015","7/3/2013","#Unknown!","1243.87","222.22","#Unknown!","11:12:00","0:00:00","111.06","560.22","#Unknown!","6,590.00","222.22","1.84","1,111.11","#Unknown!"
"1/1/2015","6/1/2013","#Unknown!","121.28","555.55","#Unknown!","1:12:00","0:00:00","101.07","60.06","#Unknown!","9,268.00","555.55","1.52","101.01","#Unknown!"
"1/2/2015","7/4/2013","#Unknown!","224.58","333.33","#Unknown!","2:12:00","0:00:00","102.08","110.07","#Unknown!","17,659.00","333.33","1.85","202.02","#Unknown!"
"1/3/2015","4/15/2013","#Unknown!","329.89","444.44","#Unknown!","3:12:00","0:00:00","103.09","160.13","#Unknown!","3,684.00","444.44","1.05","303.03","#Unknown!"
"1/6/2015","6/9/2013","#Unknown!","657.82","111.11","#Unknown!","6:12:00","0:00:00","106.10","310.06","#Unknown!","8,963.00","111.11","1.60","606.06","#Unknown!"
"1/4/2015","7/31/2013","#Unknown!","437.26","222.22","#Unknown!","4:12:00","0:00:00","104.11","210.08","#Unknown!","13,787.00","222.22","2.12","404.04","#Unknown!"
"1/5/2015","12/14/2013","#Unknown!","546.62","555.55","#Unknown!","5:12:00","0:00:00","105.12","260.26","#Unknown!","15,865.00","555.55","3.48","505.05","#Unknown!"
"1/7/2015","12/16/2013","#Unknown!","771.34","333.33","#Unknown!","7:12:00","0:00:00","107.13","360.22","#Unknown!","55,874.00","333.33","3.50","707.07","#Unknown!"
"1/8/2015","5/2/2013","#Unknown!","886.75","444.44","#Unknown!","8:12:00","0:00:00","108.14","410.33","#Unknown!","8,013.00","444.44","1.22","808.08","#Unknown!"
"1/9/2015","7/23/2013","#Unknown!","1004.18","111.11","#Unknown!","9:12:00","0:00:00","109.15","460.09","#Unknown!","28,961.00","111.11","2.04","909.09","#Unknown!"
"1/10/2015","11/10/2013","#Unknown!","1123.63","222.22","#Unknown!","10:12:00","0:00:00","110.16","510.20","#Unknown!","3,949.00","222.22","3.14","1,010.10","#Unknown!"
"1/11/2015","6/12/2013","#Unknown!","1245.10","555.55","#Unknown!","11:12:00","0:00:00","111.17","560.56","#Unknown!","485.00","555.55","1.63","1,111.11","#Unknown!"
"1/1/2015","8/21/2013","#Unknown!","121.42","333.33","#Unknown!","1:12:00","0:00:00","101.18","60.04","#Unknown!","6,085.00","333.33","2.33","101.01","#Unknown!"
"1/2/2015","5/3/2013","#Unknown!","224.82","444.44","#Unknown!","2:12:00","0:00:00","102.19","110.09","#Unknown!","8,926.00","444.44","1.23","202.02","#Unknown!"
"1/3/2015","11/23/2013","#Unknown!","330.24","111.11","#Unknown!","3:12:00","0:00:00","103.20","160.03","#Unknown!","2,003.00","111.11","3.27","303.03","#Unknown!"
"1/6/2015","7/24/2013","#Unknown!","632.46","222.22","#Unknown!","6:12:00","0:00:00","102.01","310.12","#Unknown!","11,292.00","222.22","2.05","606.06","#Unknown!"
"1/4/2015","3/18/2013","#Unknown!","441.08","555.55","#Unknown!","4:12:00","0:00:00","105.02","210.21","#Unknown!","327.00","555.55","0.77","404.04","#Unknown!"
"1/5/2015","6/2/2013","#Unknown!","535.76","333.33","#Unknown!","5:12:00","0:00:00","103.03","260.16","#Unknown!","7,542.00","333.33","1.53","505.05","#Unknown!"
"1/7/2015","6/3/2013","#Unknown!","749.09","444.44","#Unknown!","7:12:00","0:00:00","104.04","360.29","#Unknown!","13,457.00","444.44","1.54","707.07","#Unknown!"
"1/8/2015","7/25/2013","#Unknown!","828.61","111.11","#Unknown!","8:12:00","0:00:00","101.05","410.08","#Unknown!","24,932.00","111.11","2.06","808.08","#Unknown!"
"1/9/2015","2/5/2013","#Unknown!","938.95","222.22","#Unknown!","9:12:00","0:00:00","102.06","460.18","#Unknown!","1,838.00","222.22","0.36","909.09","#Unknown!"
"1/10/2015","9/13/2013","#Unknown!","1071.71","555.55","#Unknown!","10:12:00","0:00:00","105.07","510.51","#Unknown!","24,070.00","555.55","2.56","1,010.10","#Unknown!"
"1/11/2015","10/25/2013","#Unknown!","1154.50","333.33","#Unknown!","11:12:00","0:00:00","103.08","560.34","#Unknown!","60,632.00","333.33","2.98","1,111.11","#Unknown!"
"1/1/2015","2/6/2013","#Unknown!","124.91","444.44","#Unknown!","1:12:00","0:00:00","104.09","60.05","#Unknown!","9,872.00","444.44","0.37","101.01","#Unknown!"
"1/2/2015","11/11/2013","#Unknown!","222.42","111.11","#Unknown!","2:12:00","0:00:00","101.10","110.02","#Unknown!","21,822.00","111.11","3.15","202.02","#Unknown!"
"1/3/2015","2/7/2013","#Unknown!","326.75","222.22","#Unknown!","3:12:00","0:00:00","102.11","160.06","#Unknown!","5,135.00","222.22","0.38","303.03","#Unknown!"
"1/6/2015","4/16/2013","#Unknown!","651.74","555.55","#Unknown!","6:12:00","0:00:00","105.12","310.31","#Unknown!","780.00","555.55","1.06","606.06","#Unknown!"
"1/4/2015","2/20/2013","#Unknown!","433.15","333.33","#Unknown!","4:12:00","0:00:00","103.13","210.13","#Unknown!","538.00","333.33","0.51","404.04","#Unknown!"
"1/5/2015","10/27/2013","#Unknown!","541.53","444.44","#Unknown!","5:12:00","0:00:00","104.14","260.21","#Unknown!","31,915.00","444.44","3.00","505.05","#Unknown!"
"1/7/2015","7/5/2013","#Unknown!","728.28","111.11","#Unknown!","7:12:00","0:00:00","101.15","360.07","#Unknown!","12,994.00","111.11","1.86","707.07","#Unknown!"
"1/8/2015","6/4/2013","#Unknown!","837.71","222.22","#Unknown!","8:12:00","0:00:00","102.16","410.16","#Unknown!","16,767.00","222.22","1.55","808.08","#Unknown!"
"1/9/2015","10/30/2013","#Unknown!","967.56","555.55","#Unknown!","9:12:00","0:00:00","105.17","460.46","#Unknown!","27,982.00","555.55","3.03","909.09","#Unknown!"
"1/10/2015","11/24/2013","#Unknown!","1052.44","333.33","#Unknown!","10:12:00","0:00:00","103.18","510.31","#Unknown!","2,750.00","333.33","3.28","1,010.10","#Unknown!"
"1/11/2015","4/17/2013","#Unknown!","1166.93","444.44","#Unknown!","11:12:00","0:00:00","104.19","560.45","#Unknown!","848.00","444.44","1.07","1,111.11","#Unknown!"
"1/1/2015","8/22/2013","#Unknown!","121.44","111.11","#Unknown!","1:12:00","0:00:00","101.20","60.01","#Unknown!","4,875.00","111.11","2.34","101.01","#Unknown!"
"1/2/2015","6/7/2013","#Unknown!","347.62","222.22","#Unknown!","2:12:00","0:00:00","158.01","110.04","#Unknown!","7,669.00","222.22","1.58","202.02","#Unknown!"
"1/3/2015","10/21/2013","#Unknown!","940.86","555.55","#Unknown!","3:12:00","0:00:00","294.02","160.16","#Unknown!","6,916.00","555.55","2.94","303.03","#Unknown!"
"1/6/2015","6/8/2013","#Unknown!","985.99","333.33","#Unknown!","6:12:00","0:00:00","159.03","310.19","#Unknown!","3,701.00","333.33","1.59","606.06","#Unknown!"
"1/4/2015","8/23/2013","#Unknown!","987.17","444.44","#Unknown!","4:12:00","0:00:00","235.04","210.17","#Unknown!","4,235.00","444.44","2.35","404.04","#Unknown!"
"1/5/2015","2/10/2013","#Unknown!","213.46","111.11","#Unknown!","5:12:00","0:00:00","41.05","260.05","#Unknown!","28,391.00","111.11","0.41","505.05","#Unknown!"
"1/7/2015","3/19/2013","#Unknown!","562.03","222.22","#Unknown!","7:12:00","0:00:00","78.06","360.14","#Unknown!","1,306.00","222.22","0.78","707.07","#Unknown!"
"1/8/2015","11/12/2013","#Unknown!","2591.77","555.55","#Unknown!","8:12:00","0:00:00","316.07","410.41","#Unknown!","2,740.00","555.55","3.16","808.08","#Unknown!"
"1/9/2015","6/6/2013","#Unknown!","1445.14","333.33","#Unknown!","9:12:00","0:00:00","157.08","460.28","#Unknown!","18,272.00","333.33","1.57","909.09","#Unknown!"
"1/10/2015","2/8/2013","#Unknown!","398.72","444.44","#Unknown!","10:12:00","0:00:00","39.09","510.41","#Unknown!","41,094.00","444.44","0.39","1,010.10","#Unknown!"
"1/11/2015","7/26/2013","#Unknown!","2319.52","111.11","#Unknown!","11:12:00","0:00:00","207.10","560.11","#Unknown!","21,951.00","111.11","2.07","1,111.11","#Unknown!"
"1/1/2015","1/13/2013","#Unknown!","15.73","222.22","#Unknown!","1:12:00","0:00:00","13.11","60.02","#Unknown!","1,607.00","222.22","0.13","101.01","#Unknown!"
"1/2/2015","4/23/2013","#Unknown!","248.86","555.55","#Unknown!","2:12:00","0:00:00","113.12","110.11","#Unknown!","7,277.00","555.55","1.13","202.02","#Unknown!"
"1/3/2015","11/1/2013","#Unknown!","976.42","333.33","#Unknown!","3:12:00","0:00:00","305.13","160.10","#Unknown!","11,261.00","333.33","3.05","303.03","#Unknown!"
"1/6/2015","12/17/2013","#Unknown!","2177.07","444.44","#Unknown!","6:12:00","0:00:00","351.14","310.25","#Unknown!","15,532.00","444.44","3.51","606.06","#Unknown!"
"1/4/2015","9/14/2013","#Unknown!","1080.03","111.11","#Unknown!","4:12:00","0:00:00","257.15","210.04","#Unknown!","14,618.00","111.11","2.57","404.04","#Unknown!"
"1/5/2015","9/30/2013","#Unknown!","1420.43","222.22","#Unknown!","5:12:00","0:00:00","273.16","260.10","#Unknown!","53,743.00","222.22","2.73","505.05","#Unknown!"
"1/7/2015","2/11/2013","#Unknown!","303.62","555.55","#Unknown!","7:12:00","0:00:00","42.17","360.36","#Unknown!","1,496.00","555.55","0.42","707.07","#Unknown!"
"1/8/2015","10/22/2013","#Unknown!","2420.48","333.33","#Unknown!","8:12:00","0:00:00","295.18","410.25","#Unknown!","14,489.00","333.33","2.95","808.08","#Unknown!"
"1/9/2015","2/12/2013","#Unknown!","397.35","444.44","#Unknown!","9:12:00","0:00:00","43.19","460.37","#Unknown!","14,219.00","444.44","0.43","909.09","#Unknown!"
"1/10/2015","2/13/2013","#Unknown!","450.84","111.11","#Unknown!","10:12:00","0:00:00","44.20","510.10","#Unknown!","2,482.00","111.11","0.44","1,010.10","#Unknown!"
"1/11/2015","3/20/2013","#Unknown!","1243.31","222.22","#Unknown!","11:12:00","0:00:00","111.01","560.22","#Unknown!","7,754.00","222.22","0.79","1,111.11","#Unknown!"
"1/1/2015","7/27/2013","#Unknown!","121.22","555.55","#Unknown!","1:12:00","0:00:00","101.02","60.06","#Unknown!","22,325.00","555.55","2.08","101.01","#Unknown!"
"1/2/2015","5/4/2013","#Unknown!","224.47","333.33","#Unknown!","2:12:00","0:00:00","102.03","110.07","#Unknown!","10,300.00","333.33","1.24","202.02","#Unknown!"
"1/3/2015","7/28/2013","#Unknown!","329.73","444.44","#Unknown!","3:12:00","0:00:00","103.04","160.13","#Unknown!","21,374.00","444.44","2.09","303.03","#Unknown!"
"1/6/2015","3/21/2013","#Unknown!","657.51","111.11","#Unknown!","6:12:00","0:00:00","106.05","310.06","#Unknown!","899.00","111.11","0.80","606.06","#Unknown!"
"1/4/2015","9/23/2013","#Unknown!","437.05","222.22","#Unknown!","4:12:00","0:00:00","104.06","210.08","#Unknown!","17,497.00","222.22","2.66","404.04","#Unknown!"
"1/5/2015","7/6/2013","#Unknown!","546.36","555.55","#Unknown!","5:12:00","0:00:00","105.07","260.26","#Unknown!","38,120.00","555.55","1.87","505.05","#Unknown!"
"1/7/2015","6/10/2013","#Unknown!","770.98","333.33","#Unknown!","7:12:00","0:00:00","107.08","360.22","#Unknown!","181,045.00","333.33","1.61","707.07","#Unknown!"
"1/8/2015","2/14/2013","#Unknown!","886.34","444.44","#Unknown!","8:12:00","0:00:00","108.09","410.33","#Unknown!","1,156.00","444.44","0.45","808.08","#Unknown!"
"1/9/2015","9/15/2013","#Unknown!","1003.72","111.11","#Unknown!","9:12:00","0:00:00","109.10","460.09","#Unknown!","10,955.00","111.11","2.58","909.09","#Unknown!"
"1/10/2015","11/22/2013","#Unknown!","1123.12","222.22","#Unknown!","10:12:00","0:00:00","110.11","510.20","#Unknown!","23,793.00","222.22","3.26","1,010.10","#Unknown!"
"1/11/2015","10/14/2013","#Unknown!","1176.11","555.55","#Unknown!","11:12:00","0:00:00","105.01","560.56","#Unknown!","15,985.00","555.55","2.87","1,111.11","#Unknown!"
"1/1/2015","6/15/2013","#Unknown!","123.62","333.33","#Unknown!","1:12:00","0:00:00","103.02","60.04","#Unknown!","21,924.00","333.33","1.66","101.01","#Unknown!"
"1/2/2015","12/6/2013","#Unknown!","228.87","444.44","#Unknown!","2:12:00","0:00:00","104.03","110.09","#Unknown!","10,303.00","444.44","3.40","202.02","#Unknown!"
"1/3/2015","2/18/2013","#Unknown!","323.33","111.11","#Unknown!","3:12:00","0:00:00","101.04","160.03","#Unknown!","8,485.00","111.11","0.49","303.03","#Unknown!"
"1/6/2015","1/1/2013","#Unknown!","632.71","222.22","#Unknown!","6:12:00","0:00:00","102.05","310.12","#Unknown!","28,438.00","222.22","0.01","606.06","#Unknown!"
"1/4/2015","2/24/2013","#Unknown!","441.25","555.55","#Unknown!","4:12:00","0:00:00","105.06","210.21","#Unknown!","494.00","555.55","0.55","404.04","#Unknown!"
"1/5/2015","8/2/2013","#Unknown!","535.96","333.33","#Unknown!","5:12:00","0:00:00","103.07","260.16","#Unknown!","16,283.00","333.33","2.14","505.05","#Unknown!"
"1/7/2015","1/3/2013","#Unknown!","749.38","444.44","#Unknown!","7:12:00","0:00:00","104.08","360.29","#Unknown!","37,819.00","444.44","0.03","707.07","#Unknown!"
"1/8/2015","7/8/2013","#Unknown!","828.94","111.11","#Unknown!","8:12:00","0:00:00","101.09","410.08","#Unknown!","33,201.00","111.11","1.89","808.08","#Unknown!"
"1/9/2015","11/4/2013","#Unknown!","939.32","222.22","#Unknown!","9:12:00","0:00:00","102.10","460.18","#Unknown!","311.00","222.22","3.08","909.09","#Unknown!"
"1/10/2015","10/28/2013","#Unknown!","1072.12","555.55","#Unknown!","10:12:00","0:00:00","105.11","510.51","#Unknown!","42,844.00","555.55","3.01","1,010.10","#Unknown!"
"1/11/2015","4/19/2013","#Unknown!","1154.94","333.33","#Unknown!","11:12:00","0:00:00","103.12","560.34","#Unknown!","6,081.00","333.33","1.09","1,111.11","#Unknown!"
"1/1/2015","4/20/2013","#Unknown!","124.96","444.44","#Unknown!","1:12:00","0:00:00","104.13","60.05","#Unknown!","3,074.00","444.44","1.10","101.01","#Unknown!"
"1/2/2015","3/23/2013","#Unknown!","222.51","111.11","#Unknown!","2:12:00","0:00:00","101.14","110.02","#Unknown!","1,737.00","111.11","0.82","202.02","#Unknown!"
"1/3/2015","6/16/2013","#Unknown!","326.88","222.22","#Unknown!","3:12:00","0:00:00","102.15","160.06","#Unknown!","16,593.00","222.22","1.67","303.03","#Unknown!"
"1/6/2015","3/24/2013","#Unknown!","651.99","555.55","#Unknown!","6:12:00","0:00:00","105.16","310.31","#Unknown!","11,584.00","555.55","0.83","606.06","#Unknown!"
"1/4/2015","11/26/2013","#Unknown!","433.31","333.33","#Unknown!","4:12:00","0:00:00","103.17","210.13","#Unknown!","43,593.00","333.33","3.30","404.04","#Unknown!"
"1/5/2015","5/5/2013","#Unknown!","541.74","444.44","#Unknown!","5:12:00","0:00:00","104.18","260.21","#Unknown!","16,188.00","444.44","1.25","505.05","#Unknown!"
"1/7/2015","10/2/2013","#Unknown!","728.57","111.11","#Unknown!","7:12:00","0:00:00","101.19","360.07","#Unknown!","4,356.00","111.11","2.75","707.07","#Unknown!"
"1/8/2015","4/21/2013","#Unknown!","838.04","222.22","#Unknown!","8:12:00","0:00:00","102.20","410.16","#Unknown!","7,427.00","222.22","1.11","808.08","#Unknown!"
"1/9/2015","11/13/2013","#Unknown!","2916.49","555.55","#Unknown!","9:12:00","0:00:00","317.01","460.46","#Unknown!","45,193.00","555.55","3.17","909.09","#Unknown!"
"1/10/2015","1/4/2013","#Unknown!","41.00","333.33","#Unknown!","10:12:00","0:00:00","4.02","510.31","#Unknown!","5,398.00","333.33","0.04","1,010.10","#Unknown!"
"1/11/2015","2/19/2013","#Unknown!","560.34","444.44","#Unknown!","11:12:00","0:00:00","50.03","560.45","#Unknown!","1,779.00","444.44","0.50","1,111.11","#Unknown!"
"1/1/2015","6/17/2013","#Unknown!","201.65","111.11","#Unknown!","1:12:00","0:00:00","168.04","60.01","#Unknown!","13,320.00","111.11","1.68","101.01","#Unknown!"
"1/2/2015","1/5/2013","#Unknown!","11.11","222.22","#Unknown!","2:12:00","0:00:00","5.05","110.04","#Unknown!","14,649.00","222.22","0.05","202.02","#Unknown!"
"1/3/2015","8/24/2013","#Unknown!","755.39","555.55","#Unknown!","3:12:00","0:00:00","236.06","160.16","#Unknown!","16,332.00","555.55","2.36","303.03","#Unknown!"
"1/6/2015","10/29/2013","#Unknown!","1872.83","333.33","#Unknown!","6:12:00","0:00:00","302.07","310.19","#Unknown!","24,729.00","333.33","3.02","606.06","#Unknown!"
"1/4/2015","12/15/2013","#Unknown!","1466.14","444.44","#Unknown!","4:12:00","0:00:00","349.08","210.17","#Unknown!","6,411.00","444.44","3.49","404.04","#Unknown!"
"1/5/2015","5/6/2013","#Unknown!","655.67","111.11","#Unknown!","5:12:00","0:00:00","126.09","260.05","#Unknown!","2,866.00","111.11","1.26","505.05","#Unknown!"
"1/7/2015","3/26/2013","#Unknown!","612.72","222.22","#Unknown!","7:12:00","0:00:00","85.10","360.14","#Unknown!","2,129.00","222.22","0.85","707.07","#Unknown!"
"1/8/2015","8/3/2013","#Unknown!","1146.54","555.55","#Unknown!","5:19:48","0:00:00","215.11","266.77","#Unknown!","39,502.00","555.55","2.15","808.08","#Unknown!"
"1/9/2015","7/9/2013","#Unknown!","1749.10","333.33","#Unknown!","9:12:00","0:00:00","190.12","460.28","#Unknown!","40,243.00","333.33","1.90","909.09","#Unknown!"
"1/10/2015","5/7/2013","#Unknown!","1296.73","444.44","#Unknown!","10:12:00","0:00:00","127.13","510.41","#Unknown!","9,026.00","444.44","1.27","1,010.10","#Unknown!"
"1/11/2015","1/6/2013","#Unknown!","68.77","111.11","#Unknown!","11:12:00","0:00:00","6.14","560.11","#Unknown!","1,233.00","111.11","0.06","1,111.11","#Unknown!"
"1/1/2015","6/18/2013","#Unknown!","202.98","222.22","#Unknown!","1:12:00","0:00:00","169.15","60.02","#Unknown!","4,897.00","222.22","1.69","101.01","#Unknown!"
"1/2/2015","9/16/2013","#Unknown!","570.15","555.55","#Unknown!","2:12:00","0:00:00","259.16","110.11","#Unknown!","617,594.00","555.55","2.59","202.02","#Unknown!"
"1/3/2015","11/2/2013","#Unknown!","979.74","333.33","#Unknown!","3:12:00","0:00:00","306.17","160.10","#Unknown!","19,754.00","333.33","3.06","303.03","#Unknown!"
"1/6/2015","6/14/2013","#Unknown!","1024.12","444.44","#Unknown!","6:12:00","0:00:00","165.18","310.25","#Unknown!","4,996.00","444.44","1.65","606.06","#Unknown!"
"1/4/2015","8/4/2013","#Unknown!","908.00","111.11","#Unknown!","4:12:00","0:00:00","216.19","210.04","#Unknown!","7,965.00","111.11","2.16","404.04","#Unknown!"
"1/5/2015","5/8/2013","#Unknown!","666.64","222.22","#Unknown!","5:12:00","0:00:00","128.20","260.10","#Unknown!","4,355.00","222.22","1.28","505.05","#Unknown!"
"1/7/2015","9/28/2013","#Unknown!","770.47","555.55","#Unknown!","7:12:00","0:00:00","107.01","360.36","#Unknown!","35,744.00","555.55","2.71","707.07","#Unknown!"
"1/8/2015","11/14/2013","#Unknown!","885.76","333.33","#Unknown!","8:12:00","0:00:00","108.02","410.25","#Unknown!","9,820.00","333.33","3.18","808.08","#Unknown!"
"1/9/2015","10/3/2013","#Unknown!","1003.08","444.44","#Unknown!","9:12:00","0:00:00","109.03","460.37","#Unknown!","26,563.00","444.44","2.76","909.09","#Unknown!"
"1/10/2015","1/7/2013","#Unknown!","1122.41","111.11","#Unknown!","10:12:00","0:00:00","110.04","510.10","#Unknown!","3,609.00","111.11","0.07","1,010.10","#Unknown!"
"1/11/2015","10/1/2013","#Unknown!","1243.76","222.22","#Unknown!","11:12:00","0:00:00","111.05","560.22","#Unknown!","93,810.00","222.22","2.74","1,111.11","#Unknown!"
"1/1/2015","5/9/2013","#Unknown!","121.27","555.55","#Unknown!","1:12:00","0:00:00","101.06","60.06","#Unknown!","3,390.00","555.55","1.29","101.01","#Unknown!"
"1/2/2015","10/24/2013","#Unknown!","224.55","333.33","#Unknown!","2:12:00","0:00:00","102.07","110.07","#Unknown!","58,732.00","333.33","2.97","202.02","#Unknown!"
"1/3/2015","3/28/2013","#Unknown!","329.86","444.44","#Unknown!","3:12:00","0:00:00","103.08","160.13","#Unknown!","1,902.00","444.44","0.87","303.03","#Unknown!"
"1/6/2015","7/7/2013","#Unknown!","657.76","111.11","#Unknown!","6:12:00","0:00:00","106.09","310.06","#Unknown!","24,498.00","111.11","1.88","606.06","#Unknown!"
"1/4/2015","9/17/2013","#Unknown!","437.22","222.22","#Unknown!","4:12:00","0:00:00","104.10","210.08","#Unknown!","105,162.00","222.22","2.60","404.04","#Unknown!"
"1/5/2015","8/25/2013","#Unknown!","546.57","555.55","#Unknown!","5:12:00","0:00:00","105.11","260.26","#Unknown!","21,561.00","555.55","2.37","505.05","#Unknown!"
"1/7/2015","6/19/2013","#Unknown!","771.26","333.33","#Unknown!","7:12:00","0:00:00","107.12","360.22","#Unknown!","4,852.00","333.33","1.70","707.07","#Unknown!"
"1/8/2015","10/4/2013","#Unknown!","886.67","444.44","#Unknown!","8:12:00","0:00:00","108.13","410.33","#Unknown!","11,509.00","444.44","2.77","808.08","#Unknown!"
"1/9/2015","3/29/2013","#Unknown!","1004.09","111.11","#Unknown!","9:12:00","0:00:00","109.14","460.09","#Unknown!","1,266.00","111.11","0.88","909.09","#Unknown!"
"1/10/2015","5/10/2013","#Unknown!","1123.53","222.22","#Unknown!","10:12:00","0:00:00","110.15","510.20","#Unknown!","12,981.00","222.22","1.30","1,010.10","#Unknown!"
"1/11/2015","11/15/2013","#Unknown!","1244.99","555.55","#Unknown!","11:12:00","0:00:00","111.16","560.56","#Unknown!","6,125.00","555.55","3.19","1,111.11","#Unknown!"
"1/1/2015","7/10/2013","#Unknown!","121.40","333.33","#Unknown!","1:12:00","0:00:00","101.17","60.04","#Unknown!","33,802.00","333.33","1.91","101.01","#Unknown!"
"1/2/2015","9/21/2013","#Unknown!","224.80","444.44","#Unknown!","2:12:00","0:00:00","102.18","110.09","#Unknown!","35,177.00","444.44","2.64","202.02","#Unknown!"
"1/3/2015","2/21/2013","#Unknown!","330.21","111.11","#Unknown!","3:12:00","0:00:00","103.19","160.03","#Unknown!","3,235.00","111.11","0.52","303.03","#Unknown!"
"1/6/2015","1/8/2013","#Unknown!","658.44","222.22","#Unknown!","6:12:00","0:00:00","106.20","310.12","#Unknown!","1,337.00","222.22","0.08","606.06","#Unknown!"
"1/4/2015","1/9/2013","#Unknown!","441.04","555.55","#Unknown!","4:12:00","0:00:00","105.01","210.21","#Unknown!","1,222.00","555.55","0.09","404.04","#Unknown!"
"1/5/2015","1/10/2013","#Unknown!","535.70","333.33","#Unknown!","5:12:00","0:00:00","103.02","260.16","#Unknown!","55,298.00","333.33","0.10","505.05","#Unknown!"
"1/7/2015","11/3/2013","#Unknown!","749.02","444.44","#Unknown!","7:12:00","0:00:00","104.03","360.29","#Unknown!","866.00","444.44","3.07","707.07","#Unknown!"
"1/8/2015","3/8/2013","#Unknown!","828.53","111.11","#Unknown!","8:12:00","0:00:00","101.04","410.08","#Unknown!","1,702.00","111.11","0.67","808.08","#Unknown!"
"1/9/2015","5/11/2013","#Unknown!","938.86","222.22","#Unknown!","9:12:00","0:00:00","102.05","460.18","#Unknown!","13,606.00","222.22","1.31","909.09","#Unknown!"
"1/10/2015","8/26/2013","#Unknown!","1071.61","555.55","#Unknown!","10:12:00","0:00:00","105.06","510.51","#Unknown!","7,542.00","555.55","2.38","1,010.10","#Unknown!"
"1/11/2015","3/31/2013","#Unknown!","1154.38","333.33","#Unknown!","11:12:00","0:00:00","103.07","560.34","#Unknown!","1,671.00","333.33","0.90","1,111.11","#Unknown!"
"1/1/2015","6/20/2013","#Unknown!","124.90","444.44","#Unknown!","1:12:00","0:00:00","104.08","60.05","#Unknown!","17,668.00","444.44","1.71","101.01","#Unknown!"
"1/2/2015","4/1/2013","#Unknown!","222.40","111.11","#Unknown!","2:12:00","0:00:00","101.09","110.02","#Unknown!","1,897.00","111.11","0.91","202.02","#Unknown!"
"1/3/2015","1/11/2013","#Unknown!","326.72","222.22","#Unknown!","3:12:00","0:00:00","102.10","160.06","#Unknown!","872.00","222.22","0.11","303.03","#Unknown!"
"1/6/2015","2/22/2013","#Unknown!","651.68","555.55","#Unknown!","6:12:00","0:00:00","105.11","310.31","#Unknown!","6,756.00","555.55","0.53","606.06","#Unknown!"
"1/4/2015","8/5/2013","#Unknown!","433.10","333.33","#Unknown!","4:12:00","0:00:00","103.12","210.13","#Unknown!","26,493.00","333.33","2.17","404.04","#Unknown!"
"1/5/2015","11/28/2013","#Unknown!","541.48","444.44","#Unknown!","5:12:00","0:00:00","104.13","260.21","#Unknown!","34,032.00","444.44","3.32","505.05","#Unknown!"
"1/7/2015","8/27/2013","#Unknown!","728.21","111.11","#Unknown!","7:12:00","0:00:00","101.14","360.07","#Unknown!","24,729.00","111.11","2.39","707.07","#Unknown!"
"1/8/2015","4/2/2013","#Unknown!","837.63","222.22","#Unknown!","8:12:00","0:00:00","102.15","410.16","#Unknown!","5,125.00","222.22","0.92","808.08","#Unknown!"
"1/9/2015","11/16/2013","#Unknown!","967.47","555.55","#Unknown!","9:12:00","0:00:00","105.16","460.46","#Unknown!","14,207.00","555.55","3.20","909.09","#Unknown!"
"1/10/2015","11/29/2013","#Unknown!","1052.33","333.33","#Unknown!","10:12:00","0:00:00","103.17","510.31","#Unknown!","7,086.00","333.33","3.33","1,010.10","#Unknown!"
"1/11/2015","5/13/2013","#Unknown!","1166.82","444.44","#Unknown!","11:12:00","0:00:00","104.18","560.45","#Unknown!","8,471.00","444.44","1.33","1,111.11","#Unknown!"
"1/1/2015","8/28/2013","#Unknown!","121.43","111.11","#Unknown!","1:12:00","0:00:00","101.19","60.01","#Unknown!","5,589.00","111.11","2.40","101.01","#Unknown!"
"1/2/2015","7/11/2013","#Unknown!","224.84","222.22","#Unknown!","2:12:00","0:00:00","102.20","110.04","#Unknown!","29,457.00","222.22","1.92","202.02","#Unknown!"
"1/3/2015","6/5/2013","#Unknown!","499.23","555.55","#Unknown!","3:12:00","0:00:00","156.01","160.16","#Unknown!","11,390.00","555.55","1.56","303.03","#Unknown!"
"1/6/2015","7/12/2013","#Unknown!","1196.72","333.33","#Unknown!","6:12:00","0:00:00","193.02","310.19","#Unknown!","3,179.00","333.33","1.93","606.06","#Unknown!"
"1/4/2015","10/5/2013","#Unknown!","1167.73","444.44","#Unknown!","4:12:00","0:00:00","278.03","210.17","#Unknown!","15,059.00","444.44","2.78","404.04","#Unknown!"
"1/5/2015","10/6/2013","#Unknown!","1451.01","111.11","#Unknown!","5:12:00","0:00:00","279.04","260.05","#Unknown!","13,794.00","111.11","2.79","505.05","#Unknown!"
"1/7/2015","5/12/2013","#Unknown!","950.76","222.22","#Unknown!","7:12:00","0:00:00","132.05","360.14","#Unknown!","2,183.00","222.22","1.32","707.07","#Unknown!"
"1/8/2015","1/14/2013","#Unknown!","115.29","555.55","#Unknown!","8:12:00","0:00:00","14.06","410.41","#Unknown!","15,720.00","555.55","0.14","808.08","#Unknown!"
"1/9/2015","11/17/2013","#Unknown!","2953.84","333.33","#Unknown!","9:12:00","0:00:00","321.07","460.28","#Unknown!","4,956.00","333.33","3.21","909.09","#Unknown!"
"1/10/2015","1/12/2013","#Unknown!","123.22","444.44","#Unknown!","10:12:00","0:00:00","12.08","510.41","#Unknown!","16,053.00","444.44","0.12","1,010.10","#Unknown!"
"1/11/2015","10/7/2013","#Unknown!","3137.01","111.11","#Unknown!","11:12:00","0:00:00","280.09","560.11","#Unknown!","23,112.00","111.11","2.80","1,111.11","#Unknown!"
"1/1/2015","11/5/2013","#Unknown!","370.92","222.22","#Unknown!","1:12:00","0:00:00","309.10","60.02","#Unknown!","4,067.00","222.22","3.09","101.01","#Unknown!"
"1/2/2015","3/16/2013","#Unknown!","165.24","555.55","#Unknown!","2:12:00","0:00:00","75.11","110.11","#Unknown!","1,225.00","555.55","0.75","202.02","#Unknown!"
"1/3/2015","4/3/2013","#Unknown!","297.98","333.33","#Unknown!","3:12:00","0:00:00","93.12","160.10","#Unknown!","1,800.00","333.33","0.93","303.03","#Unknown!"
"1/6/2015","8/6/2013","#Unknown!","1352.41","444.44","#Unknown!","6:12:00","0:00:00","218.13","310.25","#Unknown!","3,504.00","444.44","2.18","606.06","#Unknown!"
"1/4/2015","9/20/2013","#Unknown!","1105.19","111.11","#Unknown!","4:12:00","0:00:00","263.14","210.04","#Unknown!","41,667.00","111.11","2.63","404.04","#Unknown!"
"1/5/2015","11/30/2013","#Unknown!","1737.58","222.22","#Unknown!","5:12:00","0:00:00","334.15","260.10","#Unknown!","15,873.00","222.22","3.34","505.05","#Unknown!"
"1/7/2015","12/1/2013","#Unknown!","2413.15","555.55","#Unknown!","7:12:00","0:00:00","335.16","360.36","#Unknown!","88,857.00","555.55","3.35","707.07","#Unknown!"
"1/8/2015","11/6/2013","#Unknown!","2543.39","333.33","#Unknown!","8:12:00","0:00:00","310.17","410.25","#Unknown!","31,531.00","333.33","3.10","808.08","#Unknown!"
"1/9/2015","4/18/2013","#Unknown!","995.26","444.44","#Unknown!","9:12:00","0:00:00","108.18","460.37","#Unknown!","40,318.00","444.44","1.08","909.09","#Unknown!"
"1/10/2015","3/9/2013","#Unknown!","695.54","111.11","#Unknown!","10:12:00","0:00:00","68.19","510.10","#Unknown!","752.00","111.11","0.68","1,010.10","#Unknown!"
"1/11/2015","8/29/2013","#Unknown!","2701.44","222.22","#Unknown!","11:12:00","0:00:00","241.20","560.22","#Unknown!","16,865.00","222.22","2.41","1,111.11","#Unknown!"
"1/1/2015","6/13/2013","#Unknown!","121.21","555.55","#Unknown!","1:12:00","0:00:00","101.01","60.06","#Unknown!","68,318.00","555.55","1.64","101.01","#Unknown!"
"1/2/2015","8/30/2013","#Unknown!","224.44","333.33","#Unknown!","2:12:00","0:00:00","102.02","110.07","#Unknown!","31,635.00","333.33","2.42","202.02","#Unknown!"
"1/3/2015","11/25/2013","#Unknown!","329.70","444.44","#Unknown!","3:12:00","0:00:00","103.03","160.13","#Unknown!","8,870.00","444.44","3.29","303.03","#Unknown!"
"1/6/2015","4/22/2013","#Unknown!","657.45","111.11","#Unknown!","6:12:00","0:00:00","106.04","310.06","#Unknown!","20,228.00","111.11","1.12","606.06","#Unknown!"
"1/4/2015","7/14/2013","#Unknown!","437.01","222.22","#Unknown!","4:12:00","0:00:00","104.05","210.08","#Unknown!","8,183.00","222.22","1.95","404.04","#Unknown!"
"1/5/2015","4/7/2013","#Unknown!","546.31","555.55","#Unknown!","5:12:00","0:00:00","105.06","260.26","#Unknown!","1,500.00","555.55","0.97","505.05","#Unknown!"
"1/7/2015","8/7/2013","#Unknown!","770.90","333.33","#Unknown!","7:12:00","0:00:00","107.07","360.22","#Unknown!","28,789.00","333.33","2.19","707.07","#Unknown!"
"1/8/2015","1/15/2013","#Unknown!","886.26","444.44","#Unknown!","8:12:00","0:00:00","108.08","410.33","#Unknown!","1,054.00","444.44","0.15","808.08","#Unknown!"
"1/9/2015","11/27/2013","#Unknown!","1003.63","111.11","#Unknown!","9:12:00","0:00:00","109.09","460.09","#Unknown!","75.00","111.11","3.31","909.09","#Unknown!"
"1/10/2015","5/14/2013","#Unknown!","1123.02","222.22","#Unknown!","10:12:00","0:00:00","110.10","510.20","#Unknown!","17,765.00","222.22","1.34","1,010.10","#Unknown!"
"1/11/2015","1/16/2013","#Unknown!","1244.43","555.55","#Unknown!","11:12:00","0:00:00","111.11","560.56","#Unknown!","6,240.00","555.55","0.16","1,111.11","#Unknown!"
"1/1/2015","1/17/2013","#Unknown!","121.34","333.33","#Unknown!","1:12:00","0:00:00","101.12","60.04","#Unknown!","1,566.00","333.33","0.17","101.01","#Unknown!"
"1/2/2015","2/23/2013","#Unknown!","224.69","444.44","#Unknown!","2:12:00","0:00:00","102.13","110.09","#Unknown!","7,104.00","444.44","0.54","202.02","#Unknown!"
"1/3/2015","3/22/2013","#Unknown!","330.05","111.11","#Unknown!","3:12:00","0:00:00","103.14","160.03","#Unknown!","17,456.00","111.11","0.81","303.03","#Unknown!"
"1/6/2015","4/24/2013","#Unknown!","658.13","222.22","#Unknown!","6:12:00","0:00:00","106.15","310.12","#Unknown!","10,646.00","222.22","1.14","606.06","#Unknown!"
"1/4/2015","7/15/2013","#Unknown!","437.47","555.55","#Unknown!","4:12:00","0:00:00","104.16","210.21","#Unknown!","6,459.00","555.55","1.96","404.04","#Unknown!"
"1/5/2015","1/18/2013","#Unknown!","546.88","333.33","#Unknown!","5:12:00","0:00:00","105.17","260.16","#Unknown!","5,250.00","333.33","0.18","505.05","#Unknown!"
"1/7/2015","10/8/2013","#Unknown!","771.70","444.44","#Unknown!","7:12:00","0:00:00","107.18","360.29","#Unknown!","7,518.00","444.44","2.81","707.07","#Unknown!"
"1/8/2015","8/8/2013","#Unknown!","887.16","111.11","#Unknown!","8:12:00","0:00:00","108.19","410.08","#Unknown!","7,764.00","111.11","2.20","808.08","#Unknown!"
"1/9/2015","1/19/2013","#Unknown!","1004.64","222.22","#Unknown!","9:12:00","0:00:00","109.20","460.18","#Unknown!","5,139.00","222.22","0.19","909.09","#Unknown!"
"1/10/2015","2/27/2013","#Unknown!","1071.10","555.55","#Unknown!","10:12:00","0:00:00","105.01","510.51","#Unknown!","717.00","555.55","0.58","1,010.10","#Unknown!"
"1/11/2015","10/9/2013","#Unknown!","1153.82","333.33","#Unknown!","11:12:00","0:00:00","103.02","560.34","#Unknown!","13,879.00","333.33","2.82","1,111.11","#Unknown!"
"1/1/2015","10/10/2013","#Unknown!","124.84","444.44","#Unknown!","1:12:00","0:00:00","104.03","60.05","#Unknown!","10,209.00","444.44","2.83","101.01","#Unknown!"
"1/2/2015","1/20/2013","#Unknown!","222.29","111.11","#Unknown!","2:12:00","0:00:00","101.04","110.02","#Unknown!","2,990.00","111.11","0.20","202.02","#Unknown!"
"1/3/2015","4/25/2013","#Unknown!","326.56","222.22","#Unknown!","3:12:00","0:00:00","102.05","160.06","#Unknown!","6,520.00","222.22","1.15","303.03","#Unknown!"
"1/6/2015","11/18/2013","#Unknown!","651.37","555.55","#Unknown!","6:12:00","0:00:00","105.06","310.31","#Unknown!","12,243.00","555.55","3.22","606.06","#Unknown!"
"1/4/2015","1/21/2013","#Unknown!","432.89","333.33","#Unknown!","4:12:00","0:00:00","103.07","210.13","#Unknown!","3,279.00","333.33","0.21","404.04","#Unknown!"
"1/5/2015","7/13/2013","#Unknown!","541.22","444.44","#Unknown!","5:12:00","0:00:00","104.08","260.21","#Unknown!","60,879.00","444.44","1.94","505.05","#Unknown!"
"1/7/2015","3/30/2013","#Unknown!","727.85","111.11","#Unknown!","7:12:00","0:00:00","101.09","360.07","#Unknown!","337.00","111.11","0.89","707.07","#Unknown!"
"1/8/2015","4/4/2013","#Unknown!","837.22","222.22","#Unknown!","8:12:00","0:00:00","102.10","410.16","#Unknown!","706.00","222.22","0.94","808.08","#Unknown!"
"1/9/2015","8/31/2013","#Unknown!","967.01","555.55","#Unknown!","9:12:00","0:00:00","105.11","460.46","#Unknown!","22,157.00","555.55","2.43","909.09","#Unknown!"
"1/10/2015","2/25/2013","#Unknown!","1051.82","333.33","#Unknown!","10:12:00","0:00:00","103.12","510.31","#Unknown!","2,032.00","333.33","0.56","1,010.10","#Unknown!"
"1/11/2015","10/11/2013","#Unknown!","1166.26","444.44","#Unknown!","11:12:00","0:00:00","104.13","560.45","#Unknown!","10,791.00","444.44","2.84","1,111.11","#Unknown!"
"1/1/2015","5/15/2013","#Unknown!","121.37","111.11","#Unknown!","1:12:00","0:00:00","101.14","60.01","#Unknown!","17,346.00","111.11","1.35","101.01","#Unknown!"
"1/2/2015","5/16/2013","#Unknown!","224.73","222.22","#Unknown!","2:12:00","0:00:00","102.15","110.04","#Unknown!","2,481.00","222.22","1.36","202.02","#Unknown!"
"1/3/2015","6/21/2013","#Unknown!","336.51","555.55","#Unknown!","3:12:00","0:00:00","105.16","160.16","#Unknown!","13,547.00","555.55","1.72","303.03","#Unknown!"
"1/6/2015","1/22/2013","#Unknown!","639.65","333.33","#Unknown!","6:12:00","0:00:00","103.17","310.19","#Unknown!","39,880.00","333.33","0.22","606.06","#Unknown!"
"1/4/2015","6/22/2013","#Unknown!","437.56","444.44","#Unknown!","4:12:00","0:00:00","104.18","210.17","#Unknown!","5,911.00","444.44","1.73","404.04","#Unknown!"
"1/5/2015","6/23/2013","#Unknown!","526.19","111.11","#Unknown!","5:12:00","0:00:00","101.19","260.05","#Unknown!","14,925.00","111.11","1.74","505.05","#Unknown!"
"1/7/2015","4/26/2013","#Unknown!","735.84","222.22","#Unknown!","7:12:00","0:00:00","102.20","360.14","#Unknown!","4,382.00","222.22","1.16","707.07","#Unknown!"
"1/8/2015","6/24/2013","#Unknown!","1435.08","555.55","#Unknown!","8:12:00","0:00:00","175.01","410.41","#Unknown!","19,063.00","555.55","1.75","808.08","#Unknown!"
"1/9/2015","9/1/2013","#Unknown!","2244.98","333.33","#Unknown!","9:12:00","0:00:00","244.02","460.28","#Unknown!","10,293.00","333.33","2.44","909.09","#Unknown!"
"1/10/2015","1/23/2013","#Unknown!","234.91","444.44","#Unknown!","10:12:00","0:00:00","23.03","510.41","#Unknown!","2,180.00","444.44","0.23","1,010.10","#Unknown!"
"1/11/2015","8/9/2013","#Unknown!","2475.65","111.11","#Unknown!","11:12:00","0:00:00","221.04","560.11","#Unknown!","13,175.00","111.11","2.21","1,111.11","#Unknown!"
"1/1/2015","10/17/2013","#Unknown!","348.06","222.22","#Unknown!","1:12:00","0:00:00","290.05","60.02","#Unknown!","12,629.00","222.22","2.90","101.01","#Unknown!"
"1/2/2015","10/13/2013","#Unknown!","629.33","555.55","#Unknown!","2:12:00","0:00:00","286.06","110.11","#Unknown!","10,602.00","555.55","2.86","202.02","#Unknown!"
"1/3/2015","5/17/2013","#Unknown!","438.62","333.33","#Unknown!","3:12:00","0:00:00","137.07","160.10","#Unknown!","8,055.00","333.33","1.37","303.03","#Unknown!"
"1/6/2015","2/28/2013","#Unknown!","366.30","444.44","#Unknown!","6:12:00","0:00:00","59.08","310.25","#Unknown!","3,091.00","444.44","0.59","606.06","#Unknown!"
"1/4/2015","7/16/2013","#Unknown!","827.78","111.11","#Unknown!","4:12:00","0:00:00","197.09","210.04","#Unknown!","76,377.00","111.11","1.97","404.04","#Unknown!"
"1/5/2015","3/2/2013","#Unknown!","317.72","222.22","#Unknown!","5:12:00","0:00:00","61.10","260.10","#Unknown!","5,943.00","222.22","0.61","505.05","#Unknown!"
"1/7/2015","5/18/2013","#Unknown!","994.39","555.55","#Unknown!","7:12:00","0:00:00","138.11","360.36","#Unknown!","10,970.00","555.55","1.38","707.07","#Unknown!"
"1/8/2015","3/3/2013","#Unknown!","509.38","333.33","#Unknown!","8:12:00","0:00:00","62.12","410.25","#Unknown!","5,025.00","333.33","0.62","808.08","#Unknown!"
"1/9/2015","4/27/2013","#Unknown!","1077.60","444.44","#Unknown!","9:12:00","0:00:00","117.13","460.37","#Unknown!","40,759.00","444.44","1.17","909.09","#Unknown!"
"1/10/2015","1/24/2013","#Unknown!","246.23","111.11","#Unknown!","10:12:00","0:00:00","24.14","510.10","#Unknown!","1,851.00","111.11","0.24","1,010.10","#Unknown!"
"1/11/2015","10/23/2013","#Unknown!","3316.88","222.22","#Unknown!","11:12:00","0:00:00","296.15","560.22","#Unknown!","31,394.00","222.22","2.96","1,111.11","#Unknown!"
"1/1/2015","3/27/2013","#Unknown!","103.39","555.55","#Unknown!","1:12:00","0:00:00","86.16","60.06","#Unknown!","711.00","555.55","0.86","101.01","#Unknown!"
"1/2/2015","7/2/2013","#Unknown!","402.97","333.33","#Unknown!","2:12:00","0:00:00","183.17","110.07","#Unknown!","6,362.00","333.33","1.83","202.02","#Unknown!"
"1/3/2015","4/28/2013","#Unknown!","378.18","444.44","#Unknown!","3:12:00","0:00:00","118.18","160.13","#Unknown!","8,924.00","444.44","1.18","303.03","#Unknown!"
"1/6/2015","2/16/2013","#Unknown!","292.58","111.11","#Unknown!","6:12:00","0:00:00","47.19","310.06","#Unknown!","15,784.00","111.11","0.47","606.06","#Unknown!"
"1/4/2015","7/19/2013","#Unknown!","840.84","222.22","#Unknown!","4:12:00","0:00:00","200.20","210.08","#Unknown!","106,519.00","222.22","2.00","404.04","#Unknown!"
"1/5/2015","1/25/2013","#Unknown!","546.05","555.55","#Unknown!","5:12:00","0:00:00","105.01","260.26","#Unknown!","21,103.00","555.55","0.25","505.05","#Unknown!"
"1/7/2015","4/29/2013","#Unknown!","770.54","333.33","#Unknown!","7:12:00","0:00:00","107.02","360.22","#Unknown!","10,086.00","333.33","1.19","707.07","#Unknown!"
"1/8/2015","7/29/2013","#Unknown!","885.85","444.44","#Unknown!","8:12:00","0:00:00","108.03","410.33","#Unknown!","90,329.00","444.44","2.10","808.08","#Unknown!"
"1/9/2015","8/10/2013","#Unknown!","1003.17","111.11","#Unknown!","9:12:00","0:00:00","109.04","460.09","#Unknown!","11,596.00","111.11","2.22","909.09","#Unknown!"
"1/10/2015","9/19/2013","#Unknown!","1122.51","222.22","#Unknown!","10:12:00","0:00:00","110.05","510.20","#Unknown!","59,450.00","222.22","2.62","1,010.10","#Unknown!"
"1/11/2015","8/11/2013","#Unknown!","1243.87","555.55","#Unknown!","11:12:00","0:00:00","111.06","560.56","#Unknown!","5,136.00","555.55","2.23","1,111.11","#Unknown!"
"1/1/2015","9/2/2013","#Unknown!","121.28","333.33","#Unknown!","1:12:00","0:00:00","101.07","60.04","#Unknown!","23,184.00","333.33","2.45","101.01","#Unknown!"
"1/2/2015","8/12/2013","#Unknown!","224.58","444.44","#Unknown!","2:12:00","0:00:00","102.08","110.09","#Unknown!","19,808.00","444.44","2.24","202.02","#Unknown!"
"1/3/2015","12/3/2013","#Unknown!","329.89","111.11","#Unknown!","3:12:00","0:00:00","103.09","160.03","#Unknown!","4,907.00","111.11","3.37","303.03","#Unknown!"
"1/6/2015","6/25/2013","#Unknown!","657.82","222.22","#Unknown!","6:12:00","0:00:00","106.10","310.12","#Unknown!","38,499.00","222.22","1.76","606.06","#Unknown!"
"1/4/2015","9/3/2013","#Unknown!","437.26","555.55","#Unknown!","4:12:00","0:00:00","104.11","210.21","#Unknown!","25,132.00","555.55","2.46","404.04","#Unknown!"
"1/5/2015","11/19/2013","#Unknown!","546.62","333.33","#Unknown!","5:12:00","0:00:00","105.12","260.16","#Unknown!","14,006.00","333.33","3.23","505.05","#Unknown!"
"1/7/2015","12/4/2013","#Unknown!","771.34","444.44","#Unknown!","7:12:00","0:00:00","107.13","360.29","#Unknown!","6,045.00","444.44","3.38","707.07","#Unknown!"
"1/8/2015","6/26/2013","#Unknown!","886.75","111.11","#Unknown!","8:12:00","0:00:00","108.14","410.08","#Unknown!","10,106.00","111.11","1.77","808.08","#Unknown!"
"1/9/2015","9/4/2013","#Unknown!","1004.18","222.22","#Unknown!","9:12:00","0:00:00","109.15","460.18","#Unknown!","12,024.00","222.22","2.47","909.09","#Unknown!"
"1/10/2015","9/24/2013","#Unknown!","1123.63","555.55","#Unknown!","10:12:00","0:00:00","110.16","510.51","#Unknown!","56,173.00","555.55","2.67","1,010.10","#Unknown!"
"1/11/2015","9/5/2013","#Unknown!","1245.10","333.33","#Unknown!","11:12:00","0:00:00","111.17","560.34","#Unknown!","12,752.00","333.33","2.48","1,111.11","#Unknown!"
"1/1/2015","9/26/2013","#Unknown!","121.42","444.44","#Unknown!","1:12:00","0:00:00","101.18","60.05","#Unknown!","26,983.00","444.44","2.69","101.01","#Unknown!"
"1/2/2015","6/27/2013","#Unknown!","224.82","111.11","#Unknown!","2:12:00","0:00:00","102.19","110.02","#Unknown!","5,839.00","111.11","1.78","202.02","#Unknown!"
"1/3/2015","7/20/2013","#Unknown!","330.24","222.22","#Unknown!","3:12:00","0:00:00","103.20","160.06","#Unknown!","6,338.00","222.22","2.01","303.03","#Unknown!"
"1/6/2015","7/17/2013","#Unknown!","651.06","555.55","#Unknown!","6:12:00","0:00:00","105.01","310.31","#Unknown!","47,255.00","555.55","1.98","606.06","#Unknown!"
"1/4/2015","10/12/2013","#Unknown!","432.68","333.33","#Unknown!","4:12:00","0:00:00","103.02","210.13","#Unknown!","23,116.00","333.33","2.85","404.04","#Unknown!"
"1/5/2015","3/4/2013","#Unknown!","540.96","444.44","#Unknown!","5:12:00","0:00:00","104.03","260.21","#Unknown!","521.00","444.44","0.63","505.05","#Unknown!"
"1/7/2015","8/13/2013","#Unknown!","727.49","111.11","#Unknown!","7:12:00","0:00:00","101.04","360.07","#Unknown!","8,987.00","111.11","2.25","707.07","#Unknown!"
"1/8/2015","6/28/2013","#Unknown!","836.81","222.22","#Unknown!","8:12:00","0:00:00","102.05","410.16","#Unknown!","27,999.00","222.22","1.79","808.08","#Unknown!"
"1/9/2015","5/19/2013","#Unknown!","966.55","555.55","#Unknown!","9:12:00","0:00:00","105.06","460.46","#Unknown!","13,261.00","555.55","1.39","909.09","#Unknown!"
"1/10/2015","9/6/2013","#Unknown!","1051.31","333.33","#Unknown!","10:12:00","0:00:00","103.07","510.31","#Unknown!","7,891.00","333.33","2.49","1,010.10","#Unknown!"
"1/11/2015","5/20/2013","#Unknown!","1165.70","444.44","#Unknown!","11:12:00","0:00:00","104.08","560.45","#Unknown!","3,190.00","444.44","1.40","1,111.11","#Unknown!"
"1/1/2015","9/29/2013","#Unknown!","121.31","111.11","#Unknown!","1:12:00","0:00:00","101.09","60.01","#Unknown!","27,003.00","111.11","2.72","101.01","#Unknown!"
"1/2/2015","4/5/2013","#Unknown!","224.62","222.22","#Unknown!","2:12:00","0:00:00","102.10","110.04","#Unknown!","121.00","222.22","0.95","202.02","#Unknown!"
"1/3/2015","1/26/2013","#Unknown!","336.35","555.55","#Unknown!","3:12:00","0:00:00","105.11","160.16","#Unknown!","8,560.00","555.55","0.26","303.03","#Unknown!"
"1/6/2015","4/6/2013","#Unknown!","639.34","333.33","#Unknown!","6:12:00","0:00:00","103.12","310.19","#Unknown!","8,437.00","333.33","0.96","606.06","#Unknown!"
"1/4/2015","3/6/2013","#Unknown!","437.35","444.44","#Unknown!","4:12:00","0:00:00","104.13","210.17","#Unknown!","961.00","444.44","0.65","404.04","#Unknown!"
"1/5/2015","2/9/2013","#Unknown!","525.93","111.11","#Unknown!","5:12:00","0:00:00","101.14","260.05","#Unknown!","838.00","111.11","0.40","505.05","#Unknown!"
"1/7/2015","3/15/2013","#Unknown!","735.48","222.22","#Unknown!","7:12:00","0:00:00","102.15","360.14","#Unknown!","167.00","222.22","0.74","707.07","#Unknown!"
"1/8/2015","8/1/2013","#Unknown!","862.31","555.55","#Unknown!","8:12:00","0:00:00","105.16","410.41","#Unknown!","3,410.00","555.55","2.13","808.08","#Unknown!"
"1/9/2015","11/7/2013","#Unknown!","949.16","333.33","#Unknown!","9:12:00","0:00:00","103.17","460.28","#Unknown!","10,172.00","333.33","3.11","909.09","#Unknown!"
"1/10/2015","6/29/2013","#Unknown!","1062.64","444.44","#Unknown!","10:12:00","0:00:00","104.18","510.41","#Unknown!","33,006.00","444.44","1.80","1,010.10","#Unknown!"
"1/11/2015","10/31/2013","#Unknown!","1133.33","111.11","#Unknown!","11:12:00","0:00:00","101.19","560.11","#Unknown!","28,886.00","111.11","3.04","1,111.11","#Unknown!"
"1/1/2015","3/1/2013","#Unknown!","122.64","222.22","#Unknown!","1:12:00","0:00:00","102.20","60.02","#Unknown!","228.00","222.22","0.60","101.01","#Unknown!"
"1/2/2015","12/5/2013","#Unknown!","745.82","555.55","#Unknown!","2:12:00","0:00:00","339.01","110.11","#Unknown!","95,072.00","555.55","3.39","202.02","#Unknown!"
"1/3/2015","5/21/2013","#Unknown!","451.26","333.33","#Unknown!","3:12:00","0:00:00","141.02","160.10","#Unknown!","999.00","333.33","1.41","303.03","#Unknown!"
"1/6/2015","3/5/2013","#Unknown!","396.99","444.44","#Unknown!","6:12:00","0:00:00","64.03","310.25","#Unknown!","1,509.00","444.44","0.64","606.06","#Unknown!"
"1/4/2015","4/8/2013","#Unknown!","411.77","111.11","#Unknown!","4:12:00","0:00:00","98.04","210.04","#Unknown!","990.00","111.11","0.98","404.04","#Unknown!"
"1/5/2015","8/15/2013","#Unknown!","1180.66","222.22","#Unknown!","5:12:00","0:00:00","227.05","260.10","#Unknown!","6,666.00","222.22","2.27","505.05","#Unknown!"
"1/7/2015","8/14/2013","#Unknown!","1627.63","555.55","#Unknown!","7:12:00","0:00:00","226.06","360.36","#Unknown!","17,416.00","555.55","2.26","707.07","#Unknown!"
"1/8/2015","10/26/2013","#Unknown!","2452.37","333.33","#Unknown!","8:12:00","0:00:00","299.07","410.25","#Unknown!","85,146.00","333.33","2.99","808.08","#Unknown!"
"1/9/2015","9/7/2013","#Unknown!","2300.74","444.44","#Unknown!","9:12:00","0:00:00","250.08","460.37","#Unknown!","11,227.00","444.44","2.50","909.09","#Unknown!"
"1/10/2015","3/7/2013","#Unknown!","674.12","111.11","#Unknown!","10:12:00","0:00:00","66.09","510.10","#Unknown!","13,708.00","111.11","0.66","1,010.10","#Unknown!"
"1/11/2015","7/18/2013","#Unknown!","2229.92","222.22","#Unknown!","11:12:00","0:00:00","199.10","560.22","#Unknown!","28,352.00","222.22","1.99","1,111.11","#Unknown!"
"1/1/2015","12/7/2013","#Unknown!","409.33","555.55","#Unknown!","1:12:00","0:00:00","341.11","60.06","#Unknown!","28,712.00","555.55","3.41","101.01","#Unknown!"
"1/2/2015","5/24/2013","#Unknown!","317.06","333.33","#Unknown!","2:12:00","0:00:00","144.12","110.07","#Unknown!","4,680.00","333.33","1.44","202.02","#Unknown!"
"1/3/2015","7/21/2013","#Unknown!","646.82","444.44","#Unknown!","3:12:00","0:00:00","202.13","160.13","#Unknown!","14,892.00","444.44","2.02","303.03","#Unknown!"
"1/6/2015","1/27/2013","#Unknown!","168.27","111.11","#Unknown!","6:12:00","0:00:00","27.14","310.06","#Unknown!","28,549.00","111.11","0.27","606.06","#Unknown!"
"1/4/2015","5/22/2013","#Unknown!","597.03","222.22","#Unknown!","4:12:00","0:00:00","142.15","210.08","#Unknown!","14,155.00","222.22","1.42","404.04","#Unknown!"
"1/5/2015","5/23/2013","#Unknown!","744.43","555.55","#Unknown!","5:12:00","0:00:00","143.16","260.26","#Unknown!","15,707.00","555.55","1.43","505.05","#Unknown!"
"1/7/2015","4/9/2013","#Unknown!","714.02","333.33","#Unknown!","7:12:00","0:00:00","99.17","360.22","#Unknown!","3,032.00","333.33","0.99","707.07","#Unknown!"
"1/8/2015","12/9/2013","#Unknown!","2814.08","444.44","#Unknown!","8:12:00","0:00:00","343.18","410.33","#Unknown!","19,031.00","444.44","3.43","808.08","#Unknown!"
"1/9/2015","9/8/2013","#Unknown!","2310.95","111.11","#Unknown!","9:12:00","0:00:00","251.19","460.09","#Unknown!","10,506.00","111.11","2.51","909.09","#Unknown!"
"1/10/2015","9/9/2013","#Unknown!","2572.44","222.22","#Unknown!","10:12:00","0:00:00","252.20","510.20","#Unknown!","28,602.00","222.22","2.52","1,010.10","#Unknown!"
"1/11/2015","11/8/2013","#Unknown!","1243.31","555.55","#Unknown!","11:12:00","0:00:00","111.01","560.56","#Unknown!","4,527.00","555.55","3.12","1,111.11","#Unknown!"
"1/1/2015","1/28/2013","#Unknown!","121.22","333.33","#Unknown!","1:12:00","0:00:00","101.02","60.04","#Unknown!","1,902.00","333.33","0.28","101.01","#Unknown!"
"1/2/2015","4/10/2013","#Unknown!","224.47","444.44","#Unknown!","2:12:00","0:00:00","102.03","110.09","#Unknown!","7,839.00","444.44","1.00","202.02","#Unknown!"
"1/3/2015","11/20/2013","#Unknown!","329.73","111.11","#Unknown!","3:12:00","0:00:00","103.04","160.03","#Unknown!","5,890.00","111.11","3.24","303.03","#Unknown!"
"1/6/2015","3/10/2013","#Unknown!","657.51","222.22","#Unknown!","6:12:00","0:00:00","106.05","310.12","#Unknown!","1,612.00","222.22","0.69","606.06","#Unknown!"
"1/4/2015","5/25/2013","#Unknown!","437.05","555.55","#Unknown!","4:12:00","0:00:00","104.06","210.21","#Unknown!","13,709.00","555.55","1.45","404.04","#Unknown!"
"1/5/2015","1/29/2013","#Unknown!","546.36","333.33","#Unknown!","5:12:00","0:00:00","105.07","260.16","#Unknown!","12,140.00","333.33","0.29","505.05","#Unknown!"
"1/7/2015","6/11/2013","#Unknown!","770.98","444.44","#Unknown!","7:12:00","0:00:00","107.08","360.29","#Unknown!","4,806.00","444.44","1.62","707.07","#Unknown!"
"1/8/2015","8/17/2013","#Unknown!","886.34","111.11","#Unknown!","8:12:00","0:00:00","108.09","410.08","#Unknown!","51,251.00","111.11","2.29","808.08","#Unknown!"
"1/9/2015","1/2/2013","#Unknown!","1003.72","222.22","#Unknown!","9:12:00","0:00:00","109.10","460.18","#Unknown!","1,321.00","222.22","0.02","909.09","#Unknown!"
"1/10/2015","10/15/2013","#Unknown!","1123.12","555.55","#Unknown!","10:12:00","0:00:00","110.11","510.51","#Unknown!","17,837.00","555.55","2.88","1,010.10","#Unknown!"
"1/11/2015","4/30/2013","#Unknown!","1244.54","333.33","#Unknown!","11:12:00","0:00:00","111.12","560.34","#Unknown!","11,497.00","333.33","1.20","1,111.11","#Unknown!"
"1/1/2015","2/26/2013","#Unknown!","121.36","444.44","#Unknown!","1:12:00","0:00:00","101.13","60.05","#Unknown!","847.00","444.44","0.57","101.01","#Unknown!"
"1/2/2015","4/11/2013","#Unknown!","224.71","111.11","#Unknown!","2:12:00","0:00:00","102.14","110.02","#Unknown!","1,234.00","111.11","1.01","202.02","#Unknown!"
"1/3/2015","3/25/2013","#Unknown!","330.08","222.22","#Unknown!","3:12:00","0:00:00","103.15","160.06","#Unknown!","1,682.00","222.22","0.84","303.03","#Unknown!"
"1/6/2015","2/17/2013","#Unknown!","658.19","555.55","#Unknown!","6:12:00","0:00:00","106.16","310.31","#Unknown!","44,737.00","555.55","0.48","606.06","#Unknown!"
"1/4/2015","1/30/2013","#Unknown!","437.51","333.33","#Unknown!","4:12:00","0:00:00","104.17","210.13","#Unknown!","648.00","333.33","0.30","404.04","#Unknown!"
"1/5/2015","12/8/2013","#Unknown!","546.94","444.44","#Unknown!","5:12:00","0:00:00","105.18","260.21","#Unknown!","8,264.00","444.44","3.42","505.05","#Unknown!"
"1/7/2015","10/16/2013","#Unknown!","771.77","111.11","#Unknown!","7:12:00","0:00:00","107.19","360.07","#Unknown!","56,468.00","111.11","2.89","707.07","#Unknown!"
"1/8/2015","10/18/2013","#Unknown!","887.24","222.22","#Unknown!","8:12:00","0:00:00","108.20","410.16","#Unknown!","2,820.00","222.22","2.91","808.08","#Unknown!"
"1/9/2015","5/26/2013","#Unknown!","966.09","555.55","#Unknown!","9:12:00","0:00:00","105.01","460.46","#Unknown!","3,413.00","555.55","1.46","909.09","#Unknown!"
"1/10/2015","11/21/2013","#Unknown!","1050.80","333.33","#Unknown!","10:12:00","0:00:00","103.02","510.31","#Unknown!","2,942.00","333.33","3.25","1,010.10","#Unknown!"
"1/11/2015","9/25/2013","#Unknown!","1165.14","444.44","#Unknown!","11:12:00","0:00:00","104.03","560.45","#Unknown!","92,271.00","444.44","2.68","1,111.11","#Unknown!"
"1/1/2015","10/19/2013","#Unknown!","121.25","111.11","#Unknown!","1:12:00","0:00:00","101.04","60.01","#Unknown!","32,112.00","111.11","2.92","101.01","#Unknown!"
"1/2/2015","12/10/2013","#Unknown!","224.51","222.22","#Unknown!","2:12:00","0:00:00","102.05","110.04","#Unknown!","13,383.00","222.22","3.44","202.02","#Unknown!"
"1/3/2015","7/22/2013","#Unknown!","336.19","555.55","#Unknown!","3:12:00","0:00:00","105.06","160.16","#Unknown!","24,747.00","555.55","2.03","303.03","#Unknown!"
"1/6/2015","12/11/2013","#Unknown!","639.03","333.33","#Unknown!","6:12:00","0:00:00","103.07","310.19","#Unknown!","11,608.00","333.33","3.45","606.06","#Unknown!"
"1/4/2015","9/22/2013","#Unknown!","437.14","444.44","#Unknown!","4:12:00","0:00:00","104.08","210.17","#Unknown!","51,755.00","444.44","2.65","404.04","#Unknown!"
"1/5/2015","3/11/2013","#Unknown!","525.67","111.11","#Unknown!","5:12:00","0:00:00","101.09","260.05","#Unknown!","1,475.00","111.11","0.70","505.05","#Unknown!"
"1/7/2015","12/12/2013","#Unknown!","735.12","222.22","#Unknown!","7:12:00","0:00:00","102.10","360.14","#Unknown!","5,232.00","222.22","3.46","707.07","#Unknown!"
"1/8/2015","10/20/2013","#Unknown!","861.90","555.55","#Unknown!","8:12:00","0:00:00","105.11","410.41","#Unknown!","17,489.00","555.55","2.93","808.08","#Unknown!"
"1/9/2015","8/18/2013","#Unknown!","948.70","333.33","#Unknown!","9:12:00","0:00:00","103.12","460.28","#Unknown!","6,952.00","333.33","2.30","909.09","#Unknown!"
"1/10/2015","4/12/2013","#Unknown!","1062.13","444.44","#Unknown!","10:12:00","0:00:00","104.13","510.41","#Unknown!","393.00","444.44","1.02","1,010.10","#Unknown!"
"1/11/2015","8/19/2013","#Unknown!","1132.77","111.11","#Unknown!","11:12:00","0:00:00","101.14","560.11","#Unknown!","5,856.00","111.11","2.31","1,111.11","#Unknown!"
"1/1/2015","4/13/2013","#Unknown!","122.58","222.22","#Unknown!","1:12:00","0:00:00","102.15","60.02","#Unknown!","1,258.00","222.22","1.03","101.01","#Unknown!"
"1/2/2015","1/31/2013","#Unknown!","231.35","555.55","#Unknown!","2:12:00","0:00:00","105.16","110.11","#Unknown!","1,775.00","555.55","0.31","202.02","#Unknown!"
"1/3/2015","5/27/2013","#Unknown!","330.14","333.33","#Unknown!","3:12:00","0:00:00","103.17","160.10","#Unknown!","7,973.00","333.33","1.47","303.03","#Unknown!"
"1/6/2015","8/20/2013","#Unknown!","645.92","444.44","#Unknown!","6:12:00","0:00:00","104.18","310.25","#Unknown!","41,340.00","444.44","2.32","606.06","#Unknown!"
"1/4/2015","8/16/2013","#Unknown!","425.00","111.11","#Unknown!","4:12:00","0:00:00","101.19","210.04","#Unknown!","8,283.00","111.11","2.28","404.04","#Unknown!"
"1/5/2015","3/12/2013","#Unknown!","531.44","222.22","#Unknown!","5:12:00","0:00:00","102.20","260.10","#Unknown!","915.00","222.22","0.71","505.05","#Unknown!"
"1/7/2015","11/9/2013","#Unknown!","2253.67","555.55","#Unknown!","7:12:00","0:00:00","313.01","360.36","#Unknown!","20,675.00","555.55","3.13","707.07","#Unknown!"
"1/8/2015","7/30/2013","#Unknown!","1730.36","333.33","#Unknown!","8:12:00","0:00:00","211.02","410.25","#Unknown!","26,628.00","333.33","2.11","808.08","#Unknown!"
"1/9/2015","3/13/2013","#Unknown!","662.68","444.44","#Unknown!","9:12:00","0:00:00","72.03","460.37","#Unknown!","692.00","444.44","0.72","909.09","#Unknown!"
"1/10/2015","9/10/2013","#Unknown!","2581.01","111.11","#Unknown!","10:12:00","0:00:00","253.04","510.10","#Unknown!","18,133.00","111.11","2.53","1,010.10","#Unknown!"
"1/11/2015","12/13/2013","#Unknown!","3886.96","222.22","#Unknown!","11:12:00","0:00:00","347.05","560.22","#Unknown!","13,722.00","222.22","3.47","1,111.11","#Unknown!"
"1/1/2015","9/11/2013","#Unknown!","304.87","555.55","#Unknown!","1:12:00","0:00:00","254.06","60.06","#Unknown!","17,612.00","555.55","2.54","101.01","#Unknown!"
"1/2/2015","3/14/2013","#Unknown!","160.75","333.33","#Unknown!","2:12:00","0:00:00","73.07","110.07","#Unknown!","3,257.00","333.33","0.73","202.02","#Unknown!"
"1/3/2015","4/14/2013","#Unknown!","333.06","444.44","#Unknown!","3:12:00","0:00:00","104.08","160.13","#Unknown!","1,893.00","444.44","1.04","303.03","#Unknown!"
"1/6/2015","6/30/2013","#Unknown!","1122.76","111.11","#Unknown!","6:12:00","0:00:00","181.09","310.06","#Unknown!","4,119.00","111.11","1.81","606.06","#Unknown!"
"1/4/2015","5/1/2013","#Unknown!","508.62","222.22","#Unknown!","4:12:00","0:00:00","121.10","210.08","#Unknown!","7,211.00","222.22","1.21","404.04","#Unknown!"
"1/5/2015","5/28/2013","#Unknown!","770.17","555.55","#Unknown!","5:12:00","0:00:00","148.11","260.26","#Unknown!","35,608.00","555.55","1.48","505.05","#Unknown!"
"1/7/2015","2/1/2013","#Unknown!","231.26","333.33","#Unknown!","7:12:00","0:00:00","32.12","360.22","#Unknown!","1,771.00","333.33","0.32","707.07","#Unknown!"
"1/8/2015","12/2/2013","#Unknown!","2756.27","444.44","#Unknown!","8:12:00","0:00:00","336.13","410.33","#Unknown!","18,165.00","444.44","3.36","808.08","#Unknown!"
"1/9/2015","9/18/2013","#Unknown!","2402.49","111.11","#Unknown!","9:12:00","0:00:00","261.14","460.09","#Unknown!","75,754.00","111.11","2.61","909.09","#Unknown!"
"1/10/2015","2/3/2013","#Unknown!","348.33","222.22","#Unknown!","10:12:00","0:00:00","34.15","510.20","#Unknown!","17,514.00","222.22","0.34","1,010.10","#Unknown!"
"1/11/2015","2/2/2013","#Unknown!","371.39","555.55","#Unknown!","11:12:00","0:00:00","33.16","560.56","#Unknown!","5,792.00","555.55","0.33","1,111.11","#Unknown!"
"1/1/2015","7/1/2013","#Unknown!","218.60","333.33","#Unknown!","1:12:00","0:00:00","182.17","60.04","#Unknown!","9,767.00","333.33","1.82","101.01","#Unknown!"
"1/2/2015","5/29/2013","#Unknown!","328.20","444.44","#Unknown!","2:12:00","0:00:00","149.18","110.09","#Unknown!","16,719.00","444.44","1.49","202.02","#Unknown!"
"1/3/2015","2/4/2013","#Unknown!","112.61","111.11","#Unknown!","3:12:00","0:00:00","35.19","160.03","#Unknown!","9,502.00","111.11","0.35","303.03","#Unknown!"
"1/6/2015","5/30/2013","#Unknown!","931.24","222.22","#Unknown!","6:12:00","0:00:00","150.20","310.12","#Unknown!","11,688.00","222.22","1.50","606.06","#Unknown!"
"1/4/2015","2/15/2013","#Unknown!","436.84","555.55","#Unknown!","4:12:00","0:00:00","104.01","210.21","#Unknown!","153,060.00","555.55","0.46","404.04","#Unknown!"
"1/5/2015","5/31/2013","#Unknown!","546.10","333.33","#Unknown!","5:12:00","0:00:00","105.02","260.16","#Unknown!","7,808.00","333.33","1.51","505.05","#Unknown!"
"1/7/2015","3/17/2013","#Unknown!","770.62","444.44","#Unknown!","7:12:00","0:00:00","107.03","360.29","#Unknown!","1,947.00","444.44","0.76","707.07","#Unknown!"
"1/8/2015","9/27/2013","#Unknown!","885.93","111.11","#Unknown!","8:12:00","0:00:00","108.04","410.08","#Unknown!","21,437.00","111.11","2.70","808.08","#Unknown!"
"1/9/2015","9/12/2013","#Unknown!","1003.26","222.22","#Unknown!","9:12:00","0:00:00","109.05","460.18","#Unknown!","26,962.00","222.22","2.55","909.09","#Unknown!"
"1/10/2015","7/3/2013","#Unknown!","1122.61","555.55","#Unknown!","10:12:00","0:00:00","110.06","510.51","#Unknown!","6,590.00","555.55","1.84","1,010.10","#Unknown!"
"1/11/2015","6/1/2013","#Unknown!","1243.98","333.33","#Unknown!","11:12:00","0:00:00","111.07","560.34","#Unknown!","9,268.00","333.33","1.52","1,111.11","#Unknown!"
"1/1/2015","7/4/2013","#Unknown!","121.30","444.44","#Unknown!","1:12:00","0:00:00","101.08","60.05","#Unknown!","17,659.00","444.44","1.85","101.01","#Unknown!"
"1/2/2015","4/15/2013","#Unknown!","224.60","111.11","#Unknown!","2:12:00","0:00:00","102.09","110.02","#Unknown!","3,684.00","111.11","1.05","202.02","#Unknown!"
"1/3/2015","6/9/2013","#Unknown!","329.92","222.22","#Unknown!","3:12:00","0:00:00","103.10","160.06","#Unknown!","8,963.00","222.22","1.60","303.03","#Unknown!"
"1/6/2015","7/31/2013","#Unknown!","657.88","555.55","#Unknown!","6:12:00","0:00:00","106.11","310.31","#Unknown!","13,787.00","555.55","2.12","606.06","#Unknown!"
"1/4/2015","12/14/2013","#Unknown!","437.30","333.33","#Unknown!","4:12:00","0:00:00","104.12","210.13","#Unknown!","15,865.00","333.33","3.48","404.04","#Unknown!"
"1/5/2015","12/16/2013","#Unknown!","546.68","444.44","#Unknown!","5:12:00","0:00:00","105.13","260.21","#Unknown!","55,874.00","444.44","3.50","505.05","#Unknown!"
"1/7/2015","5/2/2013","#Unknown!","771.41","111.11","#Unknown!","7:12:00","0:00:00","107.14","360.07","#Unknown!","8,013.00","111.11","1.22","707.07","#Unknown!"
"1/8/2015","7/23/2013","#Unknown!","886.83","222.22","#Unknown!","8:12:00","0:00:00","108.15","410.16","#Unknown!","28,961.00","222.22","2.04","808.08","#Unknown!"
"1/9/2015","11/10/2013","#Unknown!","1004.27","555.55","#Unknown!","9:12:00","0:00:00","109.16","460.46","#Unknown!","3,949.00","555.55","3.14","909.09","#Unknown!"
"1/10/2015","6/12/2013","#Unknown!","1123.73","333.33","#Unknown!","10:12:00","0:00:00","110.17","510.31","#Unknown!","485.00","333.33","1.63","1,010.10","#Unknown!"
"1/11/2015","8/21/2013","#Unknown!","1245.22","444.44","#Unknown!","11:12:00","0:00:00","111.18","560.45","#Unknown!","6,085.00","444.44","2.33","1,111.11","#Unknown!"
"1/1/2015","5/3/2013","#Unknown!","121.43","111.11","#Unknown!","1:12:00","0:00:00","101.19","60.01","#Unknown!","8,926.00","111.11","1.23","101.01","#Unknown!"
"1/2/2015","11/23/2013","#Unknown!","224.84","222.22","#Unknown!","2:12:00","0:00:00","102.20","110.04","#Unknown!","2,003.00","222.22","3.27","202.02","#Unknown!"
"1/3/2015","7/24/2013","#Unknown!","336.03","555.55","#Unknown!","3:12:00","0:00:00","105.01","160.16","#Unknown!","11,292.00","555.55","2.05","303.03","#Unknown!"
"1/6/2015","3/18/2013","#Unknown!","638.72","333.33","#Unknown!","6:12:00","0:00:00","103.02","310.19","#Unknown!","327.00","333.33","0.77","606.06","#Unknown!"
"1/4/2015","6/2/2013","#Unknown!","436.93","444.44","#Unknown!","4:12:00","0:00:00","104.03","210.17","#Unknown!","7,542.00","444.44","1.53","404.04","#Unknown!"
"1/5/2015","6/3/2013","#Unknown!","525.41","111.11","#Unknown!","5:12:00","0:00:00","101.04","260.05","#Unknown!","13,457.00","111.11","1.54","505.05","#Unknown!"
"1/7/2015","7/25/2013","#Unknown!","734.76","222.22","#Unknown!","7:12:00","0:00:00","102.05","360.14","#Unknown!","24,932.00","222.22","2.06","707.07","#Unknown!"
"1/8/2015","2/5/2013","#Unknown!","861.49","555.55","#Unknown!","8:12:00","0:00:00","105.06","410.41","#Unknown!","1,838.00","555.55","0.36","808.08","#Unknown!"
"1/9/2015","9/13/2013","#Unknown!","948.24","333.33","#Unknown!","9:12:00","0:00:00","103.07","460.28","#Unknown!","24,070.00","333.33","2.56","909.09","#Unknown!"
"1/10/2015","10/25/2013","#Unknown!","1061.62","444.44","#Unknown!","10:12:00","0:00:00","104.08","510.41","#Unknown!","60,632.00","444.44","2.98","1,010.10","#Unknown!"
"1/11/2015","2/6/2013","#Unknown!","1132.21","111.11","#Unknown!","11:12:00","0:00:00","101.09","560.11","#Unknown!","9,872.00","111.11","0.37","1,111.11","#Unknown!"
"1/1/2015","11/11/2013","#Unknown!","122.52","222.22","#Unknown!","1:12:00","0:00:00","102.10","60.02","#Unknown!","21,822.00","222.22","3.15","101.01","#Unknown!"
"1/2/2015","2/7/2013","#Unknown!","231.24","555.55","#Unknown!","2:12:00","0:00:00","105.11","110.11","#Unknown!","5,135.00","555.55","0.38","202.02","#Unknown!"
"1/3/2015","4/16/2013","#Unknown!","329.98","333.33","#Unknown!","3:12:00","0:00:00","103.12","160.10","#Unknown!","780.00","333.33","1.06","303.03","#Unknown!"
"1/6/2015","2/20/2013","#Unknown!","645.61","444.44","#Unknown!","6:12:00","0:00:00","104.13","310.25","#Unknown!","538.00","444.44","0.51","606.06","#Unknown!"
"1/4/2015","10/27/2013","#Unknown!","424.79","111.11","#Unknown!","4:12:00","0:00:00","101.14","210.04","#Unknown!","31,915.00","111.11","3.00","404.04","#Unknown!"
"1/5/2015","7/5/2013","#Unknown!","531.18","222.22","#Unknown!","5:12:00","0:00:00","102.15","260.10","#Unknown!","12,994.00","222.22","1.86","505.05","#Unknown!"
"1/7/2015","6/4/2013","#Unknown!","757.15","555.55","#Unknown!","7:12:00","0:00:00","105.16","360.36","#Unknown!","16,767.00","555.55","1.55","707.07","#Unknown!"
"1/8/2015","10/30/2013","#Unknown!","845.99","333.33","#Unknown!","8:12:00","0:00:00","103.17","410.25","#Unknown!","27,982.00","333.33","3.03","808.08","#Unknown!"
"1/9/2015","11/24/2013","#Unknown!","958.46","444.44","#Unknown!","9:12:00","0:00:00","104.18","460.37","#Unknown!","2,750.00","444.44","3.28","909.09","#Unknown!"
"1/10/2015","4/17/2013","#Unknown!","1032.14","111.11","#Unknown!","10:12:00","0:00:00","101.19","510.10","#Unknown!","848.00","111.11","1.07","1,010.10","#Unknown!"
"1/11/2015","8/22/2013","#Unknown!","1144.64","222.22","#Unknown!","11:12:00","0:00:00","102.20","560.22","#Unknown!","4,875.00","222.22","2.34","1,111.11","#Unknown!"
"1/1/2015","6/7/2013","#Unknown!","189.61","555.55","#Unknown!","1:12:00","0:00:00","158.01","60.06","#Unknown!","7,669.00","555.55","1.58","101.01","#Unknown!"
"1/2/2015","10/21/2013","#Unknown!","646.84","333.33","#Unknown!","2:12:00","0:00:00","294.02","110.07","#Unknown!","6,916.00","333.33","2.94","202.02","#Unknown!"
"1/3/2015","6/8/2013","#Unknown!","508.90","444.44","#Unknown!","3:12:00","0:00:00","159.03","160.13","#Unknown!","3,701.00","444.44","1.59","303.03","#Unknown!"
"1/6/2015","8/23/2013","#Unknown!","1457.25","111.11","#Unknown!","6:12:00","0:00:00","235.04","310.06","#Unknown!","4,235.00","111.11","2.35","606.06","#Unknown!"
"1/4/2015","2/10/2013","#Unknown!","172.41","222.22","#Unknown!","4:12:00","0:00:00","41.05","210.08","#Unknown!","28,391.00","222.22","0.41","404.04","#Unknown!"
"1/5/2015","3/19/2013","#Unknown!","405.91","555.55","#Unknown!","5:12:00","0:00:00","78.06","260.26","#Unknown!","1,306.00","555.55","0.78","505.05","#Unknown!"
"1/7/2015","11/12/2013","#Unknown!","2275.70","333.33","#Unknown!","7:12:00","0:00:00","316.07","360.22","#Unknown!","2,740.00","333.33","3.16","707.07","#Unknown!"
"1/8/2015","6/6/2013","#Unknown!","1288.06","444.44","#Unknown!","8:12:00","0:00:00","157.08","410.33","#Unknown!","18,272.00","444.44","1.57","808.08","#Unknown!"
"1/9/2015","2/8/2013","#Unknown!","359.63","111.11","#Unknown!","9:12:00","0:00:00","39.09","460.09","#Unknown!","41,094.00","111.11","0.39","909.09","#Unknown!"
"1/10/2015","7/26/2013","#Unknown!","2112.42","222.22","#Unknown!","10:12:00","0:00:00","207.10","510.20","#Unknown!","21,951.00","222.22","2.07","1,010.10","#Unknown!"
"1/11/2015","1/13/2013","#Unknown!","146.83","555.55","#Unknown!","11:12:00","0:00:00","13.11","560.56","#Unknown!","1,607.00","555.55","0.13","1,111.11","#Unknown!"
"1/1/2015","4/23/2013","#Unknown!","135.74","333.33","#Unknown!","1:12:00","0:00:00","113.12","60.04","#Unknown!","7,277.00","333.33","1.13","101.01","#Unknown!"
"1/2/2015","11/1/2013","#Unknown!","671.29","444.44","#Unknown!","2:12:00","0:00:00","305.13","110.09","#Unknown!","11,261.00","444.44","3.05","202.02","#Unknown!"
"1/3/2015","12/17/2013","#Unknown!","1123.65","111.11","#Unknown!","3:12:00","0:00:00","351.14","160.03","#Unknown!","15,532.00","111.11","3.51","303.03","#Unknown!"
"1/6/2015","9/14/2013","#Unknown!","1594.33","222.22","#Unknown!","6:12:00","0:00:00","257.15","310.12","#Unknown!","14,618.00","222.22","2.57","606.06","#Unknown!"
"1/4/2015","9/30/2013","#Unknown!","1147.27","555.55","#Unknown!","4:12:00","0:00:00","273.16","210.21","#Unknown!","53,743.00","555.55","2.73","404.04","#Unknown!"
"1/5/2015","2/11/2013","#Unknown!","219.28","333.33","#Unknown!","5:12:00","0:00:00","42.17","260.16","#Unknown!","1,496.00","333.33","0.42","505.05","#Unknown!"
"1/7/2015","10/22/2013","#Unknown!","2125.30","444.44","#Unknown!","7:12:00","0:00:00","295.18","360.29","#Unknown!","14,489.00","444.44","2.95","707.07","#Unknown!"
"1/8/2015","2/12/2013","#Unknown!","354.16","111.11","#Unknown!","8:12:00","0:00:00","43.19","410.08","#Unknown!","14,219.00","111.11","0.43","808.08","#Unknown!"
"1/9/2015","2/13/2013","#Unknown!","406.64","222.22","#Unknown!","9:12:00","0:00:00","44.20","460.18","#Unknown!","2,482.00","222.22","0.44","909.09","#Unknown!"
"1/10/2015","3/20/2013","#Unknown!","1122.10","555.55","#Unknown!","10:12:00","0:00:00","110.01","510.51","#Unknown!","7,754.00","555.55","0.79","1,010.10","#Unknown!"
"1/11/2015","7/27/2013","#Unknown!","1243.42","333.33","#Unknown!","11:12:00","0:00:00","111.02","560.34","#Unknown!","22,325.00","333.33","2.08","1,111.11","#Unknown!"
"1/1/2015","5/4/2013","#Unknown!","121.24","444.44","#Unknown!","1:12:00","0:00:00","101.03","60.05","#Unknown!","10,300.00","444.44","1.24","101.01","#Unknown!"
"1/2/2015","7/28/2013","#Unknown!","224.49","111.11","#Unknown!","2:12:00","0:00:00","102.04","110.02","#Unknown!","21,374.00","111.11","2.09","202.02","#Unknown!"
"1/3/2015","3/21/2013","#Unknown!","329.76","222.22","#Unknown!","3:12:00","0:00:00","103.05","160.06","#Unknown!","899.00","222.22","0.80","303.03","#Unknown!"
"1/6/2015","9/23/2013","#Unknown!","657.57","555.55","#Unknown!","6:12:00","0:00:00","106.06","310.31","#Unknown!","17,497.00","555.55","2.66","606.06","#Unknown!"
"1/4/2015","7/6/2013","#Unknown!","437.09","333.33","#Unknown!","4:12:00","0:00:00","104.07","210.13","#Unknown!","38,120.00","333.33","1.87","404.04","#Unknown!"
"1/5/2015","6/10/2013","#Unknown!","546.42","444.44","#Unknown!","5:12:00","0:00:00","105.08","260.21","#Unknown!","181,045.00","444.44","1.61","505.05","#Unknown!"
"1/7/2015","2/14/2013","#Unknown!","771.05","111.11","#Unknown!","7:12:00","0:00:00","107.09","360.07","#Unknown!","1,156.00","111.11","0.45","707.07","#Unknown!"
"1/8/2015","9/15/2013","#Unknown!","886.42","222.22","#Unknown!","8:12:00","0:00:00","108.10","410.16","#Unknown!","10,955.00","222.22","2.58","808.08","#Unknown!"
"1/9/2015","11/22/2013","#Unknown!","1003.81","555.55","#Unknown!","9:12:00","0:00:00","109.11","460.46","#Unknown!","23,793.00","555.55","3.26","909.09","#Unknown!"
"12/10/2016","10/14/2013","#Unknown!","2126.35","333.33","#Unknown!","0:00:00","0:00:00","0.00","0.00","#Unknown!","15,985.00","333.33","2.87","310.10","#Unknown!"
"12/11/2016","6/15/2013","#Unknown!","2347.50","444.44","#Unknown!","0:00:00","0:00:00","0.00","0.00","#Unknown!","21,924.00","444.44","1.66","311.10","#Unknown!"
"12/1/2016","12/6/2013","#Unknown!","226.13","111.11","#Unknown!","0:00:00","0:00:00","0.00","0.00","#Unknown!","10,303.00","111.11","3.40","301.01","#Unknown!"
"12/2/2016","2/18/2013","#Unknown!","429.25","222.22","#Unknown!","0:00:00","0:00:00","0.00","0.00","#Unknown!","8,485.00","222.22","0.49","302.02","#Unknown!"
"12/3/2016","1/1/2013","#Unknown!","634.38","555.55","#Unknown!","0:00:00","0:00:00","0.00","0.00","#Unknown!","28,438.00","555.55","0.01","303.03","#Unknown!"
"12/4/2016","2/24/2013","#Unknown!","841.52","333.33","#Unknown!","0:00:00","0:00:00","0.00","0.00","#Unknown!","494.00","333.33","0.55","304.04","#Unknown!"
"12/5/2016","8/2/2013","#Unknown!","1050.65","444.44","#Unknown!","0:00:00","0:00:00","0.00","0.00","#Unknown!","16,283.00","444.44","2.14","305.05","#Unknown!"
"12/6/2016","1/3/2013","#Unknown!","1261.79","111.11","#Unknown!","0:00:00","0:00:00","0.00","0.00","#Unknown!","37,819.00","111.11","0.03","306.06","#Unknown!"
"12/7/2016","7/8/2013","#Unknown!","1474.92","222.22","#Unknown!","0:00:00","0:00:00","0.00","0.00","#Unknown!","33,201.00","222.22","1.89","307.07","#Unknown!"
"12/8/2016","11/4/2013","#Unknown!","1690.07","555.55","#Unknown!","0:00:00","0:00:00","0.00","0.00","#Unknown!","311.00","555.55","3.08","308.08","#Unknown!"
"12/9/2016","10/28/2013","#Unknown!","1907.21","333.33","#Unknown!","0:00:00","0:00:00","0.00","0.00","#Unknown!","42,844.00","333.33","3.01","309.09","#Unknown!"
"12/10/2016","4/19/2013","#Unknown!","2126.35","444.44","#Unknown!","0:00:00","0:00:00","0.00","0.00","#Unknown!","6,081.00","444.44","1.09","310.10","#Unknown!"
"12/11/2016","4/20/2013","#Unknown!","2347.50","111.11","#Unknown!","0:00:00","0:00:00","0.00","0.00","#Unknown!","3,074.00","111.11","1.10","311.10","#Unknown!"
"12/1/2016","3/23/2013","#Unknown!","226.13","222.22","#Unknown!","0:00:00","0:00:00","0.00","0.00","#Unknown!","1,737.00","222.22","0.82","301.01","#Unknown!"
"12/2/2016","6/16/2013","#Unknown!","429.25","555.55","#Unknown!","0:00:00","0:00:00","0.00","0.00","#Unknown!","16,593.00","555.55","1.67","302.02","#Unknown!"
"12/3/2016","3/24/2013","#Unknown!","634.38","333.33","#Unknown!","0:00:00","0:00:00","0.00","0.00","#Unknown!","11,584.00","333.33","0.83","303.03","#Unknown!"
"12/4/2016","11/26/2013","#Unknown!","841.52","444.44","#Unknown!","0:00:00","0:00:00","0.00","0.00","#Unknown!","43,593.00","444.44","3.30","304.04","#Unknown!"
"12/5/2016","5/5/2013","#Unknown!","1050.65","111.11","#Unknown!","0:00:00","0:00:00","0.00","0.00","#Unknown!","16,188.00","111.11","1.25","305.05","#Unknown!"
"12/6/2016","10/2/2013","#Unknown!","1261.79","222.22","#Unknown!","0:00:00","0:00:00","0.00","0.00","#Unknown!","4,356.00","222.22","2.75","306.06","#Unknown!"
"12/7/2016","4/21/2013","#Unknown!","1474.92","555.55","#Unknown!","0:00:00","0:00:00","0.00","0.00","#Unknown!","7,427.00","555.55","1.11","307.07","#Unknown!"
"12/8/2016","11/13/2013","#Unknown!","1690.07","333.33","#Unknown!","0:00:00","0:00:00","0.00","0.00","#Unknown!","45,193.00","333.33","3.17","308.08","#Unknown!"
"12/9/2016","1/4/2013","#Unknown!","1907.21","444.44","#Unknown!","0:00:00","0:00:00","0.00","0.00","#Unknown!","5,398.00","444.44","0.04","309.09","#Unknown!"
"12/10/2016","2/19/2013","#Unknown!","2126.35","111.11","#Unknown!","0:00:00","0:00:00","0.00","0.00","#Unknown!","1,779.00","111.11","0.50","310.10","#Unknown!"
"12/11/2016","6/17/2013","#Unknown!","2347.50","222.22","#Unknown!","0:00:00","0:00:00","0.00","0.00","#Unknown!","13,320.00","222.22","1.68","311.10","#Unknown!"
"12/1/2016","1/5/2013","#Unknown!","226.13","555.55","#Unknown!","0:00:00","0:00:00","0.00","0.00","#Unknown!","14,649.00","555.55","0.05","301.01","#Unknown!"
"12/2/2016","8/24/2013","#Unknown!","429.25","333.33","#Unknown!","0:00:00","0:00:00","0.00","0.00","#Unknown!","16,332.00","333.33","2.36","302.02","#Unknown!"
"12/3/2016","10/29/2013","#Unknown!","634.38","444.44","#Unknown!","0:00:00","0:00:00","0.00","0.00","#Unknown!","24,729.00","444.44","3.02","303.03","#Unknown!"
"12/4/2016","12/15/2013","#Unknown!","841.52","111.11","#Unknown!","0:00:00","0:00:00","0.00","0.00","#Unknown!","6,411.00","111.11","3.49","304.04","#Unknown!"
"12/5/2016","5/6/2013","#Unknown!","1050.65","222.22","#Unknown!","0:00:00","0:00:00","0.00","0.00","#Unknown!","2,866.00","222.22","1.26","305.05","#Unknown!"
"12/6/2016","3/26/2013","#Unknown!","1261.79","555.55","#Unknown!","0:00:00","0:00:00","0.00","0.00","#Unknown!","2,129.00","555.55","0.85","306.06","#Unknown!"
"12/7/2016","8/3/2013","#Unknown!","811.21","333.33","#Unknown!","0:00:00","0:00:00","0.00","0.00","#Unknown!","39,502.00","333.33","2.15","307.07","#Unknown!"
"12/8/2016","7/9/2013","#Unknown!","1690.07","444.44","#Unknown!","0:00:00","0:00:00","0.00","0.00","#Unknown!","40,243.00","444.44","1.90","308.08","#Unknown!"
"12/9/2016","5/7/2013","#Unknown!","1907.21","111.11","#Unknown!","0:00:00","0:00:00","0.00","0.00","#Unknown!","9,026.00","111.11","1.27","309.09","#Unknown!"
"12/10/2016","1/6/2013","#Unknown!","2126.35","222.22","#Unknown!","0:00:00","0:00:00","0.00","0.00","#Unknown!","1,233.00","222.22","0.06","310.10","#Unknown!"
"12/11/2016","6/18/2013","#Unknown!","2347.50","555.55","#Unknown!","0:00:00","0:00:00","0.00","0.00","#Unknown!","4,897.00","555.55","1.69","311.10","#Unknown!"
"12/1/2016","9/16/2013","#Unknown!","226.13","333.33","#Unknown!","0:00:00","0:00:00","0.00","0.00","#Unknown!","617,594.00","333.33","2.59","301.01","#Unknown!"
"12/2/2016","11/2/2013","#Unknown!","429.25","444.44","#Unknown!","0:00:00","0:00:00","0.00","0.00","#Unknown!","19,754.00","444.44","3.06","302.02","#Unknown!"
"12/3/2016","6/14/2013","#Unknown!","634.38","111.11","#Unknown!","0:00:00","0:00:00","0.00","0.00","#Unknown!","4,996.00","111.11","1.65","303.03","#Unknown!"
"12/4/2016","8/4/2013","#Unknown!","841.52","222.22","#Unknown!","0:00:00","0:00:00","0.00","0.00","#Unknown!","7,965.00","222.22","2.16","304.04","#Unknown!"
"12/5/2016","5/8/2013","#Unknown!","1050.65","555.55","#Unknown!","0:00:00","0:00:00","0.00","0.00","#Unknown!","4,355.00","555.55","1.28","305.05","#Unknown!"
"12/6/2016","9/28/2013","#Unknown!","1261.79","333.33","#Unknown!","0:00:00","0:00:00","0.00","0.00","#Unknown!","35,744.00","333.33","2.71","306.06","#Unknown!"
"12/7/2016","11/14/2013","#Unknown!","1474.92","444.44","#Unknown!","0:00:00","0:00:00","0.00","0.00","#Unknown!","9,820.00","444.44","3.18","307.07","#Unknown!"
"12/8/2016","10/3/2013","#Unknown!","1690.07","111.11","#Unknown!","0:00:00","0:00:00","0.00","0.00","#Unknown!","26,563.00","111.11","2.76","308.08","#Unknown!"
"12/9/2016","1/7/2013","#Unknown!","1907.21","222.22","#Unknown!","0:00:00","0:00:00","0.00","0.00","#Unknown!","3,609.00","222.22","0.07","309.09","#Unknown!"
"12/10/2016","10/1/2013","#Unknown!","2126.35","555.55","#Unknown!","0:00:00","0:00:00","0.00","0.00","#Unknown!","93,810.00","555.55","2.74","310.10","#Unknown!"
"12/11/2016","5/9/2013","#Unknown!","2347.50","333.33","#Unknown!","0:00:00","0:00:00","0.00","0.00","#Unknown!","3,390.00","333.33","1.29","311.10","#Unknown!"
"12/1/2016","10/24/2013","#Unknown!","226.13","444.44","#Unknown!","0:00:00","0:00:00","0.00","0.00","#Unknown!","58,732.00","444.44","2.97","301.01","#Unknown!"
"12/2/2016","3/28/2013","#Unknown!","429.25","111.11","#Unknown!","0:00:00","0:00:00","0.00","0.00","#Unknown!","1,902.00","111.11","0.87","302.02","#Unknown!"
"12/3/2016","7/7/2013","#Unknown!","634.38","222.22","#Unknown!","0:00:00","0:00:00","0.00","0.00","#Unknown!","24,498.00","222.22","1.88","303.03","#Unknown!"
"12/4/2016","9/17/2013","#Unknown!","841.52","555.55","#Unknown!","0:00:00","0:00:00","0.00","0.00","#Unknown!","105,162.00","555.55","2.60","304.04","#Unknown!"
"12/5/2016","8/25/2013","#Unknown!","1050.65","333.33","#Unknown!","0:00:00","0:00:00","0.00","0.00","#Unknown!","21,561.00","333.33","2.37","305.05","#Unknown!"
"12/6/2016","6/19/2013","#Unknown!","1261.79","444.44","#Unknown!","0:00:00","0:00:00","0.00","0.00","#Unknown!","4,852.00","444.44","1.70","306.06","#Unknown!"
"12/7/2016","10/4/2013","#Unknown!","1474.92","111.11","#Unknown!","0:00:00","0:00:00","0.00","0.00","#Unknown!","11,509.00","111.11","2.77","307.07","#Unknown!"
"12/8/2016","3/29/2013","#Unknown!","1690.07","222.22","#Unknown!","0:00:00","0:00:00","0.00","0.00","#Unknown!","1,266.00","222.22","0.88","308.08","#Unknown!"
"12/9/2016","5/10/2013","#Unknown!","1907.21","555.55","#Unknown!","0:00:00","0:00:00","0.00","0.00","#Unknown!","12,981.00","555.55","1.30","309.09","#Unknown!"
"12/10/2016","11/15/2013","#Unknown!","2126.35","333.33","#Unknown!","0:00:00","0:00:00","0.00","0.00","#Unknown!","6,125.00","333.33","3.19","310.10","#Unknown!"
"12/11/2016","7/10/2013","#Unknown!","2347.50","444.44","#Unknown!","0:00:00","0:00:00","0.00","0.00","#Unknown!","33,802.00","444.44","1.91","311.10","#Unknown!"
"12/1/2016","9/21/2013","#Unknown!","226.13","111.11","#Unknown!","0:00:00","0:00:00","0.00","0.00","#Unknown!","35,177.00","111.11","2.64","301.01","#Unknown!"
"12/2/2016","2/21/2013","#Unknown!","429.25","222.22","#Unknown!","0:00:00","0:00:00","0.00","0.00","#Unknown!","3,235.00","222.22","0.52","302.02","#Unknown!"
"12/3/2016","1/8/2013","#Unknown!","634.38","555.55","#Unknown!","0:00:00","0:00:00","0.00","0.00","#Unknown!","1,337.00","555.55","0.08","303.03","#Unknown!"
"12/4/2016","1/9/2013","#Unknown!","841.52","333.33","#Unknown!","0:00:00","0:00:00","0.00","0.00","#Unknown!","1,222.00","333.33","0.09","304.04","#Unknown!"
"12/5/2016","1/10/2013","#Unknown!","1050.65","444.44","#Unknown!","0:00:00","0:00:00","0.00","0.00","#Unknown!","55,298.00","444.44","0.10","305.05","#Unknown!"
"12/6/2016","11/3/2013","#Unknown!","1261.79","111.11","#Unknown!","0:00:00","0:00:00","0.00","0.00","#Unknown!","866.00","111.11","3.07","306.06","#Unknown!"
"12/7/2016","3/8/2013","#Unknown!","1474.92","222.22","#Unknown!","0:00:00","0:00:00","0.00","0.00","#Unknown!","1,702.00","222.22","0.67","307.07","#Unknown!"
"12/8/2016","5/11/2013","#Unknown!","1690.07","555.55","#Unknown!","0:00:00","0:00:00","0.00","0.00","#Unknown!","13,606.00","555.55","1.31","308.08","#Unknown!"
"12/9/2016","8/26/2013","#Unknown!","1907.21","333.33","#Unknown!","0:00:00","0:00:00","0.00","0.00","#Unknown!","7,542.00","333.33","2.38","309.09","#Unknown!"
"12/10/2016","3/31/2013","#Unknown!","2126.35","444.44","#Unknown!","0:00:00","0:00:00","0.00","0.00","#Unknown!","1,671.00","444.44","0.90","310.10","#Unknown!"
"12/11/2016","6/20/2013","#Unknown!","2347.50","111.11","#Unknown!","0:00:00","0:00:00","0.00","0.00","#Unknown!","17,668.00","111.11","1.71","311.10","#Unknown!"
"12/1/2016","4/1/2013","#Unknown!","226.13","222.22","#Unknown!","0:00:00","0:00:00","0.00","0.00","#Unknown!","1,897.00","222.22","0.91","301.01","#Unknown!"
"12/2/2016","1/11/2013","#Unknown!","429.25","555.55","#Unknown!","0:00:00","0:00:00","0.00","0.00","#Unknown!","872.00","555.55","0.11","302.02","#Unknown!"
"12/3/2016","2/22/2013","#Unknown!","634.38","333.33","#Unknown!","0:00:00","0:00:00","0.00","0.00","#Unknown!","6,756.00","333.33","0.53","303.03","#Unknown!"
"12/4/2016","8/5/2013","#Unknown!","841.52","444.44","#Unknown!","0:00:00","0:00:00","0.00","0.00","#Unknown!","26,493.00","444.44","2.17","304.04","#Unknown!"
"12/5/2016","11/28/2013","#Unknown!","1050.65","111.11","#Unknown!","0:00:00","0:00:00","0.00","0.00","#Unknown!","34,032.00","111.11","3.32","305.05","#Unknown!"
"12/6/2016","8/27/2013","#Unknown!","1261.79","222.22","#Unknown!","0:00:00","0:00:00","0.00","0.00","#Unknown!","24,729.00","222.22","2.39","306.06","#Unknown!"
"12/7/2016","4/2/2013","#Unknown!","1474.92","555.55","#Unknown!","0:00:00","0:00:00","0.00","0.00","#Unknown!","5,125.00","555.55","0.92","307.07","#Unknown!"
"12/8/2016","11/16/2013","#Unknown!","1690.07","333.33","#Unknown!","0:00:00","0:00:00","0.00","0.00","#Unknown!","14,207.00","333.33","3.20","308.08","#Unknown!"
"12/9/2016","11/29/2013","#Unknown!","1907.21","444.44","#Unknown!","0:00:00","0:00:00","0.00","0.00","#Unknown!","7,086.00","444.44","3.33","309.09","#Unknown!"
"12/10/2016","5/13/2013","#Unknown!","2126.35","111.11","#Unknown!","0:00:00","0:00:00","0.00","0.00","#Unknown!","8,471.00","111.11","1.33","310.10","#Unknown!"
"12/11/2016","8/28/2013","#Unknown!","2347.50","222.22","#Unknown!","0:00:00","0:00:00","0.00","0.00","#Unknown!","5,589.00","222.22","2.40","311.10","#Unknown!"
"12/1/2016","7/11/2013","#Unknown!","226.13","555.55","#Unknown!","0:00:00","0:00:00","0.00","0.00","#Unknown!","29,457.00","555.55","1.92","301.01","#Unknown!"
"12/2/2016","6/5/2013","#Unknown!","429.25","333.33","#Unknown!","0:00:00","0:00:00","0.00","0.00","#Unknown!","11,390.00","333.33","1.56","302.02","#Unknown!"
"12/3/2016","7/12/2013","#Unknown!","634.38","444.44","#Unknown!","0:00:00","0:00:00","0.00","0.00","#Unknown!","3,179.00","444.44","1.93","303.03","#Unknown!"
"12/4/2016","10/5/2013","#Unknown!","841.52","111.11","#Unknown!","0:00:00","0:00:00","0.00","0.00","#Unknown!","15,059.00","111.11","2.78","304.04","#Unknown!"
"12/5/2016","10/6/2013","#Unknown!","1050.65","222.22","#Unknown!","0:00:00","0:00:00","0.00","0.00","#Unknown!","13,794.00","222.22","2.79","305.05","#Unknown!"
"12/6/2016","5/12/2013","#Unknown!","1261.79","555.55","#Unknown!","0:00:00","0:00:00","0.00","0.00","#Unknown!","2,183.00","555.55","1.32","306.06","#Unknown!"
"12/7/2016","1/14/2013","#Unknown!","1474.92","333.33","#Unknown!","0:00:00","0:00:00","0.00","0.00","#Unknown!","15,720.00","333.33","0.14","307.07","#Unknown!"
"12/8/2016","11/17/2013","#Unknown!","1690.07","444.44","#Unknown!","0:00:00","0:00:00","0.00","0.00","#Unknown!","4,956.00","444.44","3.21","308.08","#Unknown!"
"12/9/2016","1/12/2013","#Unknown!","1907.21","111.11","#Unknown!","0:00:00","0:00:00","0.00","0.00","#Unknown!","16,053.00","111.11","0.12","309.09","#Unknown!"
"12/10/2016","10/7/2013","#Unknown!","2126.35","222.22","#Unknown!","0:00:00","0:00:00","0.00","0.00","#Unknown!","23,112.00","222.22","2.80","310.10","#Unknown!"
"12/11/2016","11/5/2013","#Unknown!","2347.50","555.55","#Unknown!","0:00:00","0:00:00","0.00","0.00","#Unknown!","4,067.00","555.55","3.09","311.10","#Unknown!"
"12/1/2016","3/16/2013","#Unknown!","226.13","333.33","#Unknown!","0:00:00","0:00:00","0.00","0.00","#Unknown!","1,225.00","333.33","0.75","301.01","#Unknown!"
"12/2/2016","4/3/2013","#Unknown!","429.25","444.44","#Unknown!","0:00:00","0:00:00","0.00","0.00","#Unknown!","1,800.00","444.44","0.93","302.02","#Unknown!"
"12/3/2016","8/6/2013","#Unknown!","634.38","111.11","#Unknown!","0:00:00","0:00:00","0.00","0.00","#Unknown!","3,504.00","111.11","2.18","303.03","#Unknown!"
"12/4/2016","9/20/2013","#Unknown!","841.52","222.22","#Unknown!","0:00:00","0:00:00","0.00","0.00","#Unknown!","41,667.00","222.22","2.63","304.04","#Unknown!"
"12/5/2016","11/30/2013","#Unknown!","1050.65","555.55","#Unknown!","0:00:00","0:00:00","0.00","0.00","#Unknown!","15,873.00","555.55","3.34","305.05","#Unknown!"
"12/6/2016","12/1/2013","#Unknown!","1261.79","333.33","#Unknown!","0:00:00","0:00:00","0.00","0.00","#Unknown!","88,857.00","333.33","3.35","306.06","#Unknown!"
"12/7/2016","11/6/2013","#Unknown!","1474.92","444.44","#Unknown!","0:00:00","0:00:00","0.00","0.00","#Unknown!","31,531.00","444.44","3.10","307.07","#Unknown!"
"12/8/2016","4/18/2013","#Unknown!","1690.07","111.11","#Unknown!","0:00:00","0:00:00","0.00","0.00","#Unknown!","40,318.00","111.11","1.08","308.08","#Unknown!"
"12/9/2016","3/9/2013","#Unknown!","1907.21","222.22","#Unknown!","0:00:00","0:00:00","0.00","0.00","#Unknown!","752.00","222.22","0.68","309.09","#Unknown!"
"12/10/2016","8/29/2013","#Unknown!","2126.35","555.55","#Unknown!","0:00:00","0:00:00","0.00","0.00","#Unknown!","16,865.00","555.55","2.41","310.10","#Unknown!"
"12/11/2016","6/13/2013","#Unknown!","2347.50","333.33","#Unknown!","0:00:00","0:00:00","0.00","0.00","#Unknown!","68,318.00","333.33","1.64","311.10","#Unknown!"
"12/1/2016","8/30/2013","#Unknown!","226.13","444.44","#Unknown!","0:00:00","0:00:00","0.00","0.00","#Unknown!","31,635.00","444.44","2.42","301.01","#Unknown!"
"12/2/2016","11/25/2013","#Unknown!","429.25","111.11","#Unknown!","0:00:00","0:00:00","0.00","0.00","#Unknown!","8,870.00","111.11","3.29","302.02","#Unknown!"
"12/3/2016","4/22/2013","#Unknown!","634.38","222.22","#Unknown!","0:00:00","0:00:00","0.00","0.00","#Unknown!","20,228.00","222.22","1.12","303.03","#Unknown!"
"12/4/2016","7/14/2013","#Unknown!","841.52","555.55","#Unknown!","0:00:00","0:00:00","0.00","0.00","#Unknown!","8,183.00","555.55","1.95","304.04","#Unknown!"
"12/5/2016","4/7/2013","#Unknown!","1050.65","333.33","#Unknown!","0:00:00","0:00:00","0.00","0.00","#Unknown!","1,500.00","333.33","0.97","305.05","#Unknown!"
"12/6/2016","8/7/2013","#Unknown!","1261.79","444.44","#Unknown!","0:00:00","0:00:00","0.00","0.00","#Unknown!","28,789.00","444.44","2.19","306.06","#Unknown!"
"12/7/2016","1/15/2013","#Unknown!","1474.92","111.11","#Unknown!","0:00:00","0:00:00","0.00","0.00","#Unknown!","1,054.00","111.11","0.15","307.07","#Unknown!"
"12/8/2016","11/27/2013","#Unknown!","1690.07","222.22","#Unknown!","0:00:00","0:00:00","0.00","0.00","#Unknown!","75.00","222.22","3.31","308.08","#Unknown!"
"12/9/2016","5/14/2013","#Unknown!","1907.21","555.55","#Unknown!","0:00:00","0:00:00","0.00","0.00","#Unknown!","17,765.00","555.55","1.34","309.09","#Unknown!"
"12/10/2016","1/16/2013","#Unknown!","2126.35","333.33","#Unknown!","0:00:00","0:00:00","0.00","0.00","#Unknown!","6,240.00","333.33","0.16","310.10","#Unknown!"
"12/11/2016","1/17/2013","#Unknown!","2347.50","444.44","#Unknown!","0:00:00","0:00:00","0.00","0.00","#Unknown!","1,566.00","444.44","0.17","311.10","#Unknown!"
"12/1/2016","2/23/2013","#Unknown!","226.13","111.11","#Unknown!","0:00:00","0:00:00","0.00","0.00","#Unknown!","7,104.00","111.11","0.54","301.01","#Unknown!"
"12/2/2016","3/22/2013","#Unknown!","429.25","222.22","#Unknown!","0:00:00","0:00:00","0.00","0.00","#Unknown!","17,456.00","222.22","0.81","302.02","#Unknown!"
"12/3/2016","4/24/2013","#Unknown!","634.38","555.55","#Unknown!","0:00:00","0:00:00","0.00","0.00","#Unknown!","10,646.00","555.55","1.14","303.03","#Unknown!"
"12/4/2016","7/15/2013","#Unknown!","841.52","333.33","#Unknown!","0:00:00","0:00:00","0.00","0.00","#Unknown!","6,459.00","333.33","1.96","304.04","#Unknown!"
"12/5/2016","1/18/2013","#Unknown!","1050.65","444.44","#Unknown!","0:00:00","0:00:00","0.00","0.00","#Unknown!","5,250.00","444.44","0.18","305.05","#Unknown!"
"12/6/2016","10/8/2013","#Unknown!","1261.79","111.11","#Unknown!","0:00:00","0:00:00","0.00","0.00","#Unknown!","7,518.00","111.11","2.81","306.06","#Unknown!"
"12/7/2016","8/8/2013","#Unknown!","1474.92","222.22","#Unknown!","0:00:00","0:00:00","0.00","0.00","#Unknown!","7,764.00","222.22","2.20","307.07","#Unknown!"
"12/8/2016","1/19/2013","#Unknown!","1690.07","555.55","#Unknown!","0:00:00","0:00:00","0.00","0.00","#Unknown!","5,139.00","555.55","0.19","308.08","#Unknown!"
"12/9/2016","2/27/2013","#Unknown!","1907.21","333.33","#Unknown!","0:00:00","0:00:00","0.00","0.00","#Unknown!","717.00","333.33","0.58","309.09","#Unknown!"
"12/10/2016","10/9/2013","#Unknown!","2126.35","444.44","#Unknown!","0:00:00","0:00:00","0.00","0.00","#Unknown!","13,879.00","444.44","2.82","310.10","#Unknown!"
"12/11/2016","10/10/2013","#Unknown!","2347.50","111.11","#Unknown!","0:00:00","0:00:00","0.00","0.00","#Unknown!","10,209.00","111.11","2.83","311.10","#Unknown!"
"12/1/2016","1/20/2013","#Unknown!","226.13","222.22","#Unknown!","0:00:00","0:00:00","0.00","0.00","#Unknown!","2,990.00","222.22","0.20","301.01","#Unknown!"
"12/2/2016","4/25/2013","#Unknown!","429.25","555.55","#Unknown!","0:00:00","0:00:00","0.00","0.00","#Unknown!","6,520.00","555.55","1.15","302.02","#Unknown!"
"12/3/2016","11/18/2013","#Unknown!","634.38","333.33","#Unknown!","0:00:00","0:00:00","0.00","0.00","#Unknown!","12,243.00","333.33","3.22","303.03","#Unknown!"
"12/4/2016","1/21/2013","#Unknown!","841.52","444.44","#Unknown!","0:00:00","0:00:00","0.00","0.00","#Unknown!","3,279.00","444.44","0.21","304.04","#Unknown!"
"12/5/2016","7/13/2013","#Unknown!","1050.65","111.11","#Unknown!","0:00:00","0:00:00","0.00","0.00","#Unknown!","60,879.00","111.11","1.94","305.05","#Unknown!"
"12/6/2016","3/30/2013","#Unknown!","1261.79","222.22","#Unknown!","0:00:00","0:00:00","0.00","0.00","#Unknown!","337.00","222.22","0.89","306.06","#Unknown!"
"12/7/2016","4/4/2013","#Unknown!","1474.92","555.55","#Unknown!","0:00:00","0:00:00","0.00","0.00","#Unknown!","706.00","555.55","0.94","307.07","#Unknown!"
"12/8/2016","8/31/2013","#Unknown!","1690.07","333.33","#Unknown!","0:00:00","0:00:00","0.00","0.00","#Unknown!","22,157.00","333.33","2.43","308.08","#Unknown!"
"12/9/2016","2/25/2013","#Unknown!","1907.21","444.44","#Unknown!","0:00:00","0:00:00","0.00","0.00","#Unknown!","2,032.00","444.44","0.56","309.09","#Unknown!"
"12/10/2016","10/11/2013","#Unknown!","2126.35","111.11","#Unknown!","0:00:00","0:00:00","0.00","0.00","#Unknown!","10,791.00","111.11","2.84","310.10","#Unknown!"
"12/11/2016","5/15/2013","#Unknown!","2347.50","222.22","#Unknown!","0:00:00","0:00:00","0.00","0.00","#Unknown!","17,346.00","222.22","1.35","311.10","#Unknown!"
"12/1/2016","5/16/2013","#Unknown!","226.13","555.55","#Unknown!","0:00:00","0:00:00","0.00","0.00","#Unknown!","2,481.00","555.55","1.36","301.01","#Unknown!"
"12/2/2016","6/21/2013","#Unknown!","429.25","333.33","#Unknown!","0:00:00","0:00:00","0.00","0.00","#Unknown!","13,547.00","333.33","1.72","302.02","#Unknown!"
"12/3/2016","1/22/2013","#Unknown!","634.38","444.44","#Unknown!","0:00:00","0:00:00","0.00","0.00","#Unknown!","39,880.00","444.44","0.22","303.03","#Unknown!"
"12/4/2016","6/22/2013","#Unknown!","841.52","111.11","#Unknown!","0:00:00","0:00:00","0.00","0.00","#Unknown!","5,911.00","111.11","1.73","304.04","#Unknown!"
"12/5/2016","6/23/2013","#Unknown!","1050.65","222.22","#Unknown!","0:00:00","0:00:00","0.00","0.00","#Unknown!","14,925.00","222.22","1.74","305.05","#Unknown!"
"12/6/2016","4/26/2013","#Unknown!","1261.79","555.55","#Unknown!","0:00:00","0:00:00","0.00","0.00","#Unknown!","4,382.00","555.55","1.16","306.06","#Unknown!"
"12/7/2016","6/24/2013","#Unknown!","1474.92","333.33","#Unknown!","0:00:00","0:00:00","0.00","0.00","#Unknown!","19,063.00","333.33","1.75","307.07","#Unknown!"
"12/8/2016","9/1/2013","#Unknown!","1690.07","444.44","#Unknown!","0:00:00","0:00:00","0.00","0.00","#Unknown!","10,293.00","444.44","2.44","308.08","#Unknown!"
"12/9/2016","1/23/2013","#Unknown!","1907.21","111.11","#Unknown!","0:00:00","0:00:00","0.00","0.00","#Unknown!","2,180.00","111.11","0.23","309.09","#Unknown!"
"12/10/2016","8/9/2013","#Unknown!","2126.35","222.22","#Unknown!","0:00:00","0:00:00","0.00","0.00","#Unknown!","13,175.00","222.22","2.21","310.10","#Unknown!"
"12/11/2016","10/17/2013","#Unknown!","2347.50","555.55","#Unknown!","0:00:00","0:00:00","0.00","0.00","#Unknown!","12,629.00","555.55","2.90","311.10","#Unknown!"
"12/1/2016","10/13/2013","#Unknown!","226.13","333.33","#Unknown!","0:00:00","0:00:00","0.00","0.00","#Unknown!","10,602.00","333.33","2.86","301.01","#Unknown!"
"12/2/2016","5/17/2013","#Unknown!","429.25","444.44","#Unknown!","0:00:00","0:00:00","0.00","0.00","#Unknown!","8,055.00","444.44","1.37","302.02","#Unknown!"
"12/3/2016","2/28/2013","#Unknown!","634.38","111.11","#Unknown!","0:00:00","0:00:00","0.00","0.00","#Unknown!","3,091.00","111.11","0.59","303.03","#Unknown!"
"12/4/2016","7/16/2013","#Unknown!","841.52","222.22","#Unknown!","0:00:00","0:00:00","0.00","0.00","#Unknown!","76,377.00","222.22","1.97","304.04","#Unknown!"
"12/5/2016","3/2/2013","#Unknown!","1050.65","555.55","#Unknown!","0:00:00","0:00:00","0.00","0.00","#Unknown!","5,943.00","555.55","0.61","305.05","#Unknown!"
"12/6/2016","5/18/2013","#Unknown!","1261.79","333.33","#Unknown!","0:00:00","0:00:00","0.00","0.00","#Unknown!","10,970.00","333.33","1.38","306.06","#Unknown!"
"12/7/2016","3/3/2013","#Unknown!","1474.92","444.44","#Unknown!","0:00:00","0:00:00","0.00","0.00","#Unknown!","5,025.00","444.44","0.62","307.07","#Unknown!"
"12/8/2016","4/27/2013","#Unknown!","1690.07","111.11","#Unknown!","0:00:00","0:00:00","0.00","0.00","#Unknown!","40,759.00","111.11","1.17","308.08","#Unknown!"
"12/9/2016","1/24/2013","#Unknown!","1907.21","222.22","#Unknown!","0:00:00","0:00:00","0.00","0.00","#Unknown!","1,851.00","222.22","0.24","309.09","#Unknown!"
"12/10/2016","10/23/2013","#Unknown!","2126.35","555.55","#Unknown!","0:00:00","0:00:00","0.00","0.00","#Unknown!","31,394.00","555.55","2.96","310.10","#Unknown!"
"12/11/2016","3/27/2013","#Unknown!","2347.50","333.33","#Unknown!","0:00:00","0:00:00","0.00","0.00","#Unknown!","711.00","333.33","0.86","311.10","#Unknown!"
"12/1/2016","7/2/2013","#Unknown!","226.13","444.44","#Unknown!","0:00:00","0:00:00","0.00","0.00","#Unknown!","6,362.00","444.44","1.83","301.01","#Unknown!"
"12/2/2016","4/28/2013","#Unknown!","429.25","111.11","#Unknown!","0:00:00","0:00:00","0.00","0.00","#Unknown!","8,924.00","111.11","1.18","302.02","#Unknown!"
"12/3/2016","2/16/2013","#Unknown!","634.38","222.22","#Unknown!","0:00:00","0:00:00","0.00","0.00","#Unknown!","15,784.00","222.22","0.47","303.03","#Unknown!"
"12/4/2016","7/19/2013","#Unknown!","841.52","555.55","#Unknown!","0:00:00","0:00:00","0.00","0.00","#Unknown!","106,519.00","555.55","2.00","304.04","#Unknown!"
"12/5/2016","1/25/2013","#Unknown!","1050.65","333.33","#Unknown!","0:00:00","0:00:00","0.00","0.00","#Unknown!","21,103.00","333.33","0.25","305.05","#Unknown!"
"12/6/2016","4/29/2013","#Unknown!","1261.79","444.44","#Unknown!","0:00:00","0:00:00","0.00","0.00","#Unknown!","10,086.00","444.44","1.19","306.06","#Unknown!"
"12/7/2016","7/29/2013","#Unknown!","1474.92","111.11","#Unknown!","0:00:00","0:00:00","0.00","0.00","#Unknown!","90,329.00","111.11","2.10","307.07","#Unknown!"
"12/8/2016","8/10/2013","#Unknown!","1690.07","222.22","#Unknown!","0:00:00","0:00:00","0.00","0.00","#Unknown!","11,596.00","222.22","2.22","308.08","#Unknown!"
"12/9/2016","9/19/2013","#Unknown!","1907.21","555.55","#Unknown!","0:00:00","0:00:00","0.00","0.00","#Unknown!","59,450.00","555.55","2.62","309.09","#Unknown!"
"12/10/2016","8/11/2013","#Unknown!","2126.35","333.33","#Unknown!","0:00:00","0:00:00","0.00","0.00","#Unknown!","5,136.00","333.33","2.23","310.10","#Unknown!"
"12/11/2016","9/2/2013","#Unknown!","2347.50","444.44","#Unknown!","0:00:00","0:00:00","0.00","0.00","#Unknown!","23,184.00","444.44","2.45","311.10","#Unknown!"
"12/1/2016","8/12/2013","#Unknown!","226.13","111.11","#Unknown!","0:00:00","0:00:00","0.00","0.00","#Unknown!","19,808.00","111.11","2.24","301.01","#Unknown!"
"12/2/2016","12/3/2013","#Unknown!","429.25","222.22","#Unknown!","0:00:00","0:00:00","0.00","0.00","#Unknown!","4,907.00","222.22","3.37","302.02","#Unknown!"
"12/3/2016","6/25/2013","#Unknown!","634.38","555.55","#Unknown!","0:00:00","0:00:00","0.00","0.00","#Unknown!","38,499.00","555.55","1.76","303.03","#Unknown!"
"12/4/2016","9/3/2013","#Unknown!","841.52","333.33","#Unknown!","0:00:00","0:00:00","0.00","0.00","#Unknown!","25,132.00","333.33","2.46","304.04","#Unknown!"
"12/5/2016","11/19/2013","#Unknown!","1050.65","444.44","#Unknown!","0:00:00","0:00:00","0.00","0.00","#Unknown!","14,006.00","444.44","3.23","305.05","#Unknown!"
"12/6/2016","12/4/2013","#Unknown!","1261.79","111.11","#Unknown!","0:00:00","0:00:00","0.00","0.00","#Unknown!","6,045.00","111.11","3.38","306.06","#Unknown!"
"12/7/2016","6/26/2013","#Unknown!","1474.92","222.22","#Unknown!","0:00:00","0:00:00","0.00","0.00","#Unknown!","10,106.00","222.22","1.77","307.07","#Unknown!"
"12/8/2016","9/4/2013","#Unknown!","1690.07","555.55","#Unknown!","0:00:00","0:00:00","0.00","0.00","#Unknown!","12,024.00","555.55","2.47","308.08","#Unknown!"
"12/9/2016","9/24/2013","#Unknown!","1907.21","333.33","#Unknown!","0:00:00","0:00:00","0.00","0.00","#Unknown!","56,173.00","333.33","2.67","309.09","#Unknown!"
"12/10/2016","9/5/2013","#Unknown!","2126.35","444.44","#Unknown!","0:00:00","0:00:00","0.00","0.00","#Unknown!","12,752.00","444.44","2.48","310.10","#Unknown!"
"12/11/2016","9/26/2013","#Unknown!","2347.50","111.11","#Unknown!","0:00:00","0:00:00","0.00","0.00","#Unknown!","26,983.00","111.11","2.69","311.10","#Unknown!"
"12/1/2016","6/27/2013","#Unknown!","226.13","222.22","#Unknown!","0:00:00","0:00:00","0.00","0.00","#Unknown!","5,839.00","222.22","1.78","301.01","#Unknown!"
"12/2/2016","7/20/2013","#Unknown!","429.25","555.55","#Unknown!","0:00:00","0:00:00","0.00","0.00","#Unknown!","6,338.00","555.55","2.01","302.02","#Unknown!"
"12/3/2016","7/17/2013","#Unknown!","634.38","333.33","#Unknown!","0:00:00","0:00:00","0.00","0.00","#Unknown!","47,255.00","333.33","1.98","303.03","#Unknown!"
"12/4/2016","10/12/2013","#Unknown!","841.52","444.44","#Unknown!","0:00:00","0:00:00","0.00","0.00","#Unknown!","23,116.00","444.44","2.85","304.04","#Unknown!"
"12/5/2016","3/4/2013","#Unknown!","1050.65","111.11","#Unknown!","0:00:00","0:00:00","0.00","0.00","#Unknown!","521.00","111.11","0.63","305.05","#Unknown!"
"12/6/2016","8/13/2013","#Unknown!","1261.79","222.22","#Unknown!","0:00:00","0:00:00","0.00","0.00","#Unknown!","8,987.00","222.22","2.25","306.06","#Unknown!"
"12/7/2016","6/28/2013","#Unknown!","1474.92","555.55","#Unknown!","0:00:00","0:00:00","0.00","0.00","#Unknown!","27,999.00","555.55","1.79","307.07","#Unknown!"
"12/8/2016","5/19/2013","#Unknown!","1690.07","333.33","#Unknown!","0:00:00","0:00:00","0.00","0.00","#Unknown!","13,261.00","333.33","1.39","308.08","#Unknown!"
"12/9/2016","9/6/2013","#Unknown!","1907.21","444.44","#Unknown!","0:00:00","0:00:00","0.00","0.00","#Unknown!","7,891.00","444.44","2.49","309.09","#Unknown!"
"12/10/2016","5/20/2013","#Unknown!","2126.35","111.11","#Unknown!","0:00:00","0:00:00","0.00","0.00","#Unknown!","3,190.00","111.11","1.40","310.10","#Unknown!"
"12/11/2016","9/29/2013","#Unknown!","2347.50","222.22","#Unknown!","0:00:00","0:00:00","0.00","0.00","#Unknown!","27,003.00","222.22","2.72","311.10","#Unknown!"
"12/1/2016","4/5/2013","#Unknown!","226.13","555.55","#Unknown!","0:00:00","0:00:00","0.00","0.00","#Unknown!","121.00","555.55","0.95","301.01","#Unknown!"
"12/2/2016","1/26/2013","#Unknown!","429.25","333.33","#Unknown!","0:00:00","0:00:00","0.00","0.00","#Unknown!","8,560.00","333.33","0.26","302.02","#Unknown!"
"12/3/2016","4/6/2013","#Unknown!","634.38","444.44","#Unknown!","0:00:00","0:00:00","0.00","0.00","#Unknown!","8,437.00","444.44","0.96","303.03","#Unknown!"
"12/4/2016","3/6/2013","#Unknown!","841.52","111.11","#Unknown!","0:00:00","0:00:00","0.00","0.00","#Unknown!","961.00","111.11","0.65","304.04","#Unknown!"
"12/5/2016","2/9/2013","#Unknown!","1050.65","222.22","#Unknown!","0:00:00","0:00:00","0.00","0.00","#Unknown!","838.00","222.22","0.40","305.05","#Unknown!"
"12/6/2016","3/15/2013","#Unknown!","1261.79","555.55","#Unknown!","0:00:00","0:00:00","0.00","0.00","#Unknown!","167.00","555.55","0.74","306.06","#Unknown!"
"12/7/2016","8/1/2013","#Unknown!","1474.92","333.33","#Unknown!","0:00:00","0:00:00","0.00","0.00","#Unknown!","3,410.00","333.33","2.13","307.07","#Unknown!"
"12/8/2016","11/7/2013","#Unknown!","1690.07","444.44","#Unknown!","0:00:00","0:00:00","0.00","0.00","#Unknown!","10,172.00","444.44","3.11","308.08","#Unknown!"
"12/9/2016","6/29/2013","#Unknown!","1907.21","111.11","#Unknown!","0:00:00","0:00:00","0.00","0.00","#Unknown!","33,006.00","111.11","1.80","309.09","#Unknown!"
"12/10/2016","10/31/2013","#Unknown!","2126.35","222.22","#Unknown!","0:00:00","0:00:00","0.00","0.00","#Unknown!","28,886.00","222.22","3.04","310.10","#Unknown!"
"12/11/2016","3/1/2013","#Unknown!","2347.50","555.55","#Unknown!","0:00:00","0:00:00","0.00","0.00","#Unknown!","228.00","555.55","0.60","311.10","#Unknown!"
"12/1/2016","12/5/2013","#Unknown!","226.13","333.33","#Unknown!","0:00:00","0:00:00","0.00","0.00","#Unknown!","95,072.00","333.33","3.39","301.01","#Unknown!"
"12/2/2016","5/21/2013","#Unknown!","429.25","444.44","#Unknown!","0:00:00","0:00:00","0.00","0.00","#Unknown!","999.00","444.44","1.41","302.02","#Unknown!"
"12/3/2016","3/5/2013","#Unknown!","634.38","111.11","#Unknown!","0:00:00","0:00:00","0.00","0.00","#Unknown!","1,509.00","111.11","0.64","303.03","#Unknown!"
"12/4/2016","4/8/2013","#Unknown!","841.52","222.22","#Unknown!","0:00:00","0:00:00","0.00","0.00","#Unknown!","990.00","222.22","0.98","304.04","#Unknown!"
"12/5/2016","8/15/2013","#Unknown!","1050.65","555.55","#Unknown!","0:00:00","0:00:00","0.00","0.00","#Unknown!","6,666.00","555.55","2.27","305.05","#Unknown!"
"12/6/2016","8/14/2013","#Unknown!","1261.79","333.33","#Unknown!","0:00:00","0:00:00","0.00","0.00","#Unknown!","17,416.00","333.33","2.26","306.06","#Unknown!"
"12/7/2016","10/26/2013","#Unknown!","1474.92","444.44","#Unknown!","0:00:00","0:00:00","0.00","0.00","#Unknown!","85,146.00","444.44","2.99","307.07","#Unknown!"
"12/8/2016","9/7/2013","#Unknown!","1690.07","111.11","#Unknown!","0:00:00","0:00:00","0.00","0.00","#Unknown!","11,227.00","111.11","2.50","308.08","#Unknown!"
"12/9/2016","3/7/2013","#Unknown!","1907.21","222.22","#Unknown!","0:00:00","0:00:00","0.00","0.00","#Unknown!","13,708.00","222.22","0.66","309.09","#Unknown!"
"12/10/2016","7/18/2013","#Unknown!","2126.35","555.55","#Unknown!","0:00:00","0:00:00","0.00","0.00","#Unknown!","28,352.00","555.55","1.99","310.10","#Unknown!"
"12/11/2016","12/7/2013","#Unknown!","2347.50","333.33","#Unknown!","0:00:00","0:00:00","0.00","0.00","#Unknown!","28,712.00","333.33","3.41","311.10","#Unknown!"
"12/1/2016","5/24/2013","#Unknown!","226.13","444.44","#Unknown!","0:00:00","0:00:00","0.00","0.00","#Unknown!","4,680.00","444.44","1.44","301.01","#Unknown!"
"12/2/2016","7/21/2013","#Unknown!","429.25","111.11","#Unknown!","0:00:00","0:00:00","0.00","0.00","#Unknown!","14,892.00","111.11","2.02","302.02","#Unknown!"
"12/3/2016","1/27/2013","#Unknown!","634.38","222.22","#Unknown!","0:00:00","0:00:00","0.00","0.00","#Unknown!","28,549.00","222.22","0.27","303.03","#Unknown!"
"12/4/2016","5/22/2013","#Unknown!","841.52","555.55","#Unknown!","0:00:00","0:00:00","0.00","0.00","#Unknown!","14,155.00","555.55","1.42","304.04","#Unknown!"
"12/5/2016","5/23/2013","#Unknown!","1050.65","333.33","#Unknown!","0:00:00","0:00:00","0.00","0.00","#Unknown!","15,707.00","333.33","1.43","305.05","#Unknown!"
"12/6/2016","4/9/2013","#Unknown!","1261.79","444.44","#Unknown!","0:00:00","0:00:00","0.00","0.00","#Unknown!","3,032.00","444.44","0.99","306.06","#Unknown!"
"12/7/2016","12/9/2013","#Unknown!","1474.92","111.11","#Unknown!","0:00:00","0:00:00","0.00","0.00","#Unknown!","19,031.00","111.11","3.43","307.07","#Unknown!"
"12/8/2016","9/8/2013","#Unknown!","1690.07","222.22","#Unknown!","0:00:00","0:00:00","0.00","0.00","#Unknown!","10,506.00","222.22","2.51","308.08","#Unknown!"
"12/9/2016","9/9/2013","#Unknown!","1907.21","555.55","#Unknown!","0:00:00","0:00:00","0.00","0.00","#Unknown!","28,602.00","555.55","2.52","309.09","#Unknown!"
"12/10/2016","11/8/2013","#Unknown!","2126.35","333.33","#Unknown!","0:00:00","0:00:00","0.00","0.00","#Unknown!","4,527.00","333.33","3.12","310.10","#Unknown!"
"12/11/2016","1/28/2013","#Unknown!","2347.50","444.44","#Unknown!","0:00:00","0:00:00","0.00","0.00","#Unknown!","1,902.00","444.44","0.28","311.10","#Unknown!"
"12/1/2016","4/10/2013","#Unknown!","226.13","111.11","#Unknown!","0:00:00","0:00:00","0.00","0.00","#Unknown!","7,839.00","111.11","1.00","301.01","#Unknown!"
"12/2/2016","11/20/2013","#Unknown!","429.25","222.22","#Unknown!","0:00:00","0:00:00","0.00","0.00","#Unknown!","5,890.00","222.22","3.24","302.02","#Unknown!"
"12/3/2016","3/10/2013","#Unknown!","634.38","555.55","#Unknown!","0:00:00","0:00:00","0.00","0.00","#Unknown!","1,612.00","555.55","0.69","303.03","#Unknown!"
"12/4/2016","5/25/2013","#Unknown!","841.52","333.33","#Unknown!","0:00:00","0:00:00","0.00","0.00","#Unknown!","13,709.00","333.33","1.45","304.04","#Unknown!"
"12/5/2016","1/29/2013","#Unknown!","1050.65","444.44","#Unknown!","0:00:00","0:00:00","0.00","0.00","#Unknown!","12,140.00","444.44","0.29","305.05","#Unknown!"
"12/6/2016","6/11/2013","#Unknown!","1261.79","111.11","#Unknown!","0:00:00","0:00:00","0.00","0.00","#Unknown!","4,806.00","111.11","1.62","306.06","#Unknown!"
"12/7/2016","8/17/2013","#Unknown!","1474.92","222.22","#Unknown!","0:00:00","0:00:00","0.00","0.00","#Unknown!","51,251.00","222.22","2.29","307.07","#Unknown!"
"12/8/2016","1/2/2013","#Unknown!","1690.07","555.55","#Unknown!","0:00:00","0:00:00","0.00","0.00","#Unknown!","1,321.00","555.55","0.02","308.08","#Unknown!"
"12/9/2016","10/15/2013","#Unknown!","1907.21","333.33","#Unknown!","0:00:00","0:00:00","0.00","0.00","#Unknown!","17,837.00","333.33","2.88","309.09","#Unknown!"
"12/10/2016","4/30/2013","#Unknown!","2126.35","444.44","#Unknown!","0:00:00","0:00:00","0.00","0.00","#Unknown!","11,497.00","444.44","1.20","310.10","#Unknown!"
"12/11/2016","2/26/2013","#Unknown!","2347.50","111.11","#Unknown!","0:00:00","0:00:00","0.00","0.00","#Unknown!","847.00","111.11","0.57","311.10","#Unknown!"
"12/1/2016","4/11/2013","#Unknown!","226.13","222.22","#Unknown!","0:00:00","0:00:00","0.00","0.00","#Unknown!","1,234.00","222.22","1.01","301.01","#Unknown!"
"12/2/2016","3/25/2013","#Unknown!","429.25","555.55","#Unknown!","0:00:00","0:00:00","0.00","0.00","#Unknown!","1,682.00","555.55","0.84","302.02","#Unknown!"
"12/3/2016","2/17/2013","#Unknown!","634.38","333.33","#Unknown!","0:00:00","0:00:00","0.00","0.00","#Unknown!","44,737.00","333.33","0.48","303.03","#Unknown!"
"12/4/2016","1/30/2013","#Unknown!","841.52","444.44","#Unknown!","0:00:00","0:00:00","0.00","0.00","#Unknown!","648.00","444.44","0.30","304.04","#Unknown!"
"12/5/2016","12/8/2013","#Unknown!","1050.65","111.11","#Unknown!","0:00:00","0:00:00","0.00","0.00","#Unknown!","8,264.00","111.11","3.42","305.05","#Unknown!"
"12/6/2016","10/16/2013","#Unknown!","1261.79","222.22","#Unknown!","0:00:00","0:00:00","0.00","0.00","#Unknown!","56,468.00","222.22","2.89","306.06","#Unknown!"
"12/7/2016","10/18/2013","#Unknown!","1474.92","555.55","#Unknown!","0:00:00","0:00:00","0.00","0.00","#Unknown!","2,820.00","555.55","2.91","307.07","#Unknown!"
"12/8/2016","5/26/2013","#Unknown!","1690.07","333.33","#Unknown!","0:00:00","0:00:00","0.00","0.00","#Unknown!","3,413.00","333.33","1.46","308.08","#Unknown!"
"12/9/2016","11/21/2013","#Unknown!","1907.21","444.44","#Unknown!","0:00:00","0:00:00","0.00","0.00","#Unknown!","2,942.00","444.44","3.25","309.09","#Unknown!"
"12/10/2016","9/25/2013","#Unknown!","2126.35","111.11","#Unknown!","0:00:00","0:00:00","0.00","0.00","#Unknown!","92,271.00","111.11","2.68","310.10","#Unknown!"
"12/11/2016","10/19/2013","#Unknown!","2347.50","222.22","#Unknown!","0:00:00","0:00:00","0.00","0.00","#Unknown!","32,112.00","222.22","2.92","311.10","#Unknown!"
"12/1/2016","12/10/2013","#Unknown!","226.13","555.55","#Unknown!","0:00:00","0:00:00","0.00","0.00","#Unknown!","13,383.00","555.55","3.44","301.01","#Unknown!"
"12/2/2016","7/22/2013","#Unknown!","429.25","333.33","#Unknown!","0:00:00","0:00:00","0.00","0.00","#Unknown!","24,747.00","333.33","2.03","302.02","#Unknown!"
"12/3/2016","12/11/2013","#Unknown!","634.38","444.44","#Unknown!","0:00:00","0:00:00","0.00","0.00","#Unknown!","11,608.00","444.44","3.45","303.03","#Unknown!"
"12/4/2016","9/22/2013","#Unknown!","841.52","111.11","#Unknown!","0:00:00","0:00:00","0.00","0.00","#Unknown!","51,755.00","111.11","2.65","304.04","#Unknown!"
"12/5/2016","3/11/2013","#Unknown!","1050.65","222.22","#Unknown!","0:00:00","0:00:00","0.00","0.00","#Unknown!","1,475.00","222.22","0.70","305.05","#Unknown!"
"12/6/2016","12/12/2013","#Unknown!","1261.79","555.55","#Unknown!","0:00:00","0:00:00","0.00","0.00","#Unknown!","5,232.00","555.55","3.46","306.06","#Unknown!"
"12/7/2016","10/20/2013","#Unknown!","1474.92","333.33","#Unknown!","0:00:00","0:00:00","0.00","0.00","#Unknown!","17,489.00","333.33","2.93","307.07","#Unknown!"
"12/8/2016","8/18/2013","#Unknown!","1690.07","444.44","#Unknown!","0:00:00","0:00:00","0.00","0.00","#Unknown!","6,952.00","444.44","2.30","308.08","#Unknown!"
"12/9/2016","4/12/2013","#Unknown!","1907.21","111.11","#Unknown!","0:00:00","0:00:00","0.00","0.00","#Unknown!","393.00","111.11","1.02","309.09","#Unknown!"
"12/10/2016","8/19/2013","#Unknown!","2126.35","222.22","#Unknown!","0:00:00","0:00:00","0.00","0.00","#Unknown!","5,856.00","222.22","2.31","310.10","#Unknown!"
"12/11/2016","4/13/2013","#Unknown!","2347.50","555.55","#Unknown!","0:00:00","0:00:00","0.00","0.00","#Unknown!","1,258.00","555.55","1.03","311.10","#Unknown!"
"12/1/2016","1/31/2013","#Unknown!","226.13","333.33","#Unknown!","0:00:00","0:00:00","0.00","0.00","#Unknown!","1,775.00","333.33","0.31","301.01","#Unknown!"
"12/2/2016","5/27/2013","#Unknown!","429.25","444.44","#Unknown!","0:00:00","0:00:00","0.00","0.00","#Unknown!","7,973.00","444.44","1.47","302.02","#Unknown!"
"12/3/2016","8/20/2013","#Unknown!","634.38","111.11","#Unknown!","0:00:00","0:00:00","0.00","0.00","#Unknown!","41,340.00","111.11","2.32","303.03","#Unknown!"
"12/4/2016","8/16/2013","#Unknown!","841.52","222.22","#Unknown!","0:00:00","0:00:00","0.00","0.00","#Unknown!","8,283.00","222.22","2.28","304.04","#Unknown!"
"12/5/2016","3/12/2013","#Unknown!","1050.65","555.55","#Unknown!","0:00:00","0:00:00","0.00","0.00","#Unknown!","915.00","555.55","0.71","305.05","#Unknown!"
"12/6/2016","11/9/2013","#Unknown!","1261.79","333.33","#Unknown!","0:00:00","0:00:00","0.00","0.00","#Unknown!","20,675.00","333.33","3.13","306.06","#Unknown!"
"12/7/2016","7/30/2013","#Unknown!","1474.92","444.44","#Unknown!","0:00:00","0:00:00","0.00","0.00","#Unknown!","26,628.00","444.44","2.11","307.07","#Unknown!"
"12/8/2016","3/13/2013","#Unknown!","1690.07","111.11","#Unknown!","0:00:00","0:00:00","0.00","0.00","#Unknown!","692.00","111.11","0.72","308.08","#Unknown!"
"12/9/2016","9/10/2013","#Unknown!","1907.21","222.22","#Unknown!","0:00:00","0:00:00","0.00","0.00","#Unknown!","18,133.00","222.22","2.53","309.09","#Unknown!"
"12/10/2016","12/13/2013","#Unknown!","2126.35","555.55","#Unknown!","0:00:00","0:00:00","0.00","0.00","#Unknown!","13,722.00","555.55","3.47","310.10","#Unknown!"
"12/11/2016","9/11/2013","#Unknown!","2347.50","333.33","#Unknown!","0:00:00","0:00:00","0.00","0.00","#Unknown!","17,612.00","333.33","2.54","311.10","#Unknown!"
"12/1/2016","3/14/2013","#Unknown!","226.13","444.44","#Unknown!","0:00:00","0:00:00","0.00","0.00","#Unknown!","3,257.00","444.44","0.73","301.01","#Unknown!"
"12/2/2016","4/14/2013","#Unknown!","429.25","111.11","#Unknown!","0:00:00","0:00:00","0.00","0.00","#Unknown!","1,893.00","111.11","1.04","302.02","#Unknown!"
"12/3/2016","6/30/2013","#Unknown!","634.38","222.22","#Unknown!","0:00:00","0:00:00","0.00","0.00","#Unknown!","4,119.00","222.22","1.81","303.03","#Unknown!"
"12/4/2016","5/1/2013","#Unknown!","841.52","555.55","#Unknown!","0:00:00","0:00:00","0.00","0.00","#Unknown!","7,211.00","555.55","1.21","304.04","#Unknown!"
"12/5/2016","5/28/2013","#Unknown!","1050.65","333.33","#Unknown!","0:00:00","0:00:00","0.00","0.00","#Unknown!","35,608.00","333.33","1.48","305.05","#Unknown!"
"12/6/2016","2/1/2013","#Unknown!","1261.79","444.44","#Unknown!","0:00:00","0:00:00","0.00","0.00","#Unknown!","1,771.00","444.44","0.32","306.06","#Unknown!"
"12/7/2016","12/2/2013","#Unknown!","1474.92","111.11","#Unknown!","0:00:00","0:00:00","0.00","0.00","#Unknown!","18,165.00","111.11","3.36","307.07","#Unknown!"
"12/8/2016","9/18/2013","#Unknown!","1690.07","222.22","#Unknown!","0:00:00","0:00:00","0.00","0.00","#Unknown!","75,754.00","222.22","2.61","308.08","#Unknown!"
"12/9/2016","2/3/2013","#Unknown!","1907.21","555.55","#Unknown!","0:00:00","0:00:00","0.00","0.00","#Unknown!","17,514.00","555.55","0.34","309.09","#Unknown!"
"12/10/2016","2/2/2013","#Unknown!","2126.35","333.33","#Unknown!","0:00:00","0:00:00","0.00","0.00","#Unknown!","5,792.00","333.33","0.33","310.10","#Unknown!"
"12/11/2016","7/1/2013","#Unknown!","2347.50","444.44","#Unknown!","0:00:00","0:00:00","0.00","0.00","#Unknown!","9,767.00","444.44","1.82","311.10","#Unknown!"
"12/1/2016","5/29/2013","#Unknown!","226.13","111.11","#Unknown!","0:00:00","0:00:00","0.00","0.00","#Unknown!","16,719.00","111.11","1.49","301.01","#Unknown!"
"12/2/2016","2/4/2013","#Unknown!","429.25","222.22","#Unknown!","0:00:00","0:00:00","0.00","0.00","#Unknown!","9,502.00","222.22","0.35","302.02","#Unknown!"
"12/3/2016","5/30/2013","#Unknown!","634.38","555.55","#Unknown!","0:00:00","0:00:00","0.00","0.00","#Unknown!","11,688.00","555.55","1.50","303.03","#Unknown!"
"12/4/2016","2/15/2013","#Unknown!","841.52","333.33","#Unknown!","0:00:00","0:00:00","0.00","0.00","#Unknown!","153,060.00","333.33","0.46","304.04","#Unknown!"
"12/5/2016","5/31/2013","#Unknown!","1050.65","444.44","#Unknown!","0:00:00","0:00:00","0.00","0.00","#Unknown!","7,808.00","444.44","1.51","305.05","#Unknown!"
"12/6/2016","3/17/2013","#Unknown!","1261.79","111.11","#Unknown!","0:00:00","0:00:00","0.00","0.00","#Unknown!","1,947.00","111.11","0.76","306.06","#Unknown!"
"12/7/2016","9/27/2013","#Unknown!","1474.92","222.22","#Unknown!","0:00:00","0:00:00","0.00","0.00","#Unknown!","21,437.00","222.22","2.70","307.07","#Unknown!"
"12/8/2016","9/12/2013","#Unknown!","1690.07","555.55","#Unknown!","0:00:00","0:00:00","0.00","0.00","#Unknown!","26,962.00","555.55","2.55","308.08","#Unknown!"
"12/9/2016","7/3/2013","#Unknown!","1907.21","333.33","#Unknown!","0:00:00","0:00:00","0.00","0.00","#Unknown!","6,590.00","333.33","1.84","309.09","#Unknown!"
"12/10/2016","6/1/2013","#Unknown!","2126.35","444.44","#Unknown!","0:00:00","0:00:00","0.00","0.00","#Unknown!","9,268.00","444.44","1.52","310.10","#Unknown!"
"12/11/2016","7/4/2013","#Unknown!","2347.50","111.11","#Unknown!","0:00:00","0:00:00","0.00","0.00","#Unknown!","17,659.00","111.11","1.85","311.10","#Unknown!"
"12/1/2016","4/15/2013","#Unknown!","226.13","222.22","#Unknown!","0:00:00","0:00:00","0.00","0.00","#Unknown!","3,684.00","222.22","1.05","301.01","#Unknown!"
"12/2/2016","6/9/2013","#Unknown!","429.25","555.55","#Unknown!","0:00:00","0:00:00","0.00","0.00","#Unknown!","8,963.00","555.55","1.60","302.02","#Unknown!"
"12/3/2016","7/31/2013","#Unknown!","634.38","333.33","#Unknown!","0:00:00","0:00:00","0.00","0.00","#Unknown!","13,787.00","333.33","2.12","303.03","#Unknown!"
"12/4/2016","12/14/2013","#Unknown!","841.52","444.44","#Unknown!","0:00:00","0:00:00","0.00","0.00","#Unknown!","15,865.00","444.44","3.48","304.04","#Unknown!"
"12/5/2016","12/16/2013","#Unknown!","1050.65","111.11","#Unknown!","0:00:00","0:00:00","0.00","0.00","#Unknown!","55,874.00","111.11","3.50","305.05","#Unknown!"
"12/6/2016","5/2/2013","#Unknown!","1261.79","222.22","#Unknown!","0:00:00","0:00:00","0.00","0.00","#Unknown!","8,013.00","222.22","1.22","306.06","#Unknown!"
"12/7/2016","7/23/2013","#Unknown!","1474.92","555.55","#Unknown!","0:00:00","0:00:00","0.00","0.00","#Unknown!","28,961.00","555.55","2.04","307.07","#Unknown!"
"12/8/2016","11/10/2013","#Unknown!","1690.07","333.33","#Unknown!","0:00:00","0:00:00","0.00","0.00","#Unknown!","3,949.00","333.33","3.14","308.08","#Unknown!"
"12/9/2016","6/12/2013","#Unknown!","1907.21","444.44","#Unknown!","0:00:00","0:00:00","0.00","0.00","#Unknown!","485.00","444.44","1.63","309.09","#Unknown!"
"12/10/2016","8/21/2013","#Unknown!","2126.35","111.11","#Unknown!","0:00:00","0:00:00","0.00","0.00","#Unknown!","6,085.00","111.11","2.33","310.10","#Unknown!"
"12/11/2016","5/3/2013","#Unknown!","2347.50","222.22","#Unknown!","0:00:00","0:00:00","0.00","0.00","#Unknown!","8,926.00","222.22","1.23","311.10","#Unknown!"
"12/1/2016","11/23/2013","#Unknown!","226.13","555.55","#Unknown!","0:00:00","0:00:00","0.00","0.00","#Unknown!","2,003.00","555.55","3.27","301.01","#Unknown!"
"12/2/2016","7/24/2013","#Unknown!","429.25","333.33","#Unknown!","0:00:00","0:00:00","0.00","0.00","#Unknown!","11,292.00","333.33","2.05","302.02","#Unknown!"
"12/3/2016","3/18/2013","#Unknown!","634.38","444.44","#Unknown!","0:00:00","0:00:00","0.00","0.00","#Unknown!","327.00","444.44","0.77","303.03","#Unknown!"
"12/4/2016","6/2/2013","#Unknown!","841.52","111.11","#Unknown!","0:00:00","0:00:00","0.00","0.00","#Unknown!","7,542.00","111.11","1.53","304.04","#Unknown!"
"12/5/2016","6/3/2013","#Unknown!","1050.65","222.22","#Unknown!","0:00:00","0:00:00","0.00","0.00","#Unknown!","13,457.00","222.22","1.54","305.05","#Unknown!"
"12/6/2016","7/25/2013","#Unknown!","1261.79","555.55","#Unknown!","0:00:00","0:00:00","0.00","0.00","#Unknown!","24,932.00","555.55","2.06","306.06","#Unknown!"
"12/7/2016","2/5/2013","#Unknown!","1474.92","333.33","#Unknown!","0:00:00","0:00:00","0.00","0.00","#Unknown!","1,838.00","333.33","0.36","307.07","#Unknown!"
"12/8/2016","9/13/2013","#Unknown!","1690.07","444.44","#Unknown!","0:00:00","0:00:00","0.00","0.00","#Unknown!","24,070.00","444.44","2.56","308.08","#Unknown!"
"12/9/2016","10/25/2013","#Unknown!","1907.21","111.11","#Unknown!","0:00:00","0:00:00","0.00","0.00","#Unknown!","60,632.00","111.11","2.98","309.09","#Unknown!"
"12/10/2016","2/6/2013","#Unknown!","2126.35","222.22","#Unknown!","0:00:00","0:00:00","0.00","0.00","#Unknown!","9,872.00","222.22","0.37","310.10","#Unknown!"
"12/11/2016","11/11/2013","#Unknown!","2347.50","555.55","#Unknown!","0:00:00","0:00:00","0.00","0.00","#Unknown!","21,822.00","555.55","3.15","311.10","#Unknown!"
"12/1/2016","2/7/2013","#Unknown!","226.13","333.33","#Unknown!","0:00:00","0:00:00","0.00","0.00","#Unknown!","5,135.00","333.33","0.38","301.01","#Unknown!"
"12/2/2016","4/16/2013","#Unknown!","429.25","444.44","#Unknown!","0:00:00","0:00:00","0.00","0.00","#Unknown!","780.00","444.44","1.06","302.02","#Unknown!"
"12/3/2016","2/20/2013","#Unknown!","634.38","111.11","#Unknown!","0:00:00","0:00:00","0.00","0.00","#Unknown!","538.00","111.11","0.51","303.03","#Unknown!"
"12/4/2016","10/27/2013","#Unknown!","841.52","222.22","#Unknown!","0:00:00","0:00:00","0.00","0.00","#Unknown!","31,915.00","222.22","3.00","304.04","#Unknown!"
"12/5/2016","7/5/2013","#Unknown!","1050.65","555.55","#Unknown!","0:00:00","0:00:00","0.00","0.00","#Unknown!","12,994.00","555.55","1.86","305.05","#Unknown!"
"12/6/2016","6/4/2013","#Unknown!","1261.79","333.33","#Unknown!","0:00:00","0:00:00","0.00","0.00","#Unknown!","16,767.00","333.33","1.55","306.06","#Unknown!"
"12/7/2016","10/30/2013","#Unknown!","1474.92","444.44","#Unknown!","0:00:00","0:00:00","0.00","0.00","#Unknown!","27,982.00","444.44","3.03","307.07","#Unknown!"
"12/8/2016","11/24/2013","#Unknown!","1690.07","111.11","#Unknown!","0:00:00","0:00:00","0.00","0.00","#Unknown!","2,750.00","111.11","3.28","308.08","#Unknown!"
"12/9/2016","4/17/2013","#Unknown!","1907.21","222.22","#Unknown!","0:00:00","0:00:00","0.00","0.00","#Unknown!","848.00","222.22","1.07","309.09","#Unknown!"
"12/10/2016","8/22/2013","#Unknown!","2126.35","555.55","#Unknown!","0:00:00","0:00:00","0.00","0.00","#Unknown!","4,875.00","555.55","2.34","310.10","#Unknown!"
"12/11/2016","6/7/2013","#Unknown!","2347.50","333.33","#Unknown!","0:00:00","0:00:00","0.00","0.00","#Unknown!","7,669.00","333.33","1.58","311.10","#Unknown!"
"12/1/2016","10/21/2013","#Unknown!","226.13","444.44","#Unknown!","0:00:00","0:00:00","0.00","0.00","#Unknown!","6,916.00","444.44","2.94","301.01","#Unknown!"
"12/2/2016","6/8/2013","#Unknown!","429.25","111.11","#Unknown!","0:00:00","0:00:00","0.00","0.00","#Unknown!","3,701.00","111.11","1.59","302.02","#Unknown!"
"12/3/2016","8/23/2013","#Unknown!","634.38","222.22","#Unknown!","0:00:00","0:00:00","0.00","0.00","#Unknown!","4,235.00","222.22","2.35","303.03","#Unknown!"
"12/4/2016","2/10/2013","#Unknown!","841.52","555.55","#Unknown!","0:00:00","0:00:00","0.00","0.00","#Unknown!","28,391.00","555.55","0.41","304.04","#Unknown!"
"12/5/2016","3/19/2013","#Unknown!","1050.65","333.33","#Unknown!","0:00:00","0:00:00","0.00","0.00","#Unknown!","1,306.00","333.33","0.78","305.05","#Unknown!"
"12/6/2016","11/12/2013","#Unknown!","1261.79","444.44","#Unknown!","0:00:00","0:00:00","0.00","0.00","#Unknown!","2,740.00","444.44","3.16","306.06","#Unknown!"
"12/7/2016","6/6/2013","#Unknown!","1474.92","111.11","#Unknown!","0:00:00","0:00:00","0.00","0.00","#Unknown!","18,272.00","111.11","1.57","307.07","#Unknown!"
"12/8/2016","2/8/2013","#Unknown!","1690.07","222.22","#Unknown!","0:00:00","0:00:00","0.00","0.00","#Unknown!","41,094.00","222.22","0.39","308.08","#Unknown!"
"12/9/2016","7/26/2013","#Unknown!","1907.21","555.55","#Unknown!","0:00:00","0:00:00","0.00","0.00","#Unknown!","21,951.00","555.55","2.07","309.09","#Unknown!"
"12/10/2016","1/13/2013","#Unknown!","2126.35","333.33","#Unknown!","0:00:00","0:00:00","0.00","0.00","#Unknown!","1,607.00","333.33","0.13","310.10","#Unknown!"
"12/11/2016","4/23/2013","#Unknown!","2347.50","444.44","#Unknown!","0:00:00","0:00:00","0.00","0.00","#Unknown!","7,277.00","444.44","1.13","311.10","#Unknown!"
"12/1/2016","11/1/2013","#Unknown!","226.13","111.11","#Unknown!","0:00:00","0:00:00","0.00","0.00","#Unknown!","11,261.00","111.11","3.05","301.01","#Unknown!"
"12/2/2016","12/17/2013","#Unknown!","429.25","222.22","#Unknown!","0:00:00","0:00:00","0.00","0.00","#Unknown!","15,532.00","222.22","3.51","302.02","#Unknown!"
"12/3/2016","9/14/2013","#Unknown!","634.38","555.55","#Unknown!","0:00:00","0:00:00","0.00","0.00","#Unknown!","14,618.00","555.55","2.57","303.03","#Unknown!"
"12/4/2016","9/30/2013","#Unknown!","841.52","333.33","#Unknown!","0:00:00","0:00:00","0.00","0.00","#Unknown!","53,743.00","333.33","2.73","304.04","#Unknown!"
"12/5/2016","2/11/2013","#Unknown!","1050.65","444.44","#Unknown!","0:00:00","0:00:00","0.00","0.00","#Unknown!","1,496.00","444.44","0.42","305.05","#Unknown!"
"12/6/2016","10/22/2013","#Unknown!","1261.79","111.11","#Unknown!","0:00:00","0:00:00","0.00","0.00","#Unknown!","14,489.00","111.11","2.95","306.06","#Unknown!"
"12/7/2016","2/12/2013","#Unknown!","1474.92","222.22","#Unknown!","0:00:00","0:00:00","0.00","0.00","#Unknown!","14,219.00","222.22","0.43","307.07","#Unknown!"
"12/8/2016","2/13/2013","#Unknown!","1690.07","555.55","#Unknown!","0:00:00","0:00:00","0.00","0.00","#Unknown!","2,482.00","555.55","0.44","308.08","#Unknown!"
"12/9/2016","3/20/2013","#Unknown!","1907.21","333.33","#Unknown!","0:00:00","0:00:00","0.00","0.00","#Unknown!","7,754.00","333.33","0.79","309.09","#Unknown!"
"12/10/2016","7/27/2013","#Unknown!","2126.35","444.44","#Unknown!","0:00:00","0:00:00","0.00","0.00","#Unknown!","22,325.00","444.44","2.08","310.10","#Unknown!"
"12/11/2016","5/4/2013","#Unknown!","2347.50","111.11","#Unknown!","0:00:00","0:00:00","0.00","0.00","#Unknown!","10,300.00","111.11","1.24","311.10","#Unknown!"
"12/1/2016","7/28/2013","#Unknown!","226.13","222.22","#Unknown!","0:00:00","0:00:00","0.00","0.00","#Unknown!","21,374.00","222.22","2.09","301.01","#Unknown!"
"12/2/2016","3/21/2013","#Unknown!","429.25","555.55","#Unknown!","0:00:00","0:00:00","0.00","0.00","#Unknown!","899.00","555.55","0.80","302.02","#Unknown!"
"12/3/2016","9/23/2013","#Unknown!","634.38","333.33","#Unknown!","0:00:00","0:00:00","0.00","0.00","#Unknown!","17,497.00","333.33","2.66","303.03","#Unknown!"
"12/4/2016","7/6/2013","#Unknown!","841.52","444.44","#Unknown!","0:00:00","0:00:00","0.00","0.00","#Unknown!","38,120.00","444.44","1.87","304.04","#Unknown!"
"12/5/2016","6/10/2013","#Unknown!","1050.65","111.11","#Unknown!","0:00:00","0:00:00","0.00","0.00","#Unknown!","181,045.00","111.11","1.61","305.05","#Unknown!"
"12/6/2016","2/14/2013","#Unknown!","1261.79","222.22","#Unknown!","0:00:00","0:00:00","0.00","0.00","#Unknown!","1,156.00","222.22","0.45","306.06","#Unknown!"
"12/7/2016","9/15/2013","#Unknown!","1474.92","555.55","#Unknown!","0:00:00","0:00:00","0.00","0.00","#Unknown!","10,955.00","555.55","2.58","307.07","#Unknown!"
"12/8/2016","11/22/2013","#Unknown!","1690.07","333.33","#Unknown!","0:00:00","0:00:00","0.00","0.00","#Unknown!","23,793.00","333.33","3.26","308.08","#Unknown!"
"12/9/2016","10/14/2013","#Unknown!","1907.21","444.44","#Unknown!","0:00:00","0:00:00","0.00","0.00","#Unknown!","15,985.00","444.44","2.87","309.09","#Unknown!"
"12/10/2016","6/15/2013","#Unknown!","2126.35","111.11","#Unknown!","0:00:00","0:00:00","0.00","0.00","#Unknown!","21,924.00","111.11","1.66","310.10","#Unknown!"
"12/11/2016","12/6/2013","#Unknown!","2347.50","222.22","#Unknown!","0:00:00","0:00:00","0.00","0.00","#Unknown!","10,303.00","222.22","3.40","311.10","#Unknown!"
"12/1/2016","2/18/2013","#Unknown!","226.13","555.55","#Unknown!","0:00:00","0:00:00","0.00","0.00","#Unknown!","8,485.00","555.55","0.49","301.01","#Unknown!"
"12/2/2016","1/1/2013","#Unknown!","429.25","333.33","#Unknown!","0:00:00","0:00:00","0.00","0.00","#Unknown!","28,438.00","333.33","0.01","302.02","#Unknown!"
"12/3/2016","2/24/2013","#Unknown!","634.38","444.44","#Unknown!","0:00:00","0:00:00","0.00","0.00","#Unknown!","494.00","444.44","0.55","303.03","#Unknown!"
"12/4/2016","8/2/2013","#Unknown!","841.52","111.11","#Unknown!","0:00:00","0:00:00","0.00","0.00","#Unknown!","16,283.00","111.11","2.14","304.04","#Unknown!"
"12/5/2016","1/3/2013","#Unknown!","1050.65","222.22","#Unknown!","0:00:00","0:00:00","0.00","0.00","#Unknown!","37,819.00","222.22","0.03","305.05","#Unknown!"
"12/6/2016","7/8/2013","#Unknown!","1261.79","555.55","#Unknown!","0:00:00","0:00:00","0.00","0.00","#Unknown!","33,201.00","555.55","1.89","306.06","#Unknown!"
"12/7/2016","11/4/2013","#Unknown!","1474.92","333.33","#Unknown!","0:00:00","0:00:00","0.00","0.00","#Unknown!","311.00","333.33","3.08","307.07","#Unknown!"
"12/8/2016","10/28/2013","#Unknown!","1690.07","444.44","#Unknown!","0:00:00","0:00:00","0.00","0.00","#Unknown!","42,844.00","444.44","3.01","308.08","#Unknown!"
"12/9/2016","4/19/2013","#Unknown!","1907.21","111.11","#Unknown!","0:00:00","0:00:00","0.00","0.00","#Unknown!","6,081.00","111.11","1.09","309.09","#Unknown!"
"12/10/2016","4/20/2013","#Unknown!","2126.35","222.22","#Unknown!","0:00:00","0:00:00","0.00","0.00","#Unknown!","3,074.00","222.22","1.10","310.10","#Unknown!"
"12/11/2016","3/23/2013","#Unknown!","2347.50","555.55","#Unknown!","0:00:00","0:00:00","0.00","0.00","#Unknown!","1,737.00","555.55","0.82","311.10","#Unknown!"
"12/1/2016","6/16/2013","#Unknown!","226.13","333.33","#Unknown!","0:00:00","0:00:00","0.00","0.00","#Unknown!","16,593.00","333.33","1.67","301.01","#Unknown!"
"12/2/2016","3/24/2013","#Unknown!","429.25","444.44","#Unknown!","0:00:00","0:00:00","0.00","0.00","#Unknown!","11,584.00","444.44","0.83","302.02","#Unknown!"
"12/3/2016","11/26/2013","#Unknown!","634.38","111.11","#Unknown!","0:00:00","0:00:00","0.00","0.00","#Unknown!","43,593.00","111.11","3.30","303.03","#Unknown!"
"12/4/2016","5/5/2013","#Unknown!","841.52","222.22","#Unknown!","0:00:00","0:00:00","0.00","0.00","#Unknown!","16,188.00","222.22","1.25","304.04","#Unknown!"
"12/5/2016","10/2/2013","#Unknown!","1050.65","555.55","#Unknown!","0:00:00","0:00:00","0.00","0.00","#Unknown!","4,356.00","555.55","2.75","305.05","#Unknown!"
"12/6/2016","4/21/2013","#Unknown!","1261.79","333.33","#Unknown!","0:00:00","0:00:00","0.00","0.00","#Unknown!","7,427.00","333.33","1.11","306.06","#Unknown!"
"12/7/2016","11/13/2013","#Unknown!","1474.92","444.44","#Unknown!","0:00:00","0:00:00","0.00","0.00","#Unknown!","45,193.00","444.44","3.17","307.07","#Unknown!"
"12/8/2016","1/4/2013","#Unknown!","1690.07","111.11","#Unknown!","0:00:00","0:00:00","0.00","0.00","#Unknown!","5,398.00","111.11","0.04","308.08","#Unknown!"
"12/9/2016","2/19/2013","#Unknown!","1907.21","222.22","#Unknown!","0:00:00","0:00:00","0.00","0.00","#Unknown!","1,779.00","222.22","0.50","309.09","#Unknown!"
"12/10/2016","6/17/2013","#Unknown!","2126.35","555.55","#Unknown!","0:00:00","0:00:00","0.00","0.00","#Unknown!","13,320.00","555.55","1.68","310.10","#Unknown!"
"12/11/2016","1/5/2013","#Unknown!","2347.50","333.33","#Unknown!","0:00:00","0:00:00","0.00","0.00","#Unknown!","14,649.00","333.33","0.05","311.10","#Unknown!"
"12/1/2016","8/24/2013","#Unknown!","226.13","444.44","#Unknown!","0:00:00","0:00:00","0.00","0.00","#Unknown!","16,332.00","444.44","2.36","301.01","#Unknown!"
"12/2/2016","10/29/2013","#Unknown!","429.25","111.11","#Unknown!","0:00:00","0:00:00","0.00","0.00","#Unknown!","24,729.00","111.11","3.02","302.02","#Unknown!"
"12/3/2016","12/15/2013","#Unknown!","634.38","222.22","#Unknown!","0:00:00","0:00:00","0.00","0.00","#Unknown!","6,411.00","222.22","3.49","303.03","#Unknown!"
"12/4/2016","5/6/2013","#Unknown!","841.52","555.55","#Unknown!","0:00:00","0:00:00","0.00","0.00","#Unknown!","2,866.00","555.55","1.26","304.04","#Unknown!"
"12/5/2016","3/26/2013","#Unknown!","1050.65","333.33","#Unknown!","0:00:00","0:00:00","0.00","0.00","#Unknown!","2,129.00","333.33","0.85","305.05","#Unknown!"
"12/6/2016","8/3/2013","#Unknown!","1261.79","444.44","#Unknown!","0:00:00","0:00:00","0.00","0.00","#Unknown!","39,502.00","444.44","2.15","306.06","#Unknown!"
"12/7/2016","7/9/2013","#Unknown!","1474.92","111.11","#Unknown!","0:00:00","0:00:00","0.00","0.00","#Unknown!","40,243.00","111.11","1.90","307.07","#Unknown!"
"12/8/2016","5/7/2013","#Unknown!","1690.07","222.22","#Unknown!","0:00:00","0:00:00","0.00","0.00","#Unknown!","9,026.00","222.22","1.27","308.08","#Unknown!"
"12/9/2016","1/6/2013","#Unknown!","1907.21","555.55","#Unknown!","0:00:00","0:00:00","0.00","0.00","#Unknown!","1,233.00","555.55","0.06","309.09","#Unknown!"
"12/10/2016","6/18/2013","#Unknown!","2126.35","333.33","#Unknown!","0:00:00","0:00:00","0.00","0.00","#Unknown!","4,897.00","333.33","1.69","310.10","#Unknown!"
"12/11/2016","9/16/2013","#Unknown!","2347.50","444.44","#Unknown!","0:00:00","0:00:00","0.00","0.00","#Unknown!","617,594.00","444.44","2.59","311.10","#Unknown!"
"12/1/2016","11/2/2013","#Unknown!","226.13","111.11","#Unknown!","0:00:00","0:00:00","0.00","0.00","#Unknown!","19,754.00","111.11","3.06","301.01","#Unknown!"
"12/2/2016","6/14/2013","#Unknown!","429.25","222.22","#Unknown!","0:00:00","0:00:00","0.00","0.00","#Unknown!","4,996.00","222.22","1.65","302.02","#Unknown!"
"12/3/2016","8/4/2013","#Unknown!","634.38","555.55","#Unknown!","0:00:00","0:00:00","0.00","0.00","#Unknown!","7,965.00","555.55","2.16","303.03","#Unknown!"
"12/4/2016","5/8/2013","#Unknown!","841.52","333.33","#Unknown!","0:00:00","0:00:00","0.00","0.00","#Unknown!","4,355.00","333.33","1.28","304.04","#Unknown!"
"12/5/2016","9/28/2013","#Unknown!","1050.65","444.44","#Unknown!","0:00:00","0:00:00","0.00","0.00","#Unknown!","35,744.00","444.44","2.71","305.05","#Unknown!"
"12/6/2016","11/14/2013","#Unknown!","1261.79","111.11","#Unknown!","0:00:00","0:00:00","0.00","0.00","#Unknown!","9,820.00","111.11","3.18","306.06","#Unknown!"
"12/7/2016","10/3/2013","#Unknown!","1474.92","222.22","#Unknown!","0:00:00","0:00:00","0.00","0.00","#Unknown!","26,563.00","222.22","2.76","307.07","#Unknown!"
"12/8/2016","1/7/2013","#Unknown!","1690.07","555.55","#Unknown!","0:00:00","0:00:00","0.00","0.00","#Unknown!","3,609.00","555.55","0.07","308.08","#Unknown!"
"12/9/2016","10/1/2013","#Unknown!","1907.21","333.33","#Unknown!","0:00:00","0:00:00","0.00","0.00","#Unknown!","93,810.00","333.33","2.74","309.09","#Unknown!"
"12/10/2016","5/9/2013","#Unknown!","2126.35","444.44","#Unknown!","0:00:00","0:00:00","0.00","0.00","#Unknown!","3,390.00","444.44","1.29","310.10","#Unknown!"
"12/11/2016","10/24/2013","#Unknown!","2347.50","111.11","#Unknown!","0:00:00","0:00:00","0.00","0.00","#Unknown!","58,732.00","111.11","2.97","311.10","#Unknown!"
"12/1/2016","3/28/2013","#Unknown!","226.13","222.22","#Unknown!","0:00:00","0:00:00","0.00","0.00","#Unknown!","1,902.00","222.22","0.87","301.01","#Unknown!"
"12/2/2016","7/7/2013","#Unknown!","429.25","555.55","#Unknown!","0:00:00","0:00:00","0.00","0.00","#Unknown!","24,498.00","555.55","1.88","302.02","#Unknown!"
"12/3/2016","9/17/2013","#Unknown!","634.38","333.33","#Unknown!","0:00:00","0:00:00","0.00","0.00","#Unknown!","105,162.00","333.33","2.60","303.03","#Unknown!"
"12/4/2016","8/25/2013","#Unknown!","841.52","444.44","#Unknown!","0:00:00","0:00:00","0.00","0.00","#Unknown!","21,561.00","444.44","2.37","304.04","#Unknown!"
"12/5/2016","6/19/2013","#Unknown!","1050.65","111.11","#Unknown!","0:00:00","0:00:00","0.00","0.00","#Unknown!","4,852.00","111.11","1.70","305.05","#Unknown!"
"12/6/2016","10/4/2013","#Unknown!","1261.79","222.22","#Unknown!","0:00:00","0:00:00","0.00","0.00","#Unknown!","11,509.00","222.22","2.77","306.06","#Unknown!"
"12/7/2016","3/29/2013","#Unknown!","1474.92","555.55","#Unknown!","0:00:00","0:00:00","0.00","0.00","#Unknown!","1,266.00","555.55","0.88","307.07","#Unknown!"
"12/8/2016","5/10/2013","#Unknown!","1690.07","333.33","#Unknown!","0:00:00","0:00:00","0.00","0.00","#Unknown!","12,981.00","333.33","1.30","308.08","#Unknown!"
"12/9/2016","11/15/2013","#Unknown!","1907.21","444.44","#Unknown!","0:00:00","0:00:00","0.00","0.00","#Unknown!","6,125.00","444.44","3.19","309.09","#Unknown!"
"12/10/2016","7/10/2013","#Unknown!","2126.35","111.11","#Unknown!","0:00:00","0:00:00","0.00","0.00","#Unknown!","33,802.00","111.11","1.91","310.10","#Unknown!"
"12/11/2016","9/21/2013","#Unknown!","2347.50","222.22","#Unknown!","0:00:00","0:00:00","0.00","0.00","#Unknown!","35,177.00","222.22","2.64","311.10","#Unknown!"
"12/1/2016","2/21/2013","#Unknown!","226.13","555.55","#Unknown!","0:00:00","0:00:00","0.00","0.00","#Unknown!","3,235.00","555.55","0.52","301.01","#Unknown!"
"12/2/2016","1/8/2013","#Unknown!","429.25","333.33","#Unknown!","0:00:00","0:00:00","0.00","0.00","#Unknown!","1,337.00","333.33","0.08","302.02","#Unknown!"
"12/3/2016","1/9/2013","#Unknown!","634.38","444.44","#Unknown!","0:00:00","0:00:00","0.00","0.00","#Unknown!","1,222.00","444.44","0.09","303.03","#Unknown!"
"12/4/2016","1/10/2013","#Unknown!","841.52","111.11","#Unknown!","0:00:00","0:00:00","0.00","0.00","#Unknown!","55,298.00","111.11","0.10","304.04","#Unknown!"
"12/5/2016","11/3/2013","#Unknown!","1050.65","222.22","#Unknown!","0:00:00","0:00:00","0.00","0.00","#Unknown!","866.00","222.22","3.07","305.05","#Unknown!"
"12/6/2016","3/8/2013","#Unknown!","1261.79","555.55","#Unknown!","0:00:00","0:00:00","0.00","0.00","#Unknown!","1,702.00","555.55","0.67","306.06","#Unknown!"
"12/7/2016","5/11/2013","#Unknown!","1474.92","333.33","#Unknown!","0:00:00","0:00:00","0.00","0.00","#Unknown!","13,606.00","333.33","1.31","307.07","#Unknown!"
"12/8/2016","8/26/2013","#Unknown!","1690.07","444.44","#Unknown!","0:00:00","0:00:00","0.00","0.00","#Unknown!","7,542.00","444.44","2.38","308.08","#Unknown!"
"12/9/2016","3/31/2013","#Unknown!","1907.21","111.11","#Unknown!","0:00:00","0:00:00","0.00","0.00","#Unknown!","1,671.00","111.11","0.90","309.09","#Unknown!"
"12/10/2016","6/20/2013","#Unknown!","2126.35","222.22","#Unknown!","0:00:00","0:00:00","0.00","0.00","#Unknown!","17,668.00","222.22","1.71","310.10","#Unknown!"
"12/11/2016","4/1/2013","#Unknown!","2347.50","555.55","#Unknown!","0:00:00","0:00:00","0.00","0.00","#Unknown!","1,897.00","555.55","0.91","311.10","#Unknown!"
"12/1/2016","1/11/2013","#Unknown!","226.13","333.33","#Unknown!","0:00:00","0:00:00","0.00","0.00","#Unknown!","872.00","333.33","0.11","301.01","#Unknown!"
"12/2/2016","2/22/2013","#Unknown!","429.25","444.44","#Unknown!","0:00:00","0:00:00","0.00","0.00","#Unknown!","6,756.00","444.44","0.53","302.02","#Unknown!"
"12/3/2016","8/5/2013","#Unknown!","634.38","111.11","#Unknown!","0:00:00","0:00:00","0.00","0.00","#Unknown!","26,493.00","111.11","2.17","303.03","#Unknown!"
"12/4/2016","11/28/2013","#Unknown!","841.52","222.22","#Unknown!","0:00:00","0:00:00","0.00","0.00","#Unknown!","34,032.00","222.22","3.32","304.04","#Unknown!"
"12/5/2016","8/27/2013","#Unknown!","1050.65","555.55","#Unknown!","0:00:00","0:00:00","0.00","0.00","#Unknown!","24,729.00","555.55","2.39","305.05","#Unknown!"
"12/6/2016","4/2/2013","#Unknown!","1261.79","333.33","#Unknown!","0:00:00","0:00:00","0.00","0.00","#Unknown!","5,125.00","333.33","0.92","306.06","#Unknown!"
"12/7/2016","11/16/2013","#Unknown!","1474.92","444.44","#Unknown!","0:00:00","0:00:00","0.00","0.00","#Unknown!","14,207.00","444.44","3.20","307.07","#Unknown!"
"12/8/2016","11/29/2013","#Unknown!","1690.07","111.11","#Unknown!","0:00:00","0:00:00","0.00","0.00","#Unknown!","7,086.00","111.11","3.33","308.08","#Unknown!"
"12/9/2016","5/13/2013","#Unknown!","1907.21","222.22","#Unknown!","0:00:00","0:00:00","0.00","0.00","#Unknown!","8,471.00","222.22","1.33","309.09","#Unknown!"
"12/10/2016","8/28/2013","#Unknown!","2126.35","555.55","#Unknown!","0:00:00","0:00:00","0.00","0.00","#Unknown!","5,589.00","555.55","2.40","310.10","#Unknown!"
"12/11/2016","7/11/2013","#Unknown!","2347.50","333.33","#Unknown!","0:00:00","0:00:00","0.00","0.00","#Unknown!","29,457.00","333.33","1.92","311.10","#Unknown!"
"12/1/2016","6/5/2013","#Unknown!","226.13","444.44","#Unknown!","0:00:00","0:00:00","0.00","0.00","#Unknown!","11,390.00","444.44","1.56","301.01","#Unknown!"
"12/2/2016","7/12/2013","#Unknown!","429.25","111.11","#Unknown!","0:00:00","0:00:00","0.00","0.00","#Unknown!","3,179.00","111.11","1.93","302.02","#Unknown!"
"12/3/2016","10/5/2013","#Unknown!","634.38","222.22","#Unknown!","0:00:00","0:00:00","0.00","0.00","#Unknown!","15,059.00","222.22","2.78","303.03","#Unknown!"
"12/4/2016","10/6/2013","#Unknown!","841.52","555.55","#Unknown!","0:00:00","0:00:00","0.00","0.00","#Unknown!","13,794.00","555.55","2.79","304.04","#Unknown!"
"12/5/2016","5/12/2013","#Unknown!","1050.65","333.33","#Unknown!","0:00:00","0:00:00","0.00","0.00","#Unknown!","2,183.00","333.33","1.32","305.05","#Unknown!"
"12/6/2016","1/14/2013","#Unknown!","1261.79","444.44","#Unknown!","0:00:00","0:00:00","0.00","0.00","#Unknown!","15,720.00","444.44","0.14","306.06","#Unknown!"
"12/7/2016","11/17/2013","#Unknown!","1474.92","111.11","#Unknown!","0:00:00","0:00:00","0.00","0.00","#Unknown!","4,956.00","111.11","3.21","307.07","#Unknown!"
"12/8/2016","1/12/2013","#Unknown!","1690.07","222.22","#Unknown!","0:00:00","0:00:00","0.00","0.00","#Unknown!","16,053.00","222.22","0.12","308.08","#Unknown!"
"12/9/2016","10/7/2013","#Unknown!","1907.21","555.55","#Unknown!","0:00:00","0:00:00","0.00","0.00","#Unknown!","23,112.00","555.55","2.80","309.09","#Unknown!"
"12/10/2016","11/5/2013","#Unknown!","2126.35","333.33","#Unknown!","0:00:00","0:00:00","0.00","0.00","#Unknown!","4,067.00","333.33","3.09","310.10","#Unknown!"
"12/11/2016","3/16/2013","#Unknown!","2347.50","444.44","#Unknown!","0:00:00","0:00:00","0.00","0.00","#Unknown!","1,225.00","444.44","0.75","311.10","#Unknown!"
"12/1/2016","4/3/2013","#Unknown!","226.13","111.11","#Unknown!","0:00:00","0:00:00","0.00","0.00","#Unknown!","1,800.00","111.11","0.93","301.01","#Unknown!"
"12/2/2016","8/6/2013","#Unknown!","429.25","222.22","#Unknown!","0:00:00","0:00:00","0.00","0.00","#Unknown!","3,504.00","222.22","2.18","302.02","#Unknown!"
"12/3/2016","9/20/2013","#Unknown!","634.38","555.55","#Unknown!","0:00:00","0:00:00","0.00","0.00","#Unknown!","41,667.00","555.55","2.63","303.03","#Unknown!"
"12/4/2016","11/30/2013","#Unknown!","841.52","333.33","#Unknown!","0:00:00","0:00:00","0.00","0.00","#Unknown!","15,873.00","333.33","3.34","304.04","#Unknown!"
"12/5/2016","12/1/2013","#Unknown!","1050.65","444.44","#Unknown!","0:00:00","0:00:00","0.00","0.00","#Unknown!","88,857.00","444.44","3.35","305.05","#Unknown!"
"12/6/2016","11/6/2013","#Unknown!","1261.79","111.11","#Unknown!","0:00:00","0:00:00","0.00","0.00","#Unknown!","31,531.00","111.11","3.10","306.06","#Unknown!"
"12/7/2016","4/18/2013","#Unknown!","1474.92","222.22","#Unknown!","0:00:00","0:00:00","0.00","0.00","#Unknown!","40,318.00","222.22","1.08","307.07","#Unknown!"
"12/8/2016","3/9/2013","#Unknown!","1690.07","555.55","#Unknown!","0:00:00","0:00:00","0.00","0.00","#Unknown!","752.00","555.55","0.68","308.08","#Unknown!"
"12/9/2016","8/29/2013","#Unknown!","1907.21","333.33","#Unknown!","0:00:00","0:00:00","0.00","0.00","#Unknown!","16,865.00","333.33","2.41","309.09","#Unknown!"
"12/10/2016","6/13/2013","#Unknown!","2126.35","444.44","#Unknown!","0:00:00","0:00:00","0.00","0.00","#Unknown!","68,318.00","444.44","1.64","310.10","#Unknown!"
"12/11/2016","8/30/2013","#Unknown!","2347.50","111.11","#Unknown!","0:00:00","0:00:00","0.00","0.00","#Unknown!","31,635.00","111.11","2.42","311.10","#Unknown!"
"12/1/2016","11/25/2013","#Unknown!","226.13","222.22","#Unknown!","0:00:00","0:00:00","0.00","0.00","#Unknown!","8,870.00","222.22","3.29","301.01","#Unknown!"
"12/2/2016","4/22/2013","#Unknown!","429.25","555.55","#Unknown!","0:00:00","0:00:00","0.00","0.00","#Unknown!","20,228.00","555.55","1.12","302.02","#Unknown!"
"12/3/2016","7/14/2013","#Unknown!","634.38","333.33","#Unknown!","0:00:00","0:00:00","0.00","0.00","#Unknown!","8,183.00","333.33","1.95","303.03","#Unknown!"
"12/4/2016","4/7/2013","#Unknown!","841.52","444.44","#Unknown!","0:00:00","0:00:00","0.00","0.00","#Unknown!","1,500.00","444.44","0.97","304.04","#Unknown!"
"12/5/2016","8/7/2013","#Unknown!","1050.65","111.11","#Unknown!","0:00:00","0:00:00","0.00","0.00","#Unknown!","28,789.00","111.11","2.19","305.05","#Unknown!"
"12/6/2016","1/15/2013","#Unknown!","1261.79","222.22","#Unknown!","0:00:00","0:00:00","0.00","0.00","#Unknown!","1,054.00","222.22","0.15","306.06","#Unknown!"
"12/7/2016","11/27/2013","#Unknown!","1474.92","555.55","#Unknown!","0:00:00","0:00:00","0.00","0.00","#Unknown!","75.00","555.55","3.31","307.07","#Unknown!"
"12/8/2016","5/14/2013","#Unknown!","1690.07","333.33","#Unknown!","0:00:00","0:00:00","0.00","0.00","#Unknown!","17,765.00","333.33","1.34","308.08","#Unknown!"
"12/9/2016","1/16/2013","#Unknown!","1907.21","444.44","#Unknown!","0:00:00","0:00:00","0.00","0.00","#Unknown!","6,240.00","444.44","0.16","309.09","#Unknown!"
"12/10/2016","1/17/2013","#Unknown!","2126.35","111.11","#Unknown!","0:00:00","0:00:00","0.00","0.00","#Unknown!","1,566.00","111.11","0.17","310.10","#Unknown!"
"12/11/2016","2/23/2013","#Unknown!","2347.50","222.22","#Unknown!","0:00:00","0:00:00","0.00","0.00","#Unknown!","7,104.00","222.22","0.54","311.10","#Unknown!"
"12/1/2016","3/22/2013","#Unknown!","226.13","555.55","#Unknown!","0:00:00","0:00:00","0.00","0.00","#Unknown!","17,456.00","555.55","0.81","301.01","#Unknown!"
"12/2/2016","4/24/2013","#Unknown!","429.25","333.33","#Unknown!","0:00:00","0:00:00","0.00","0.00","#Unknown!","10,646.00","333.33","1.14","302.02","#Unknown!"
"12/3/2016","7/15/2013","#Unknown!","634.38","444.44","#Unknown!","0:00:00","0:00:00","0.00","0.00","#Unknown!","6,459.00","444.44","1.96","303.03","#Unknown!"
"12/4/2016","1/18/2013","#Unknown!","841.52","111.11","#Unknown!","0:00:00","0:00:00","0.00","0.00","#Unknown!","5,250.00","111.11","0.18","304.04","#Unknown!"
"12/5/2016","10/8/2013","#Unknown!","1050.65","222.22","#Unknown!","0:00:00","0:00:00","0.00","0.00","#Unknown!","7,518.00","222.22","2.81","305.05","#Unknown!"
"12/6/2016","8/8/2013","#Unknown!","1261.79","555.55","#Unknown!","0:00:00","0:00:00","0.00","0.00","#Unknown!","7,764.00","555.55","2.20","306.06","#Unknown!"
"12/7/2016","1/19/2013","#Unknown!","1474.92","333.33","#Unknown!","0:00:00","0:00:00","0.00","0.00","#Unknown!","5,139.00","333.33","0.19","307.07","#Unknown!"
"12/8/2016","2/27/2013","#Unknown!","1690.07","444.44","#Unknown!","0:00:00","0:00:00","0.00","0.00","#Unknown!","717.00","444.44","0.58","308.08","#Unknown!"
"12/9/2016","10/9/2013","#Unknown!","1907.21","111.11","#Unknown!","0:00:00","0:00:00","0.00","0.00","#Unknown!","13,879.00","111.11","2.82","309.09","#Unknown!"
"12/10/2016","10/10/2013","#Unknown!","2126.35","222.22","#Unknown!","0:00:00","0:00:00","0.00","0.00","#Unknown!","10,209.00","222.22","2.83","310.10","#Unknown!"
"12/11/2016","1/20/2013","#Unknown!","2347.50","555.55","#Unknown!","0:00:00","0:00:00","0.00","0.00","#Unknown!","2,990.00","555.55","0.20","311.10","#Unknown!"
"12/1/2016","4/25/2013","#Unknown!","226.13","333.33","#Unknown!","0:00:00","0:00:00","0.00","0.00","#Unknown!","6,520.00","333.33","1.15","301.01","#Unknown!"
"12/2/2016","11/18/2013","#Unknown!","429.25","444.44","#Unknown!","0:00:00","0:00:00","0.00","0.00","#Unknown!","12,243.00","444.44","3.22","302.02","#Unknown!"
"12/3/2016","1/21/2013","#Unknown!","634.38","111.11","#Unknown!","0:00:00","0:00:00","0.00","0.00","#Unknown!","3,279.00","111.11","0.21","303.03","#Unknown!"
"12/4/2016","7/13/2013","#Unknown!","841.52","222.22","#Unknown!","0:00:00","0:00:00","0.00","0.00","#Unknown!","60,879.00","222.22","1.94","304.04","#Unknown!"
"12/5/2016","3/30/2013","#Unknown!","1050.65","555.55","#Unknown!","0:00:00","0:00:00","0.00","0.00","#Unknown!","337.00","555.55","0.89","305.05","#Unknown!"
"12/6/2016","4/4/2013","#Unknown!","1261.79","333.33","#Unknown!","0:00:00","0:00:00","0.00","0.00","#Unknown!","706.00","333.33","0.94","306.06","#Unknown!"
"12/7/2016","8/31/2013","#Unknown!","1474.92","444.44","#Unknown!","0:00:00","0:00:00","0.00","0.00","#Unknown!","22,157.00","444.44","2.43","307.07","#Unknown!"
"12/8/2016","2/25/2013","#Unknown!","1690.07","111.11","#Unknown!","0:00:00","0:00:00","0.00","0.00","#Unknown!","2,032.00","111.11","0.56","308.08","#Unknown!"
"12/9/2016","10/11/2013","#Unknown!","1907.21","222.22","#Unknown!","0:00:00","0:00:00","0.00","0.00","#Unknown!","10,791.00","222.22","2.84","309.09","#Unknown!"
"12/10/2016","5/15/2013","#Unknown!","2126.35","555.55","#Unknown!","0:00:00","0:00:00","0.00","0.00","#Unknown!","17,346.00","555.55","1.35","310.10","#Unknown!"
"12/11/2016","5/16/2013","#Unknown!","2347.50","333.33","#Unknown!","0:00:00","0:00:00","0.00","0.00","#Unknown!","2,481.00","333.33","1.36","311.10","#Unknown!"
"12/1/2016","6/21/2013","#Unknown!","226.13","444.44","#Unknown!","0:00:00","0:00:00","0.00","0.00","#Unknown!","13,547.00","444.44","1.72","301.01","#Unknown!"
"12/2/2016","1/22/2013","#Unknown!","429.25","111.11","#Unknown!","0:00:00","0:00:00","0.00","0.00","#Unknown!","39,880.00","111.11","0.22","302.02","#Unknown!"
"12/3/2016","6/22/2013","#Unknown!","634.38","222.22","#Unknown!","0:00:00","0:00:00","0.00","0.00","#Unknown!","5,911.00","222.22","1.73","303.03","#Unknown!"
"12/4/2016","6/23/2013","#Unknown!","841.52","555.55","#Unknown!","0:00:00","0:00:00","0.00","0.00","#Unknown!","14,925.00","555.55","1.74","304.04","#Unknown!"
"12/5/2016","4/26/2013","#Unknown!","1050.65","333.33","#Unknown!","0:00:00","0:00:00","0.00","0.00","#Unknown!","4,382.00","333.33","1.16","305.05","#Unknown!"
"12/6/2016","6/24/2013","#Unknown!","1261.79","444.44","#Unknown!","0:00:00","0:00:00","0.00","0.00","#Unknown!","19,063.00","444.44","1.75","306.06","#Unknown!"
"12/7/2016","9/1/2013","#Unknown!","1474.92","111.11","#Unknown!","0:00:00","0:00:00","0.00","0.00","#Unknown!","10,293.00","111.11","2.44","307.07","#Unknown!"
"12/8/2016","1/23/2013","#Unknown!","1690.07","222.22","#Unknown!","0:00:00","0:00:00","0.00","0.00","#Unknown!","2,180.00","222.22","0.23","308.08","#Unknown!"
"12/9/2016","8/9/2013","#Unknown!","1907.21","555.55","#Unknown!","0:00:00","0:00:00","0.00","0.00","#Unknown!","13,175.00","555.55","2.21","309.09","#Unknown!"
"12/10/2016","10/17/2013","#Unknown!","2126.35","333.33","#Unknown!","0:00:00","0:00:00","0.00","0.00","#Unknown!","12,629.00","333.33","2.90","310.10","#Unknown!"
"12/11/2016","10/13/2013","#Unknown!","2347.50","444.44","#Unknown!","0:00:00","0:00:00","0.00","0.00","#Unknown!","10,602.00","444.44","2.86","311.10","#Unknown!"
"12/1/2016","5/17/2013","#Unknown!","226.13","111.11","#Unknown!","0:00:00","0:00:00","0.00","0.00","#Unknown!","8,055.00","111.11","1.37","301.01","#Unknown!"
"12/2/2016","2/28/2013","#Unknown!","429.25","222.22","#Unknown!","0:00:00","0:00:00","0.00","0.00","#Unknown!","3,091.00","222.22","0.59","302.02","#Unknown!"
"12/3/2016","7/16/2013","#Unknown!","634.38","555.55","#Unknown!","0:00:00","0:00:00","0.00","0.00","#Unknown!","76,377.00","555.55","1.97","303.03","#Unknown!"
"12/4/2016","3/2/2013","#Unknown!","841.52","333.33","#Unknown!","0:00:00","0:00:00","0.00","0.00","#Unknown!","5,943.00","333.33","0.61","304.04","#Unknown!"
"12/5/2016","5/18/2013","#Unknown!","1050.65","444.44","#Unknown!","0:00:00","0:00:00","0.00","0.00","#Unknown!","10,970.00","444.44","1.38","305.05","#Unknown!"
"12/6/2016","3/3/2013","#Unknown!","1261.79","111.11","#Unknown!","0:00:00","0:00:00","0.00","0.00","#Unknown!","5,025.00","111.11","0.62","306.06","#Unknown!"
"12/7/2016","4/27/2013","#Unknown!","1474.92","222.22","#Unknown!","0:00:00","0:00:00","0.00","0.00","#Unknown!","40,759.00","222.22","1.17","307.07","#Unknown!"
"12/8/2016","1/24/2013","#Unknown!","1690.07","555.55","#Unknown!","0:00:00","0:00:00","0.00","0.00","#Unknown!","1,851.00","555.55","0.24","308.08","#Unknown!"
"12/9/2016","10/23/2013","#Unknown!","1907.21","333.33","#Unknown!","0:00:00","0:00:00","0.00","0.00","#Unknown!","31,394.00","333.33","2.96","309.09","#Unknown!"
"12/10/2016","3/27/2013","#Unknown!","2126.35","444.44","#Unknown!","0:00:00","0:00:00","0.00","0.00","#Unknown!","711.00","444.44","0.86","310.10","#Unknown!"
"12/11/2016","7/2/2013","#Unknown!","2347.50","111.11","#Unknown!","0:00:00","0:00:00","0.00","0.00","#Unknown!","6,362.00","111.11","1.83","311.10","#Unknown!"
"12/1/2016","4/28/2013","#Unknown!","226.13","222.22","#Unknown!","0:00:00","0:00:00","0.00","0.00","#Unknown!","8,924.00","222.22","1.18","301.01","#Unknown!"
"12/2/2016","2/16/2013","#Unknown!","429.25","555.55","#Unknown!","0:00:00","0:00:00","0.00","0.00","#Unknown!","15,784.00","555.55","0.47","302.02","#Unknown!"
"12/3/2016","7/19/2013","#Unknown!","634.38","333.33","#Unknown!","0:00:00","0:00:00","0.00","0.00","#Unknown!","106,519.00","333.33","2.00","303.03","#Unknown!"
"12/4/2016","1/25/2013","#Unknown!","841.52","444.44","#Unknown!","0:00:00","0:00:00","0.00","0.00","#Unknown!","21,103.00","444.44","0.25","304.04","#Unknown!"
"12/5/2016","4/29/2013","#Unknown!","1050.65","111.11","#Unknown!","0:00:00","0:00:00","0.00","0.00","#Unknown!","10,086.00","111.11","1.19","305.05","#Unknown!"
"12/6/2016","7/29/2013","#Unknown!","1261.79","222.22","#Unknown!","0:00:00","0:00:00","0.00","0.00","#Unknown!","90,329.00","222.22","2.10","306.06","#Unknown!"
"12/7/2016","8/10/2013","#Unknown!","1474.92","555.55","#Unknown!","0:00:00","0:00:00","0.00","0.00","#Unknown!","11,596.00","555.55","2.22","307.07","#Unknown!"
"12/8/2016","9/19/2013","#Unknown!","1690.07","333.33","#Unknown!","0:00:00","0:00:00","0.00","0.00","#Unknown!","59,450.00","333.33","2.62","308.08","#Unknown!"
"12/9/2016","8/11/2013","#Unknown!","1907.21","444.44","#Unknown!","0:00:00","0:00:00","0.00","0.00","#Unknown!","5,136.00","444.44","2.23","309.09","#Unknown!"
"12/10/2016","9/2/2013","#Unknown!","2126.35","111.11","#Unknown!","0:00:00","0:00:00","0.00","0.00","#Unknown!","23,184.00","111.11","2.45","310.10","#Unknown!"
"12/11/2016","8/12/2013","#Unknown!","2347.50","222.22","#Unknown!","0:00:00","0:00:00","0.00","0.00","#Unknown!","19,808.00","222.22","2.24","311.10","#Unknown!"
"12/1/2016","12/3/2013","#Unknown!","226.13","555.55","#Unknown!","0:00:00","0:00:00","0.00","0.00","#Unknown!","4,907.00","555.55","3.37","301.01","#Unknown!"
"12/2/2016","6/25/2013","#Unknown!","429.25","333.33","#Unknown!","0:00:00","0:00:00","0.00","0.00","#Unknown!","38,499.00","333.33","1.76","302.02","#Unknown!"
"12/3/2016","9/3/2013","#Unknown!","634.38","444.44","#Unknown!","0:00:00","0:00:00","0.00","0.00","#Unknown!","25,132.00","444.44","2.46","303.03","#Unknown!"
"12/4/2016","11/19/2013","#Unknown!","841.52","111.11","#Unknown!","0:00:00","0:00:00","0.00","0.00","#Unknown!","14,006.00","111.11","3.23","304.04","#Unknown!"
"12/5/2016","12/4/2013","#Unknown!","1050.65","222.22","#Unknown!","0:00:00","0:00:00","0.00","0.00","#Unknown!","6,045.00","222.22","3.38","305.05","#Unknown!"
"12/6/2016","6/26/2013","#Unknown!","1261.79","555.55","#Unknown!","0:00:00","0:00:00","0.00","0.00","#Unknown!","10,106.00","555.55","1.77","306.06","#Unknown!"
"12/7/2016","9/4/2013","#Unknown!","1474.92","333.33","#Unknown!","0:00:00","0:00:00","0.00","0.00","#Unknown!","12,024.00","333.33","2.47","307.07","#Unknown!"
"12/8/2016","9/24/2013","#Unknown!","1690.07","444.44","#Unknown!","0:00:00","0:00:00","0.00","0.00","#Unknown!","56,173.00","444.44","2.67","308.08","#Unknown!"
"12/9/2016","9/5/2013","#Unknown!","1907.21","111.11","#Unknown!","0:00:00","0:00:00","0.00","0.00","#Unknown!","12,752.00","111.11","2.48","309.09","#Unknown!"
"12/10/2016","9/26/2013","#Unknown!","2126.35","222.22","#Unknown!","0:00:00","0:00:00","0.00","0.00","#Unknown!","26,983.00","222.22","2.69","310.10","#Unknown!"
"12/11/2016","6/27/2013","#Unknown!","2347.50","555.55","#Unknown!","0:00:00","0:00:00","0.00","0.00","#Unknown!","5,839.00","555.55","1.78","311.10","#Unknown!"
"12/1/2016","7/20/2013","#Unknown!","226.13","333.33","#Unknown!","0:00:00","0:00:00","0.00","0.00","#Unknown!","6,338.00","333.33","2.01","301.01","#Unknown!"
"12/2/2016","7/17/2013","#Unknown!","429.25","444.44","#Unknown!","0:00:00","0:00:00","0.00","0.00","#Unknown!","47,255.00","444.44","1.98","302.02","#Unknown!"
"12/3/2016","10/12/2013","#Unknown!","634.38","111.11","#Unknown!","0:00:00","0:00:00","0.00","0.00","#Unknown!","23,116.00","111.11","2.85","303.03","#Unknown!"
"12/4/2016","3/4/2013","#Unknown!","841.52","222.22","#Unknown!","0:00:00","0:00:00","0.00","0.00","#Unknown!","521.00","222.22","0.63","304.04","#Unknown!"
"12/5/2016","8/13/2013","#Unknown!","1050.65","555.55","#Unknown!","0:00:00","0:00:00","0.00","0.00","#Unknown!","8,987.00","555.55","2.25","305.05","#Unknown!"
"12/6/2016","6/28/2013","#Unknown!","1261.79","333.33","#Unknown!","0:00:00","0:00:00","0.00","0.00","#Unknown!","27,999.00","333.33","1.79","306.06","#Unknown!"
"12/7/2016","5/19/2013","#Unknown!","1474.92","444.44","#Unknown!","0:00:00","0:00:00","0.00","0.00","#Unknown!","13,261.00","444.44","1.39","307.07","#Unknown!"
"12/8/2016","9/6/2013","#Unknown!","1690.07","111.11","#Unknown!","0:00:00","0:00:00","0.00","0.00","#Unknown!","7,891.00","111.11","2.49","308.08","#Unknown!"
"12/9/2016","5/20/2013","#Unknown!","1907.21","222.22","#Unknown!","0:00:00","0:00:00","0.00","0.00","#Unknown!","3,190.00","222.22","1.40","309.09","#Unknown!"
"12/10/2016","9/29/2013","#Unknown!","2126.35","555.55","#Unknown!","0:00:00","0:00:00","0.00","0.00","#Unknown!","27,003.00","555.55","2.72","310.10","#Unknown!"
"12/11/2016","4/5/2013","#Unknown!","2347.50","333.33","#Unknown!","0:00:00","0:00:00","0.00","0.00","#Unknown!","121.00","333.33","0.95","311.10","#Unknown!"
"12/1/2016","1/26/2013","#Unknown!","226.13","444.44","#Unknown!","0:00:00","0:00:00","0.00","0.00","#Unknown!","8,560.00","444.44","0.26","301.01","#Unknown!"
"12/2/2016","4/6/2013","#Unknown!","429.25","111.11","#Unknown!","0:00:00","0:00:00","0.00","0.00","#Unknown!","8,437.00","111.11","0.96","302.02","#Unknown!"
"12/3/2016","3/6/2013","#Unknown!","634.38","222.22","#Unknown!","0:00:00","0:00:00","0.00","0.00","#Unknown!","961.00","222.22","0.65","303.03","#Unknown!"
"12/4/2016","2/9/2013","#Unknown!","841.52","555.55","#Unknown!","0:00:00","0:00:00","0.00","0.00","#Unknown!","838.00","555.55","0.40","304.04","#Unknown!"
"12/5/2016","3/15/2013","#Unknown!","1050.65","333.33","#Unknown!","0:00:00","0:00:00","0.00","0.00","#Unknown!","167.00","333.33","0.74","305.05","#Unknown!"
"12/6/2016","8/1/2013","#Unknown!","1261.79","444.44","#Unknown!","0:00:00","0:00:00","0.00","0.00","#Unknown!","3,410.00","444.44","2.13","306.06","#Unknown!"
"12/7/2016","11/7/2013","#Unknown!","1474.92","111.11","#Unknown!","0:00:00","0:00:00","0.00","0.00","#Unknown!","10,172.00","111.11","3.11","307.07","#Unknown!"
"12/8/2016","6/29/2013","#Unknown!","1690.07","222.22","#Unknown!","0:00:00","0:00:00","0.00","0.00","#Unknown!","33,006.00","222.22","1.80","308.08","#Unknown!"
"12/9/2016","10/31/2013","#Unknown!","1907.21","555.55","#Unknown!","0:00:00","0:00:00","0.00","0.00","#Unknown!","28,886.00","555.55","3.04","309.09","#Unknown!"
"12/10/2016","3/1/2013","#Unknown!","2126.35","333.33","#Unknown!","0:00:00","0:00:00","0.00","0.00","#Unknown!","228.00","333.33","0.60","310.10","#Unknown!"
"12/11/2016","12/5/2013","#Unknown!","2347.50","444.44","#Unknown!","0:00:00","0:00:00","0.00","0.00","#Unknown!","95,072.00","444.44","3.39","311.10","#Unknown!"
"12/1/2016","5/21/2013","#Unknown!","226.13","111.11","#Unknown!","0:00:00","0:00:00","0.00","0.00","#Unknown!","999.00","111.11","1.41","301.01","#Unknown!"
"12/2/2016","3/5/2013","#Unknown!","429.25","222.22","#Unknown!","0:00:00","0:00:00","0.00","0.00","#Unknown!","1,509.00","222.22","0.64","302.02","#Unknown!"
"12/3/2016","4/8/2013","#Unknown!","634.38","555.55","#Unknown!","0:00:00","0:00:00","0.00","0.00","#Unknown!","990.00","555.55","0.98","303.03","#Unknown!"
"12/4/2016","8/15/2013","#Unknown!","841.52","333.33","#Unknown!","0:00:00","0:00:00","0.00","0.00","#Unknown!","6,666.00","333.33","2.27","304.04","#Unknown!"
"12/5/2016","8/14/2013","#Unknown!","1050.65","444.44","#Unknown!","0:00:00","0:00:00","0.00","0.00","#Unknown!","17,416.00","444.44","2.26","305.05","#Unknown!"
"12/6/2016","10/26/2013","#Unknown!","1261.79","111.11","#Unknown!","0:00:00","0:00:00","0.00","0.00","#Unknown!","85,146.00","111.11","2.99","306.06","#Unknown!"
"12/7/2016","9/7/2013","#Unknown!","1474.92","222.22","#Unknown!","0:00:00","0:00:00","0.00","0.00","#Unknown!","11,227.00","222.22","2.50","307.07","#Unknown!"
"12/8/2016","3/7/2013","#Unknown!","1690.07","555.55","#Unknown!","0:00:00","0:00:00","0.00","0.00","#Unknown!","13,708.00","555.55","0.66","308.08","#Unknown!"
"12/9/2016","7/18/2013","#Unknown!","1907.21","333.33","#Unknown!","0:00:00","0:00:00","0.00","0.00","#Unknown!","28,352.00","333.33","1.99","309.09","#Unknown!"
"12/10/2016","12/7/2013","#Unknown!","2126.35","444.44","#Unknown!","0:00:00","0:00:00","0.00","0.00","#Unknown!","28,712.00","444.44","3.41","310.10","#Unknown!"
"12/11/2016","5/24/2013","#Unknown!","2347.50","111.11","#Unknown!","0:00:00","0:00:00","0.00","0.00","#Unknown!","4,680.00","111.11","1.44","311.10","#Unknown!"
"12/1/2016","7/21/2013","#Unknown!","226.13","222.22","#Unknown!","0:00:00","0:00:00","0.00","0.00","#Unknown!","14,892.00","222.22","2.02","301.01","#Unknown!"
"12/2/2016","1/27/2013","#Unknown!","429.25","555.55","#Unknown!","0:00:00","0:00:00","0.00","0.00","#Unknown!","28,549.00","555.55","0.27","302.02","#Unknown!"
"12/3/2016","5/22/2013","#Unknown!","634.38","333.33","#Unknown!","0:00:00","0:00:00","0.00","0.00","#Unknown!","14,155.00","333.33","1.42","303.03","#Unknown!"
"12/4/2016","5/23/2013","#Unknown!","841.52","444.44","#Unknown!","0:00:00","0:00:00","0.00","0.00","#Unknown!","15,707.00","444.44","1.43","304.04","#Unknown!"
"12/5/2016","4/9/2013","#Unknown!","1050.65","111.11","#Unknown!","0:00:00","0:00:00","0.00","0.00","#Unknown!","3,032.00","111.11","0.99","305.05","#Unknown!"
"12/6/2016","12/9/2013","#Unknown!","1261.79","222.22","#Unknown!","0:00:00","0:00:00","0.00","0.00","#Unknown!","19,031.00","222.22","3.43","306.06","#Unknown!"
"12/7/2016","9/8/2013","#Unknown!","1474.92","555.55","#Unknown!","0:00:00","0:00:00","0.00","0.00","#Unknown!","10,506.00","555.55","2.51","307.07","#Unknown!"
"12/8/2016","9/9/2013","#Unknown!","1690.07","333.33","#Unknown!","0:00:00","0:00:00","0.00","0.00","#Unknown!","28,602.00","333.33","2.52","308.08","#Unknown!"
"12/9/2016","11/8/2013","#Unknown!","1907.21","444.44","#Unknown!","0:00:00","0:00:00","0.00","0.00","#Unknown!","4,527.00","444.44","3.12","309.09","#Unknown!"
"12/10/2016","1/28/2013","#Unknown!","2126.35","111.11","#Unknown!","0:00:00","0:00:00","0.00","0.00","#Unknown!","1,902.00","111.11","0.28","310.10","#Unknown!"
"12/11/2016","4/10/2013","#Unknown!","2347.50","222.22","#Unknown!","0:00:00","0:00:00","0.00","0.00","#Unknown!","7,839.00","222.22","1.00","311.10","#Unknown!"
"12/1/2016","11/20/2013","#Unknown!","226.13","555.55","#Unknown!","0:00:00","0:00:00","0.00","0.00","#Unknown!","5,890.00","555.55","3.24","301.01","#Unknown!"
"12/2/2016","3/10/2013","#Unknown!","429.25","333.33","#Unknown!","0:00:00","0:00:00","0.00","0.00","#Unknown!","1,612.00","333.33","0.69","302.02","#Unknown!"
"12/3/2016","5/25/2013","#Unknown!","634.38","444.44","#Unknown!","0:00:00","0:00:00","0.00","0.00","#Unknown!","13,709.00","444.44","1.45","303.03","#Unknown!"
"12/4/2016","1/29/2013","#Unknown!","841.52","111.11","#Unknown!","0:00:00","0:00:00","0.00","0.00","#Unknown!","12,140.00","111.11","0.29","304.04","#Unknown!"
"12/5/2016","6/11/2013","#Unknown!","1050.65","222.22","#Unknown!","0:00:00","0:00:00","0.00","0.00","#Unknown!","4,806.00","222.22","1.62","305.05","#Unknown!"
"12/6/2016","8/17/2013","#Unknown!","1261.79","555.55","#Unknown!","0:00:00","0:00:00","0.00","0.00","#Unknown!","51,251.00","555.55","2.29","306.06","#Unknown!"
"12/7/2016","1/2/2013","#Unknown!","1474.92","333.33","#Unknown!","0:00:00","0:00:00","0.00","0.00","#Unknown!","1,321.00","333.33","0.02","307.07","#Unknown!"
"12/8/2016","10/15/2013","#Unknown!","1690.07","444.44","#Unknown!","0:00:00","0:00:00","0.00","0.00","#Unknown!","17,837.00","444.44","2.88","308.08","#Unknown!"
"12/9/2016","4/30/2013","#Unknown!","1907.21","111.11","#Unknown!","0:00:00","0:00:00","0.00","0.00","#Unknown!","11,497.00","111.11","1.20","309.09","#Unknown!"
"12/10/2016","2/26/2013","#Unknown!","2126.35","222.22","#Unknown!","0:00:00","0:00:00","0.00","0.00","#Unknown!","847.00","222.22","0.57","310.10","#Unknown!"
"12/11/2016","4/11/2013","#Unknown!","2347.50","555.55","#Unknown!","0:00:00","0:00:00","0.00","0.00","#Unknown!","1,234.00","555.55","1.01","311.10","#Unknown!"
"12/1/2016","3/25/2013","#Unknown!","226.13","333.33","#Unknown!","0:00:00","0:00:00","0.00","0.00","#Unknown!","1,682.00","333.33","0.84","301.01","#Unknown!"
"12/2/2016","2/17/2013","#Unknown!","429.25","444.44","#Unknown!","0:00:00","0:00:00","0.00","0.00","#Unknown!","44,737.00","444.44","0.48","302.02","#Unknown!"
"12/3/2016","1/30/2013","#Unknown!","634.38","111.11","#Unknown!","0:00:00","0:00:00","0.00","0.00","#Unknown!","648.00","111.11","0.30","303.03","#Unknown!"
"12/4/2016","12/8/2013","#Unknown!","841.52","222.22","#Unknown!","0:00:00","0:00:00","0.00","0.00","#Unknown!","8,264.00","222.22","3.42","304.04","#Unknown!"
"12/5/2016","10/16/2013","#Unknown!","1050.65","555.55","#Unknown!","0:00:00","0:00:00","0.00","0.00","#Unknown!","56,468.00","555.55","2.89","305.05","#Unknown!"
"12/6/2016","10/18/2013","#Unknown!","1261.79","333.33","#Unknown!","0:00:00","0:00:00","0.00","0.00","#Unknown!","2,820.00","333.33","2.91","306.06","#Unknown!"
"12/7/2016","5/26/2013","#Unknown!","1474.92","444.44","#Unknown!","0:00:00","0:00:00","0.00","0.00","#Unknown!","3,413.00","444.44","1.46","307.07","#Unknown!"
"12/8/2016","11/21/2013","#Unknown!","1690.07","111.11","#Unknown!","0:00:00","0:00:00","0.00","0.00","#Unknown!","2,942.00","111.11","3.25","308.08","#Unknown!"
"12/9/2016","9/25/2013","#Unknown!","1907.21","222.22","#Unknown!","0:00:00","0:00:00","0.00","0.00","#Unknown!","92,271.00","222.22","2.68","309.09","#Unknown!"
"12/10/2016","10/19/2013","#Unknown!","2126.35","555.55","#Unknown!","0:00:00","0:00:00","0.00","0.00","#Unknown!","32,112.00","555.55","2.92","310.10","#Unknown!"
"12/11/2016","12/10/2013","#Unknown!","2347.50","333.33","#Unknown!","0:00:00","0:00:00","0.00","0.00","#Unknown!","13,383.00","333.33","3.44","311.10","#Unknown!"
"12/1/2016","7/22/2013","#Unknown!","226.13","444.44","#Unknown!","0:00:00","0:00:00","0.00","0.00","#Unknown!","24,747.00","444.44","2.03","301.01","#Unknown!"
"12/2/2016","12/11/2013","#Unknown!","429.25","111.11","#Unknown!","0:00:00","0:00:00","0.00","0.00","#Unknown!","11,608.00","111.11","3.45","302.02","#Unknown!"
"12/3/2016","9/22/2013","#Unknown!","634.38","222.22","#Unknown!","0:00:00","0:00:00","0.00","0.00","#Unknown!","51,755.00","222.22","2.65","303.03","#Unknown!"
"12/4/2016","3/11/2013","#Unknown!","841.52","555.55","#Unknown!","0:00:00","0:00:00","0.00","0.00","#Unknown!","1,475.00","555.55","0.70","304.04","#Unknown!"
"12/5/2016","12/12/2013","#Unknown!","1050.65","333.33","#Unknown!","0:00:00","0:00:00","0.00","0.00","#Unknown!","5,232.00","333.33","3.46","305.05","#Unknown!"
"12/6/2016","10/20/2013","#Unknown!","1261.79","444.44","#Unknown!","0:00:00","0:00:00","0.00","0.00","#Unknown!","17,489.00","444.44","2.93","306.06","#Unknown!"
"12/7/2016","8/18/2013","#Unknown!","1474.92","111.11","#Unknown!","0:00:00","0:00:00","0.00","0.00","#Unknown!","6,952.00","111.11","2.30","307.07","#Unknown!"
"12/8/2016","4/12/2013","#Unknown!","1690.07","222.22","#Unknown!","0:00:00","0:00:00","0.00","0.00","#Unknown!","393.00","222.22","1.02","308.08","#Unknown!"
"12/9/2016","8/19/2013","#Unknown!","1907.21","555.55","#Unknown!","0:00:00","0:00:00","0.00","0.00","#Unknown!","5,856.00","555.55","2.31","309.09","#Unknown!"
"12/10/2016","4/13/2013","#Unknown!","2126.35","333.33","#Unknown!","0:00:00","0:00:00","0.00","0.00","#Unknown!","1,258.00","333.33","1.03","310.10","#Unknown!"
"12/11/2016","1/31/2013","#Unknown!","2347.50","444.44","#Unknown!","0:00:00","0:00:00","0.00","0.00","#Unknown!","1,775.00","444.44","0.31","311.10","#Unknown!"
"12/1/2016","5/27/2013","#Unknown!","226.13","111.11","#Unknown!","0:00:00","0:00:00","0.00","0.00","#Unknown!","7,973.00","111.11","1.47","301.01","#Unknown!"
"12/2/2016","8/20/2013","#Unknown!","429.25","222.22","#Unknown!","0:00:00","0:00:00","0.00","0.00","#Unknown!","41,340.00","222.22","2.32","302.02","#Unknown!"
"12/3/2016","8/16/2013","#Unknown!","634.38","555.55","#Unknown!","0:00:00","0:00:00","0.00","0.00","#Unknown!","8,283.00","555.55","2.28","303.03","#Unknown!"
"12/4/2016","3/12/2013","#Unknown!","841.52","333.33","#Unknown!","0:00:00","0:00:00","0.00","0.00","#Unknown!","915.00","333.33","0.71","304.04","#Unknown!"
"12/5/2016","11/9/2013","#Unknown!","1050.65","444.44","#Unknown!","0:00:00","0:00:00","0.00","0.00","#Unknown!","20,675.00","444.44","3.13","305.05","#Unknown!"
"12/6/2016","7/30/2013","#Unknown!","1261.79","111.11","#Unknown!","0:00:00","0:00:00","0.00","0.00","#Unknown!","26,628.00","111.11","2.11","306.06","#Unknown!"
"12/7/2016","3/13/2013","#Unknown!","1474.92","222.22","#Unknown!","0:00:00","0:00:00","0.00","0.00","#Unknown!","692.00","222.22","0.72","307.07","#Unknown!"
"12/8/2016","9/10/2013","#Unknown!","1690.07","555.55","#Unknown!","0:00:00","0:00:00","0.00","0.00","#Unknown!","18,133.00","555.55","2.53","308.08","#Unknown!"
"12/9/2016","12/13/2013","#Unknown!","1907.21","333.33","#Unknown!","0:00:00","0:00:00","0.00","0.00","#Unknown!","13,722.00","333.33","3.47","309.09","#Unknown!"
"12/10/2016","9/11/2013","#Unknown!","2126.35","444.44","#Unknown!","0:00:00","0:00:00","0.00","0.00","#Unknown!","17,612.00","444.44","2.54","310.10","#Unknown!"
"12/11/2016","3/14/2013","#Unknown!","2347.50","111.11","#Unknown!","0:00:00","0:00:00","0.00","0.00","#Unknown!","3,257.00","111.11","0.73","311.10","#Unknown!"
"12/1/2016","4/14/2013","#Unknown!","226.13","222.22","#Unknown!","0:00:00","0:00:00","0.00","0.00","#Unknown!","1,893.00","222.22","1.04","301.01","#Unknown!"
"12/2/2016","6/30/2013","#Unknown!","429.25","555.55","#Unknown!","0:00:00","0:00:00","0.00","0.00","#Unknown!","4,119.00","555.55","1.81","302.02","#Unknown!"
"12/3/2016","5/1/2013","#Unknown!","634.38","333.33","#Unknown!","0:00:00","0:00:00","0.00","0.00","#Unknown!","7,211.00","333.33","1.21","303.03","#Unknown!"
"12/4/2016","5/28/2013","#Unknown!","841.52","444.44","#Unknown!","0:00:00","0:00:00","0.00","0.00","#Unknown!","35,608.00","444.44","1.48","304.04","#Unknown!"
"12/5/2016","2/1/2013","#Unknown!","1050.65","111.11","#Unknown!","0:00:00","0:00:00","0.00","0.00","#Unknown!","1,771.00","111.11","0.32","305.05","#Unknown!"
"12/6/2016","12/2/2013","#Unknown!","1261.79","222.22","#Unknown!","0:00:00","0:00:00","0.00","0.00","#Unknown!","18,165.00","222.22","3.36","306.06","#Unknown!"
"12/7/2016","9/18/2013","#Unknown!","1474.92","555.55","#Unknown!","0:00:00","0:00:00","0.00","0.00","#Unknown!","75,754.00","555.55","2.61","307.07","#Unknown!"
"12/8/2016","2/3/2013","#Unknown!","1690.07","333.33","#Unknown!","0:00:00","0:00:00","0.00","0.00","#Unknown!","17,514.00","333.33","0.34","308.08","#Unknown!"
"12/9/2016","2/2/2013","#Unknown!","1907.21","444.44","#Unknown!","0:00:00","0:00:00","0.00","0.00","#Unknown!","5,792.00","444.44","0.33","309.09","#Unknown!"
"12/10/2016","7/1/2013","#Unknown!","2126.35","111.11","#Unknown!","0:00:00","0:00:00","0.00","0.00","#Unknown!","9,767.00","111.11","1.82","310.10","#Unknown!"
"12/11/2016","5/29/2013","#Unknown!","2347.50","222.22","#Unknown!","0:00:00","0:00:00","0.00","0.00","#Unknown!","16,719.00","222.22","1.49","311.10","#Unknown!"
"12/1/2016","2/4/2013","#Unknown!","226.13","555.55","#Unknown!","0:00:00","0:00:00","0.00","0.00","#Unknown!","9,502.00","555.55","0.35","301.01","#Unknown!"
"12/2/2016","5/30/2013","#Unknown!","429.25","333.33","#Unknown!","0:00:00","0:00:00","0.00","0.00","#Unknown!","11,688.00","333.33","1.50","302.02","#Unknown!"
"12/3/2016","2/15/2013","#Unknown!","634.38","444.44","#Unknown!","0:00:00","0:00:00","0.00","0.00","#Unknown!","153,060.00","444.44","0.46","303.03","#Unknown!"
"12/4/2016","5/31/2013","#Unknown!","841.52","111.11","#Unknown!","0:00:00","0:00:00","0.00","0.00","#Unknown!","7,808.00","111.11","1.51","304.04","#Unknown!"
"12/5/2016","3/17/2013","#Unknown!","1050.65","222.22","#Unknown!","0:00:00","0:00:00","0.00","0.00","#Unknown!","1,947.00","222.22","0.76","305.05","#Unknown!"
"12/6/2016","9/27/2013","#Unknown!","1261.79","555.55","#Unknown!","0:00:00","0:00:00","0.00","0.00","#Unknown!","21,437.00","555.55","2.70","306.06","#Unknown!"
"12/7/2016","9/12/2013","#Unknown!","1474.92","333.33","#Unknown!","0:00:00","0:00:00","0.00","0.00","#Unknown!","26,962.00","333.33","2.55","307.07","#Unknown!"
"12/8/2016","7/3/2013","#Unknown!","1690.07","444.44","#Unknown!","0:00:00","0:00:00","0.00","0.00","#Unknown!","6,590.00","444.44","1.84","308.08","#Unknown!"
"12/9/2016","6/1/2013","#Unknown!","1907.21","111.11","#Unknown!","0:00:00","0:00:00","0.00","0.00","#Unknown!","9,268.00","111.11","1.52","309.09","#Unknown!"
"12/10/2016","7/4/2013","#Unknown!","2126.35","222.22","#Unknown!","0:00:00","0:00:00","0.00","0.00","#Unknown!","17,659.00","222.22","1.85","310.10","#Unknown!"
"12/11/2016","4/15/2013","#Unknown!","2347.50","555.55","#Unknown!","0:00:00","0:00:00","0.00","0.00","#Unknown!","3,684.00","555.55","1.05","311.10","#Unknown!"
"12/1/2016","6/9/2013","#Unknown!","226.13","333.33","#Unknown!","0:00:00","0:00:00","0.00","0.00","#Unknown!","8,963.00","333.33","1.60","301.01","#Unknown!"
"12/2/2016","7/31/2013","#Unknown!","429.25","444.44","#Unknown!","0:00:00","0:00:00","0.00","0.00","#Unknown!","13,787.00","444.44","2.12","302.02","#Unknown!"
"12/3/2016","12/14/2013","#Unknown!","634.38","111.11","#Unknown!","0:00:00","0:00:00","0.00","0.00","#Unknown!","15,865.00","111.11","3.48","303.03","#Unknown!"
"12/4/2016","12/16/2013","#Unknown!","841.52","222.22","#Unknown!","0:00:00","0:00:00","0.00","0.00","#Unknown!","55,874.00","222.22","3.50","304.04","#Unknown!"
"12/5/2016","5/2/2013","#Unknown!","1050.65","555.55","#Unknown!","0:00:00","0:00:00","0.00","0.00","#Unknown!","8,013.00","555.55","1.22","305.05","#Unknown!"
"12/6/2016","7/23/2013","#Unknown!","1261.79","333.33","#Unknown!","0:00:00","0:00:00","0.00","0.00","#Unknown!","28,961.00","333.33","2.04","306.06","#Unknown!"
"12/7/2016","11/10/2013","#Unknown!","1474.92","444.44","#Unknown!","0:00:00","0:00:00","0.00","0.00","#Unknown!","3,949.00","444.44","3.14","307.07","#Unknown!"
"12/8/2016","6/12/2013","#Unknown!","1690.07","111.11","#Unknown!","0:00:00","0:00:00","0.00","0.00","#Unknown!","485.00","111.11","1.63","308.08","#Unknown!"
"12/9/2016","8/21/2013","#Unknown!","1907.21","222.22","#Unknown!","0:00:00","0:00:00","0.00","0.00","#Unknown!","6,085.00","222.22","2.33","309.09","#Unknown!"
"12/10/2016","5/3/2013","#Unknown!","2126.35","555.55","#Unknown!","0:00:00","0:00:00","0.00","0.00","#Unknown!","8,926.00","555.55","1.23","310.10","#Unknown!"
"12/11/2016","11/23/2013","#Unknown!","2347.50","333.33","#Unknown!","0:00:00","0:00:00","0.00","0.00","#Unknown!","2,003.00","333.33","3.27","311.10","#Unknown!"
"12/1/2016","7/24/2013","#Unknown!","226.13","444.44","#Unknown!","0:00:00","0:00:00","0.00","0.00","#Unknown!","11,292.00","444.44","2.05","301.01","#Unknown!"
"12/2/2016","3/18/2013","#Unknown!","429.25","111.11","#Unknown!","0:00:00","0:00:00","0.00","0.00","#Unknown!","327.00","111.11","0.77","302.02","#Unknown!"
"12/3/2016","6/2/2013","#Unknown!","634.38","222.22","#Unknown!","0:00:00","0:00:00","0.00","0.00","#Unknown!","7,542.00","222.22","1.53","303.03","#Unknown!"
"12/4/2016","6/3/2013","#Unknown!","841.52","555.55","#Unknown!","0:00:00","0:00:00","0.00","0.00","#Unknown!","13,457.00","555.55","1.54","304.04","#Unknown!"
"12/5/2016","7/25/2013","#Unknown!","1050.65","333.33","#Unknown!","0:00:00","0:00:00","0.00","0.00","#Unknown!","24,932.00","333.33","2.06","305.05","#Unknown!"
"12/6/2016","2/5/2013","#Unknown!","1261.79","444.44","#Unknown!","0:00:00","0:00:00","0.00","0.00","#Unknown!","1,838.00","444.44","0.36","306.06","#Unknown!"
"12/7/2016","9/13/2013","#Unknown!","1474.92","111.11","#Unknown!","0:00:00","0:00:00","0.00","0.00","#Unknown!","24,070.00","111.11","2.56","307.07","#Unknown!"
"12/8/2016","10/25/2013","#Unknown!","1690.07","222.22","#Unknown!","0:00:00","0:00:00","0.00","0.00","#Unknown!","60,632.00","222.22","2.98","308.08","#Unknown!"
"12/9/2016","2/6/2013","#Unknown!","1907.21","555.55","#Unknown!","0:00:00","0:00:00","0.00","0.00","#Unknown!","9,872.00","555.55","0.37","309.09","#Unknown!"
"12/10/2016","11/11/2013","#Unknown!","2126.35","333.33","#Unknown!","0:00:00","0:00:00","0.00","0.00","#Unknown!","21,822.00","333.33","3.15","310.10","#Unknown!"
"12/11/2016","2/7/2013","#Unknown!","2347.50","444.44","#Unknown!","0:00:00","0:00:00","0.00","0.00","#Unknown!","5,135.00","444.44","0.38","311.10","#Unknown!"
"12/1/2016","4/16/2013","#Unknown!","226.13","111.11","#Unknown!","0:00:00","0:00:00","0.00","0.00","#Unknown!","780.00","111.11","1.06","301.01","#Unknown!"
"12/2/2016","2/20/2013","#Unknown!","429.25","222.22","#Unknown!","0:00:00","0:00:00","0.00","0.00","#Unknown!","538.00","222.22","0.51","302.02","#Unknown!"
"12/3/2016","10/27/2013","#Unknown!","634.38","555.55","#Unknown!","0:00:00","0:00:00","0.00","0.00","#Unknown!","31,915.00","555.55","3.00","303.03","#Unknown!"
"12/4/2016","7/5/2013","#Unknown!","841.52","333.33","#Unknown!","0:00:00","0:00:00","0.00","0.00","#Unknown!","12,994.00","333.33","1.86","304.04","#Unknown!"
"12/5/2016","6/4/2013","#Unknown!","1050.65","444.44","#Unknown!","0:00:00","0:00:00","0.00","0.00","#Unknown!","16,767.00","444.44","1.55","305.05","#Unknown!"
"12/6/2016","10/30/2013","#Unknown!","1261.79","111.11","#Unknown!","0:00:00","0:00:00","0.00","0.00","#Unknown!","27,982.00","111.11","3.03","306.06","#Unknown!"
"12/7/2016","11/24/2013","#Unknown!","1474.92","222.22","#Unknown!","0:00:00","0:00:00","0.00","0.00","#Unknown!","2,750.00","222.22","3.28","307.07","#Unknown!"
"12/8/2016","4/17/2013","#Unknown!","1690.07","555.55","#Unknown!","0:00:00","0:00:00","0.00","0.00","#Unknown!","848.00","555.55","1.07","308.08","#Unknown!"
"12/9/2016","8/22/2013","#Unknown!","1907.21","333.33","#Unknown!","0:00:00","0:00:00","0.00","0.00","#Unknown!","4,875.00","333.33","2.34","309.09","#Unknown!"
"12/10/2016","6/7/2013","#Unknown!","2126.35","444.44","#Unknown!","0:00:00","0:00:00","0.00","0.00","#Unknown!","7,669.00","444.44","1.58","310.10","#Unknown!"
"12/11/2016","10/21/2013","#Unknown!","2347.50","111.11","#Unknown!","0:00:00","0:00:00","0.00","0.00","#Unknown!","6,916.00","111.11","2.94","311.10","#Unknown!"
"12/1/2016","6/8/2013","#Unknown!","226.13","222.22","#Unknown!","0:00:00","0:00:00","0.00","0.00","#Unknown!","3,701.00","222.22","1.59","301.01","#Unknown!"
"12/2/2016","8/23/2013","#Unknown!","429.25","555.55","#Unknown!","0:00:00","0:00:00","0.00","0.00","#Unknown!","4,235.00","555.55","2.35","302.02","#Unknown!"
"12/3/2016","2/10/2013","#Unknown!","634.38","333.33","#Unknown!","0:00:00","0:00:00","0.00","0.00","#Unknown!","28,391.00","333.33","0.41","303.03","#Unknown!"
"12/4/2016","3/19/2013","#Unknown!","841.52","444.44","#Unknown!","0:00:00","0:00:00","0.00","0.00","#Unknown!","1,306.00","444.44","0.78","304.04","#Unknown!"
"12/5/2016","11/12/2013","#Unknown!","1050.65","111.11","#Unknown!","0:00:00","0:00:00","0.00","0.00","#Unknown!","2,740.00","111.11","3.16","305.05","#Unknown!"
"12/6/2016","6/6/2013","#Unknown!","1261.79","222.22","#Unknown!","0:00:00","0:00:00","0.00","0.00","#Unknown!","18,272.00","222.22","1.57","306.06","#Unknown!"
"12/7/2016","2/8/2013","#Unknown!","1474.92","555.55","#Unknown!","0:00:00","0:00:00","0.00","0.00","#Unknown!","41,094.00","555.55","0.39","307.07","#Unknown!"
"12/8/2016","7/26/2013","#Unknown!","1690.07","333.33","#Unknown!","0:00:00","0:00:00","0.00","0.00","#Unknown!","21,951.00","333.33","2.07","308.08","#Unknown!"
"12/9/2016","1/13/2013","#Unknown!","1907.21","444.44","#Unknown!","0:00:00","0:00:00","0.00","0.00","#Unknown!","1,607.00","444.44","0.13","309.09","#Unknown!"
"12/10/2016","4/23/2013","#Unknown!","2126.35","111.11","#Unknown!","0:00:00","0:00:00","0.00","0.00","#Unknown!","7,277.00","111.11","1.13","310.10","#Unknown!"
"12/11/2016","11/1/2013","#Unknown!","2347.50","222.22","#Unknown!","0:00:00","0:00:00","0.00","0.00","#Unknown!","11,261.00","222.22","3.05","311.10","#Unknown!"
"12/1/2016","12/17/2013","#Unknown!","226.13","555.55","#Unknown!","0:00:00","0:00:00","0.00","0.00","#Unknown!","15,532.00","555.55","3.51","301.01","#Unknown!"
"12/2/2016","9/14/2013","#Unknown!","429.25","333.33","#Unknown!","0:00:00","0:00:00","0.00","0.00","#Unknown!","14,618.00","333.33","2.57","302.02","#Unknown!"
"12/3/2016","9/30/2013","#Unknown!","634.38","444.44","#Unknown!","0:00:00","0:00:00","0.00","0.00","#Unknown!","53,743.00","444.44","2.73","303.03","#Unknown!"
"12/4/2016","2/11/2013","#Unknown!","841.52","111.11","#Unknown!","0:00:00","0:00:00","0.00","0.00","#Unknown!","1,496.00","111.11","0.42","304.04","#Unknown!"
"12/5/2016","10/22/2013","#Unknown!","1050.65","222.22","#Unknown!","0:00:00","0:00:00","0.00","0.00","#Unknown!","14,489.00","222.22","2.95","305.05","#Unknown!"
"12/6/2016","2/12/2013","#Unknown!","1261.79","555.55","#Unknown!","0:00:00","0:00:00","0.00","0.00","#Unknown!","14,219.00","555.55","0.43","306.06","#Unknown!"
"12/7/2016","2/13/2013","#Unknown!","1474.92","333.33","#Unknown!","0:00:00","0:00:00","0.00","0.00","#Unknown!","2,482.00","333.33","0.44","307.07","#Unknown!"
"12/8/2016","3/20/2013","#Unknown!","1690.07","444.44","#Unknown!","0:00:00","0:00:00","0.00","0.00","#Unknown!","7,754.00","444.44","0.79","308.08","#Unknown!"
"12/9/2016","7/27/2013","#Unknown!","1907.21","111.11","#Unknown!","0:00:00","0:00:00","0.00","0.00","#Unknown!","22,325.00","111.11","2.08","309.09","#Unknown!"
"12/10/2016","5/4/2013","#Unknown!","2126.35","222.22","#Unknown!","0:00:00","0:00:00","0.00","0.00","#Unknown!","10,300.00","222.22","1.24","310.10","#Unknown!"
"12/11/2016","7/28/2013","#Unknown!","2347.50","555.55","#Unknown!","0:00:00","0:00:00","0.00","0.00","#Unknown!","21,374.00","555.55","2.09","311.10","#Unknown!"
"12/1/2016","3/21/2013","#Unknown!","226.13","333.33","#Unknown!","0:00:00","0:00:00","0.00","0.00","#Unknown!","899.00","333.33","0.80","301.01","#Unknown!"
"12/2/2016","9/23/2013","#Unknown!","429.25","444.44","#Unknown!","0:00:00","0:00:00","0.00","0.00","#Unknown!","17,497.00","444.44","2.66","302.02","#Unknown!"
"12/3/2016","7/6/2013","#Unknown!","634.38","111.11","#Unknown!","0:00:00","0:00:00","0.00","0.00","#Unknown!","38,120.00","111.11","1.87","303.03","#Unknown!"
"12/4/2016","6/10/2013","#Unknown!","841.52","222.22","#Unknown!","0:00:00","0:00:00","0.00","0.00","#Unknown!","181,045.00","222.22","1.61","304.04","#Unknown!"
"12/5/2016","2/14/2013","#Unknown!","1050.65","555.55","#Unknown!","0:00:00","0:00:00","0.00","0.00","#Unknown!","1,156.00","555.55","0.45","305.05","#Unknown!"
"12/6/2016","9/15/2013","#Unknown!","1261.79","333.33","#Unknown!","0:00:00","0:00:00","0.00","0.00","#Unknown!","10,955.00","333.33","2.58","306.06","#Unknown!"
"12/7/2016","11/22/2013","#Unknown!","1474.92","444.44","#Unknown!","0:00:00","0:00:00","0.00","0.00","#Unknown!","23,793.00","444.44","3.26","307.07","#Unknown!"
"1/8/2015","10/14/2013","#Unknown!","828.28","111.11","#Unknown!","8:12:00","0:00:00","101.01","410.08","#Unknown!","15,985.00","111.11","2.87","808.08","#Unknown!"
"1/9/2015","6/15/2013","#Unknown!","938.58","222.22","#Unknown!","9:12:00","0:00:00","102.02","460.18","#Unknown!","21,924.00","222.22","1.66","909.09","#Unknown!"
"1/10/2015","12/6/2013","#Unknown!","1071.31","555.55","#Unknown!","10:12:00","0:00:00","105.03","510.51","#Unknown!","10,303.00","555.55","3.40","1,010.10","#Unknown!"
"1/11/2015","2/18/2013","#Unknown!","1154.05","333.33","#Unknown!","11:12:00","0:00:00","103.04","560.34","#Unknown!","8,485.00","333.33","0.49","1,111.11","#Unknown!"
"1/1/2015","1/1/2013","#Unknown!","124.86","444.44","#Unknown!","1:12:00","0:00:00","104.05","60.05","#Unknown!","28,438.00","444.44","0.01","101.01","#Unknown!"
"1/2/2015","2/24/2013","#Unknown!","222.33","111.11","#Unknown!","2:12:00","0:00:00","101.06","110.02","#Unknown!","494.00","111.11","0.55","202.02","#Unknown!"
"1/3/2015","8/2/2013","#Unknown!","326.62","222.22","#Unknown!","3:12:00","0:00:00","102.07","160.06","#Unknown!","16,283.00","222.22","2.14","303.03","#Unknown!"
"1/6/2015","1/3/2013","#Unknown!","651.50","555.55","#Unknown!","6:12:00","0:00:00","105.08","310.31","#Unknown!","37,819.00","555.55","0.03","606.06","#Unknown!"
"1/4/2015","7/8/2013","#Unknown!","432.98","333.33","#Unknown!","4:12:00","0:00:00","103.09","210.13","#Unknown!","33,201.00","333.33","1.89","404.04","#Unknown!"
"1/5/2015","11/4/2013","#Unknown!","541.32","444.44","#Unknown!","5:12:00","0:00:00","104.10","260.21","#Unknown!","311.00","444.44","3.08","505.05","#Unknown!"
"1/7/2015","10/28/2013","#Unknown!","727.99","111.11","#Unknown!","7:12:00","0:00:00","101.11","360.07","#Unknown!","42,844.00","111.11","3.01","707.07","#Unknown!"
"1/8/2015","4/19/2013","#Unknown!","837.38","222.22","#Unknown!","8:12:00","0:00:00","102.12","410.16","#Unknown!","6,081.00","222.22","1.09","808.08","#Unknown!"
"1/9/2015","4/20/2013","#Unknown!","967.20","555.55","#Unknown!","9:12:00","0:00:00","105.13","460.46","#Unknown!","3,074.00","555.55","1.10","909.09","#Unknown!"
"1/10/2015","3/23/2013","#Unknown!","1052.03","333.33","#Unknown!","10:12:00","0:00:00","103.14","510.31","#Unknown!","1,737.00","333.33","0.82","1,010.10","#Unknown!"
"1/11/2015","6/16/2013","#Unknown!","1166.48","444.44","#Unknown!","11:12:00","0:00:00","104.15","560.45","#Unknown!","16,593.00","444.44","1.67","1,111.11","#Unknown!"
"1/1/2015","3/24/2013","#Unknown!","121.39","111.11","#Unknown!","1:12:00","0:00:00","101.16","60.01","#Unknown!","11,584.00","111.11","0.83","101.01","#Unknown!"
"1/2/2015","11/26/2013","#Unknown!","224.77","222.22","#Unknown!","2:12:00","0:00:00","102.17","110.04","#Unknown!","43,593.00","222.22","3.30","202.02","#Unknown!"
"1/3/2015","5/5/2013","#Unknown!","336.58","555.55","#Unknown!","3:12:00","0:00:00","105.18","160.16","#Unknown!","16,188.00","555.55","1.25","303.03","#Unknown!"
"1/6/2015","10/2/2013","#Unknown!","639.78","333.33","#Unknown!","6:12:00","0:00:00","103.19","310.19","#Unknown!","4,356.00","333.33","2.75","606.06","#Unknown!"
"1/4/2015","4/21/2013","#Unknown!","437.64","444.44","#Unknown!","4:12:00","0:00:00","104.20","210.17","#Unknown!","7,427.00","444.44","1.11","404.04","#Unknown!"
"1/5/2015","11/13/2013","#Unknown!","1648.45","111.11","#Unknown!","5:12:00","0:00:00","317.01","260.05","#Unknown!","45,193.00","111.11","3.17","505.05","#Unknown!"
"1/7/2015","1/4/2013","#Unknown!","28.94","222.22","#Unknown!","7:12:00","0:00:00","4.02","360.14","#Unknown!","5,398.00","222.22","0.04","707.07","#Unknown!"
"1/8/2015","2/19/2013","#Unknown!","410.25","555.55","#Unknown!","8:12:00","0:00:00","50.03","410.41","#Unknown!","1,779.00","555.55","0.50","808.08","#Unknown!"
"1/9/2015","6/17/2013","#Unknown!","1545.97","333.33","#Unknown!","9:12:00","0:00:00","168.04","460.28","#Unknown!","13,320.00","333.33","1.68","909.09","#Unknown!"
"1/10/2015","1/5/2013","#Unknown!","51.51","444.44","#Unknown!","10:12:00","0:00:00","5.05","510.41","#Unknown!","14,649.00","444.44","0.05","1,010.10","#Unknown!"
"1/11/2015","8/24/2013","#Unknown!","2643.87","111.11","#Unknown!","11:12:00","0:00:00","236.06","560.11","#Unknown!","16,332.00","111.11","2.36","1,111.11","#Unknown!"
"1/1/2015","10/29/2013","#Unknown!","362.48","222.22","#Unknown!","1:12:00","0:00:00","302.07","60.02","#Unknown!","24,729.00","222.22","3.02","101.01","#Unknown!"
"1/2/2015","12/15/2013","#Unknown!","767.98","555.55","#Unknown!","2:12:00","0:00:00","349.08","110.11","#Unknown!","6,411.00","555.55","3.49","202.02","#Unknown!"
"1/3/2015","5/6/2013","#Unknown!","403.49","333.33","#Unknown!","3:12:00","0:00:00","126.09","160.10","#Unknown!","2,866.00","333.33","1.26","303.03","#Unknown!"
"1/6/2015","3/26/2013","#Unknown!","527.62","444.44","#Unknown!","6:12:00","0:00:00","85.10","310.25","#Unknown!","2,129.00","444.44","0.85","606.06","#Unknown!"
"1/4/2015","8/3/2013","#Unknown!","903.46","111.11","#Unknown!","4:12:00","0:00:00","215.11","210.04","#Unknown!","39,502.00","111.11","2.15","404.04","#Unknown!"
"1/5/2015","7/9/2013","#Unknown!","988.62","222.22","#Unknown!","5:12:00","0:00:00","190.12","260.10","#Unknown!","40,243.00","222.22","1.90","505.05","#Unknown!"
"1/7/2015","5/7/2013","#Unknown!","915.34","555.55","#Unknown!","7:12:00","0:00:00","127.13","360.36","#Unknown!","9,026.00","555.55","1.27","707.07","#Unknown!"
"1/8/2015","1/6/2013","#Unknown!","50.35","333.33","#Unknown!","8:12:00","0:00:00","6.14","410.25","#Unknown!","1,233.00","333.33","0.06","808.08","#Unknown!"
"1/9/2015","6/18/2013","#Unknown!","1556.18","444.44","#Unknown!","9:12:00","0:00:00","169.15","460.37","#Unknown!","4,897.00","444.44","1.69","909.09","#Unknown!"
"1/10/2015","9/16/2013","#Unknown!","2643.43","111.11","#Unknown!","10:12:00","0:00:00","259.16","510.10","#Unknown!","617,594.00","111.11","2.59","1,010.10","#Unknown!"
"1/11/2015","11/2/2013","#Unknown!","3429.10","222.22","#Unknown!","11:12:00","0:00:00","306.17","560.22","#Unknown!","19,754.00","222.22","3.06","1,111.11","#Unknown!"
"1/1/2015","6/14/2013","#Unknown!","198.22","555.55","#Unknown!","1:12:00","0:00:00","165.18","60.06","#Unknown!","4,996.00","555.55","1.65","101.01","#Unknown!"
"1/2/2015","8/4/2013","#Unknown!","475.62","333.33","#Unknown!","2:12:00","0:00:00","216.19","110.07","#Unknown!","7,965.00","333.33","2.16","202.02","#Unknown!"
"1/3/2015","5/8/2013","#Unknown!","410.24","444.44","#Unknown!","3:12:00","0:00:00","128.20","160.13","#Unknown!","4,355.00","444.44","1.28","303.03","#Unknown!"
"1/6/2015","9/28/2013","#Unknown!","657.26","111.11","#Unknown!","6:12:00","0:00:00","106.01","310.06","#Unknown!","35,744.00","111.11","2.71","606.06","#Unknown!"
"1/4/2015","11/14/2013","#Unknown!","436.88","222.22","#Unknown!","4:12:00","0:00:00","104.02","210.08","#Unknown!","9,820.00","222.22","3.18","404.04","#Unknown!"
"1/5/2015","10/3/2013","#Unknown!","546.16","555.55","#Unknown!","5:12:00","0:00:00","105.03","260.26","#Unknown!","26,563.00","555.55","2.76","505.05","#Unknown!"
"1/7/2015","1/7/2013","#Unknown!","770.69","333.33","#Unknown!","7:12:00","0:00:00","107.04","360.22","#Unknown!","3,609.00","333.33","0.07","707.07","#Unknown!"
"1/8/2015","10/1/2013","#Unknown!","886.01","444.44","#Unknown!","8:12:00","0:00:00","108.05","410.33","#Unknown!","93,810.00","444.44","2.74","808.08","#Unknown!"
"1/9/2015","5/9/2013","#Unknown!","1003.35","111.11","#Unknown!","9:12:00","0:00:00","109.06","460.09","#Unknown!","3,390.00","111.11","1.29","909.09","#Unknown!"
"1/10/2015","10/24/2013","#Unknown!","1122.71","222.22","#Unknown!","10:12:00","0:00:00","110.07","510.20","#Unknown!","58,732.00","222.22","2.97","1,010.10","#Unknown!"
"1/11/2015","3/28/2013","#Unknown!","1244.10","555.55","#Unknown!","11:12:00","0:00:00","111.08","560.56","#Unknown!","1,902.00","555.55","0.87","1,111.11","#Unknown!"
"1/1/2015","7/7/2013","#Unknown!","121.31","333.33","#Unknown!","1:12:00","0:00:00","101.09","60.04","#Unknown!","24,498.00","333.33","1.88","101.01","#Unknown!"
"1/2/2015","9/17/2013","#Unknown!","224.62","444.44","#Unknown!","2:12:00","0:00:00","102.10","110.09","#Unknown!","105,162.00","444.44","2.60","202.02","#Unknown!"
"1/3/2015","8/25/2013","#Unknown!","329.95","111.11","#Unknown!","3:12:00","0:00:00","103.11","160.03","#Unknown!","21,561.00","111.11","2.37","303.03","#Unknown!"
"1/6/2015","6/19/2013","#Unknown!","657.94","222.22","#Unknown!","6:12:00","0:00:00","106.12","310.12","#Unknown!","4,852.00","222.22","1.70","606.06","#Unknown!"
"1/4/2015","10/4/2013","#Unknown!","437.35","555.55","#Unknown!","4:12:00","0:00:00","104.13","210.21","#Unknown!","11,509.00","555.55","2.77","404.04","#Unknown!"
"1/5/2015","3/29/2013","#Unknown!","546.73","333.33","#Unknown!","5:12:00","0:00:00","105.14","260.16","#Unknown!","1,266.00","333.33","0.88","505.05","#Unknown!"
"1/7/2015","5/10/2013","#Unknown!","771.48","444.44","#Unknown!","7:12:00","0:00:00","107.15","360.29","#Unknown!","12,981.00","444.44","1.30","707.07","#Unknown!"
"1/8/2015","11/15/2013","#Unknown!","886.91","111.11","#Unknown!","8:12:00","0:00:00","108.16","410.08","#Unknown!","6,125.00","111.11","3.19","808.08","#Unknown!"
"1/9/2015","7/10/2013","#Unknown!","1004.36","222.22","#Unknown!","9:12:00","0:00:00","109.17","460.18","#Unknown!","33,802.00","222.22","1.91","909.09","#Unknown!"
"1/10/2015","9/21/2013","#Unknown!","1123.84","555.55","#Unknown!","10:12:00","0:00:00","110.18","510.51","#Unknown!","35,177.00","555.55","2.64","1,010.10","#Unknown!"
"1/11/2015","2/21/2013","#Unknown!","1245.33","333.33","#Unknown!","11:12:00","0:00:00","111.19","560.34","#Unknown!","3,235.00","333.33","0.52","1,111.11","#Unknown!"
"1/1/2015","1/8/2013","#Unknown!","121.44","444.44","#Unknown!","1:12:00","0:00:00","101.20","60.05","#Unknown!","1,337.00","444.44","0.08","101.01","#Unknown!"
"1/2/2015","1/9/2013","#Unknown!","222.22","111.11","#Unknown!","2:12:00","0:00:00","101.01","110.02","#Unknown!","1,222.00","111.11","0.09","202.02","#Unknown!"
"1/3/2015","1/10/2013","#Unknown!","326.46","222.22","#Unknown!","3:12:00","0:00:00","102.02","160.06","#Unknown!","55,298.00","222.22","0.10","303.03","#Unknown!"
"1/6/2015","11/3/2013","#Unknown!","651.19","555.55","#Unknown!","6:12:00","0:00:00","105.03","310.31","#Unknown!","866.00","555.55","3.07","606.06","#Unknown!"
"1/4/2015","3/8/2013","#Unknown!","432.77","333.33","#Unknown!","4:12:00","0:00:00","103.04","210.13","#Unknown!","1,702.00","333.33","0.67","404.04","#Unknown!"
"1/5/2015","5/11/2013","#Unknown!","541.06","444.44","#Unknown!","5:12:00","0:00:00","104.05","260.21","#Unknown!","13,606.00","444.44","1.31","505.05","#Unknown!"
"1/7/2015","8/26/2013","#Unknown!","727.63","111.11","#Unknown!","7:12:00","0:00:00","101.06","360.07","#Unknown!","7,542.00","111.11","2.38","707.07","#Unknown!"
"1/8/2015","3/31/2013","#Unknown!","836.97","222.22","#Unknown!","8:12:00","0:00:00","102.07","410.16","#Unknown!","1,671.00","222.22","0.90","808.08","#Unknown!"
"1/9/2015","6/20/2013","#Unknown!","966.74","555.55","#Unknown!","9:12:00","0:00:00","105.08","460.46","#Unknown!","17,668.00","555.55","1.71","909.09","#Unknown!"
"1/10/2015","4/1/2013","#Unknown!","1051.52","333.33","#Unknown!","10:12:00","0:00:00","103.09","510.31","#Unknown!","1,897.00","333.33","0.91","1,010.10","#Unknown!"
"1/11/2015","1/11/2013","#Unknown!","1165.92","444.44","#Unknown!","11:12:00","0:00:00","104.10","560.45","#Unknown!","872.00","444.44","0.11","1,111.11","#Unknown!"
"1/1/2015","2/22/2013","#Unknown!","121.33","111.11","#Unknown!","1:12:00","0:00:00","101.11","60.01","#Unknown!","6,756.00","111.11","0.53","101.01","#Unknown!"
"1/2/2015","8/5/2013","#Unknown!","224.66","222.22","#Unknown!","2:12:00","0:00:00","102.12","110.04","#Unknown!","26,493.00","222.22","2.17","202.02","#Unknown!"
"1/3/2015","11/28/2013","#Unknown!","336.42","555.55","#Unknown!","3:12:00","0:00:00","105.13","160.16","#Unknown!","34,032.00","555.55","3.32","303.03","#Unknown!"
"1/6/2015","8/27/2013","#Unknown!","639.47","333.33","#Unknown!","6:12:00","0:00:00","103.14","310.19","#Unknown!","24,729.00","333.33","2.39","606.06","#Unknown!"
"1/4/2015","4/2/2013","#Unknown!","437.43","444.44","#Unknown!","4:12:00","0:00:00","104.15","210.17","#Unknown!","5,125.00","444.44","0.92","404.04","#Unknown!"
"1/5/2015","11/16/2013","#Unknown!","526.03","111.11","#Unknown!","5:12:00","0:00:00","101.16","260.05","#Unknown!","14,207.00","111.11","3.20","505.05","#Unknown!"
"1/7/2015","11/29/2013","#Unknown!","735.62","222.22","#Unknown!","7:12:00","0:00:00","102.17","360.14","#Unknown!","7,086.00","222.22","3.33","707.07","#Unknown!"
"1/8/2015","5/13/2013","#Unknown!","862.48","555.55","#Unknown!","8:12:00","0:00:00","105.18","410.41","#Unknown!","8,471.00","555.55","1.33","808.08","#Unknown!"
"1/9/2015","8/28/2013","#Unknown!","949.35","333.33","#Unknown!","9:12:00","0:00:00","103.19","460.28","#Unknown!","5,589.00","333.33","2.40","909.09","#Unknown!"
"1/10/2015","7/11/2013","#Unknown!","1062.84","444.44","#Unknown!","10:12:00","0:00:00","104.20","510.41","#Unknown!","29,457.00","444.44","1.92","1,010.10","#Unknown!"
"1/11/2015","6/5/2013","#Unknown!","1747.31","111.11","#Unknown!","11:12:00","0:00:00","156.01","560.11","#Unknown!","11,390.00","111.11","1.56","1,111.11","#Unknown!"
"1/1/2015","7/12/2013","#Unknown!","231.62","222.22","#Unknown!","1:12:00","0:00:00","193.02","60.02","#Unknown!","3,179.00","222.22","1.93","101.01","#Unknown!"
"1/2/2015","10/5/2013","#Unknown!","611.67","555.55","#Unknown!","2:12:00","0:00:00","278.03","110.11","#Unknown!","15,059.00","555.55","2.78","202.02","#Unknown!"
"1/3/2015","10/6/2013","#Unknown!","892.93","333.33","#Unknown!","3:12:00","0:00:00","279.04","160.10","#Unknown!","13,794.00","333.33","2.79","303.03","#Unknown!"
"1/6/2015","5/12/2013","#Unknown!","818.71","444.44","#Unknown!","6:12:00","0:00:00","132.05","310.25","#Unknown!","2,183.00","444.44","1.32","606.06","#Unknown!"
"1/4/2015","1/14/2013","#Unknown!","59.05","111.11","#Unknown!","4:12:00","0:00:00","14.06","210.04","#Unknown!","15,720.00","111.11","0.14","404.04","#Unknown!"
"1/5/2015","11/17/2013","#Unknown!","1669.56","222.22","#Unknown!","5:12:00","0:00:00","321.07","260.10","#Unknown!","4,956.00","222.22","3.21","505.05","#Unknown!"
"1/7/2015","1/12/2013","#Unknown!","86.98","555.55","#Unknown!","7:12:00","0:00:00","12.08","360.36","#Unknown!","16,053.00","555.55","0.12","707.07","#Unknown!"
"1/8/2015","10/7/2013","#Unknown!","2296.74","333.33","#Unknown!","8:12:00","0:00:00","280.09","410.25","#Unknown!","23,112.00","333.33","2.80","808.08","#Unknown!"
"1/9/2015","11/5/2013","#Unknown!","2843.72","444.44","#Unknown!","9:12:00","0:00:00","309.10","460.37","#Unknown!","4,067.00","444.44","3.09","909.09","#Unknown!"
"1/10/2015","3/16/2013","#Unknown!","766.12","111.11","#Unknown!","10:12:00","0:00:00","75.11","510.10","#Unknown!","1,225.00","111.11","0.75","1,010.10","#Unknown!"
"1/11/2015","4/3/2013","#Unknown!","1042.94","222.22","#Unknown!","11:12:00","0:00:00","93.12","560.22","#Unknown!","1,800.00","222.22","0.93","1,111.11","#Unknown!"
"1/1/2015","8/6/2013","#Unknown!","261.76","555.55","#Unknown!","1:12:00","0:00:00","218.13","60.06","#Unknown!","3,504.00","555.55","2.18","101.01","#Unknown!"
"1/2/2015","9/20/2013","#Unknown!","578.91","333.33","#Unknown!","2:12:00","0:00:00","263.14","110.07","#Unknown!","41,667.00","333.33","2.63","202.02","#Unknown!"
"1/3/2015","11/30/2013","#Unknown!","1069.28","444.44","#Unknown!","3:12:00","0:00:00","334.15","160.13","#Unknown!","15,873.00","444.44","3.34","303.03","#Unknown!"
"1/6/2015","12/1/2013","#Unknown!","2077.99","111.11","#Unknown!","6:12:00","0:00:00","335.16","310.06","#Unknown!","88,857.00","111.11","3.35","606.06","#Unknown!"
"1/4/2015","11/6/2013","#Unknown!","1302.71","222.22","#Unknown!","4:12:00","0:00:00","310.17","210.08","#Unknown!","31,531.00","222.22","3.10","404.04","#Unknown!"
"1/5/2015","4/18/2013","#Unknown!","562.54","555.55","#Unknown!","5:12:00","0:00:00","108.18","260.26","#Unknown!","40,318.00","555.55","1.08","505.05","#Unknown!"
"1/7/2015","3/9/2013","#Unknown!","490.97","333.33","#Unknown!","7:12:00","0:00:00","68.19","360.22","#Unknown!","752.00","333.33","0.68","707.07","#Unknown!"
"1/8/2015","8/29/2013","#Unknown!","1977.84","444.44","#Unknown!","8:12:00","0:00:00","241.20","410.33","#Unknown!","16,865.00","444.44","2.41","808.08","#Unknown!"
"1/9/2015","6/13/2013","#Unknown!","1002.89","111.11","#Unknown!","9:12:00","0:00:00","109.01","460.09","#Unknown!","68,318.00","111.11","1.64","909.09","#Unknown!"
"1/10/2015","8/30/2013","#Unknown!","1122.20","222.22","#Unknown!","10:12:00","0:00:00","110.02","510.20","#Unknown!","31,635.00","222.22","2.42","1,010.10","#Unknown!"
"1/11/2015","11/25/2013","#Unknown!","1243.54","555.55","#Unknown!","11:12:00","0:00:00","111.03","560.56","#Unknown!","8,870.00","555.55","3.29","1,111.11","#Unknown!"
"1/1/2015","4/22/2013","#Unknown!","121.25","333.33","#Unknown!","1:12:00","0:00:00","101.04","60.04","#Unknown!","20,228.00","333.33","1.12","101.01","#Unknown!"
"1/2/2015","7/14/2013","#Unknown!","224.51","444.44","#Unknown!","2:12:00","0:00:00","102.05","110.09","#Unknown!","8,183.00","444.44","1.95","202.02","#Unknown!"
"1/3/2015","4/7/2013","#Unknown!","329.79","111.11","#Unknown!","3:12:00","0:00:00","103.06","160.03","#Unknown!","1,500.00","111.11","0.97","303.03","#Unknown!"
"1/6/2015","8/7/2013","#Unknown!","657.63","222.22","#Unknown!","6:12:00","0:00:00","106.07","310.12","#Unknown!","28,789.00","222.22","2.19","606.06","#Unknown!"
"1/4/2015","1/15/2013","#Unknown!","437.14","555.55","#Unknown!","4:12:00","0:00:00","104.08","210.21","#Unknown!","1,054.00","555.55","0.15","404.04","#Unknown!"
"1/5/2015","11/27/2013","#Unknown!","546.47","333.33","#Unknown!","5:12:00","0:00:00","105.09","260.16","#Unknown!","75.00","333.33","3.31","505.05","#Unknown!"
"1/7/2015","5/14/2013","#Unknown!","771.12","444.44","#Unknown!","7:12:00","0:00:00","107.10","360.29","#Unknown!","17,765.00","444.44","1.34","707.07","#Unknown!"
"1/8/2015","1/16/2013","#Unknown!","886.50","111.11","#Unknown!","8:12:00","0:00:00","108.11","410.08","#Unknown!","6,240.00","111.11","0.16","808.08","#Unknown!"
"1/9/2015","1/17/2013","#Unknown!","1003.90","222.22","#Unknown!","9:12:00","0:00:00","109.12","460.18","#Unknown!","1,566.00","222.22","0.17","909.09","#Unknown!"
"1/10/2015","2/23/2013","#Unknown!","1123.33","555.55","#Unknown!","10:12:00","0:00:00","110.13","510.51","#Unknown!","7,104.00","555.55","0.54","1,010.10","#Unknown!"
"1/11/2015","3/22/2013","#Unknown!","1244.77","333.33","#Unknown!","11:12:00","0:00:00","111.14","560.34","#Unknown!","17,456.00","333.33","0.81","1,111.11","#Unknown!"
"1/1/2015","4/24/2013","#Unknown!","121.38","444.44","#Unknown!","1:12:00","0:00:00","101.15","60.05","#Unknown!","10,646.00","444.44","1.14","101.01","#Unknown!"
"1/2/2015","7/15/2013","#Unknown!","224.75","111.11","#Unknown!","2:12:00","0:00:00","102.16","110.02","#Unknown!","6,459.00","111.11","1.96","202.02","#Unknown!"
"1/3/2015","1/18/2013","#Unknown!","330.14","222.22","#Unknown!","3:12:00","0:00:00","103.17","160.06","#Unknown!","5,250.00","222.22","0.18","303.03","#Unknown!"
"1/6/2015","10/8/2013","#Unknown!","658.32","555.55","#Unknown!","6:12:00","0:00:00","106.18","310.31","#Unknown!","7,518.00","555.55","2.81","606.06","#Unknown!"
"1/4/2015","8/8/2013","#Unknown!","437.60","333.33","#Unknown!","4:12:00","0:00:00","104.19","210.13","#Unknown!","7,764.00","333.33","2.20","404.04","#Unknown!"
"1/5/2015","1/19/2013","#Unknown!","547.04","444.44","#Unknown!","5:12:00","0:00:00","105.20","260.21","#Unknown!","5,139.00","444.44","0.19","505.05","#Unknown!"
"1/7/2015","2/27/2013","#Unknown!","727.27","111.11","#Unknown!","7:12:00","0:00:00","101.01","360.07","#Unknown!","717.00","111.11","0.58","707.07","#Unknown!"
"1/8/2015","10/9/2013","#Unknown!","836.56","222.22","#Unknown!","8:12:00","0:00:00","102.02","410.16","#Unknown!","13,879.00","222.22","2.82","808.08","#Unknown!"
"1/9/2015","10/10/2013","#Unknown!","966.28","555.55","#Unknown!","9:12:00","0:00:00","105.03","460.46","#Unknown!","10,209.00","555.55","2.83","909.09","#Unknown!"
"1/10/2015","1/20/2013","#Unknown!","1051.01","333.33","#Unknown!","10:12:00","0:00:00","103.04","510.31","#Unknown!","2,990.00","333.33","0.20","1,010.10","#Unknown!"
"1/11/2015","4/25/2013","#Unknown!","1165.36","444.44","#Unknown!","11:12:00","0:00:00","104.05","560.45","#Unknown!","6,520.00","444.44","1.15","1,111.11","#Unknown!"
"1/1/2015","11/18/2013","#Unknown!","121.27","111.11","#Unknown!","1:12:00","0:00:00","101.06","60.01","#Unknown!","12,243.00","111.11","3.22","101.01","#Unknown!"
"1/2/2015","1/21/2013","#Unknown!","224.55","222.22","#Unknown!","2:12:00","0:00:00","102.07","110.04","#Unknown!","3,279.00","222.22","0.21","202.02","#Unknown!"
"1/3/2015","7/13/2013","#Unknown!","336.26","555.55","#Unknown!","3:12:00","0:00:00","105.08","160.16","#Unknown!","60,879.00","555.55","1.94","303.03","#Unknown!"
"1/6/2015","3/30/2013","#Unknown!","639.16","333.33","#Unknown!","6:12:00","0:00:00","103.09","310.19","#Unknown!","337.00","333.33","0.89","606.06","#Unknown!"
"1/4/2015","4/4/2013","#Unknown!","437.22","444.44","#Unknown!","4:12:00","0:00:00","104.10","210.17","#Unknown!","706.00","444.44","0.94","404.04","#Unknown!"
"1/5/2015","8/31/2013","#Unknown!","525.77","111.11","#Unknown!","5:12:00","0:00:00","101.11","260.05","#Unknown!","22,157.00","111.11","2.43","505.05","#Unknown!"
"1/7/2015","2/25/2013","#Unknown!","735.26","222.22","#Unknown!","7:12:00","0:00:00","102.12","360.14","#Unknown!","2,032.00","222.22","0.56","707.07","#Unknown!"
"1/8/2015","10/11/2013","#Unknown!","862.07","555.55","#Unknown!","8:12:00","0:00:00","105.13","410.41","#Unknown!","10,791.00","555.55","2.84","808.08","#Unknown!"
"1/9/2015","5/15/2013","#Unknown!","948.89","333.33","#Unknown!","9:12:00","0:00:00","103.14","460.28","#Unknown!","17,346.00","333.33","1.35","909.09","#Unknown!"
"1/10/2015","5/16/2013","#Unknown!","1062.33","444.44","#Unknown!","10:12:00","0:00:00","104.15","510.41","#Unknown!","2,481.00","444.44","1.36","1,010.10","#Unknown!"
"1/11/2015","6/21/2013","#Unknown!","1132.99","111.11","#Unknown!","11:12:00","0:00:00","101.16","560.11","#Unknown!","13,547.00","111.11","1.72","1,111.11","#Unknown!"
"1/1/2015","1/22/2013","#Unknown!","122.60","222.22","#Unknown!","1:12:00","0:00:00","102.17","60.02","#Unknown!","39,880.00","222.22","0.22","101.01","#Unknown!"
"1/2/2015","6/22/2013","#Unknown!","231.40","555.55","#Unknown!","2:12:00","0:00:00","105.18","110.11","#Unknown!","5,911.00","555.55","1.73","202.02","#Unknown!"
"1/3/2015","6/23/2013","#Unknown!","330.21","333.33","#Unknown!","3:12:00","0:00:00","103.19","160.10","#Unknown!","14,925.00","333.33","1.74","303.03","#Unknown!"
"1/6/2015","4/26/2013","#Unknown!","646.04","444.44","#Unknown!","6:12:00","0:00:00","104.20","310.25","#Unknown!","4,382.00","444.44","1.16","606.06","#Unknown!"
"1/4/2015","6/24/2013","#Unknown!","735.04","111.11","#Unknown!","4:12:00","0:00:00","175.01","210.04","#Unknown!","19,063.00","111.11","1.75","404.04","#Unknown!"
"1/5/2015","9/1/2013","#Unknown!","1268.90","222.22","#Unknown!","5:12:00","0:00:00","244.02","260.10","#Unknown!","10,293.00","222.22","2.44","505.05","#Unknown!"
"1/7/2015","1/23/2013","#Unknown!","165.82","555.55","#Unknown!","7:12:00","0:00:00","23.03","360.36","#Unknown!","2,180.00","555.55","0.23","707.07","#Unknown!"
"1/8/2015","8/9/2013","#Unknown!","1812.53","333.33","#Unknown!","8:12:00","0:00:00","221.04","410.25","#Unknown!","13,175.00","333.33","2.21","808.08","#Unknown!"
"1/9/2015","10/17/2013","#Unknown!","2668.46","444.44","#Unknown!","9:12:00","0:00:00","290.05","460.37","#Unknown!","12,629.00","444.44","2.90","909.09","#Unknown!"
"1/10/2015","10/13/2013","#Unknown!","2917.81","111.11","#Unknown!","10:12:00","0:00:00","286.06","510.10","#Unknown!","10,602.00","111.11","2.86","1,010.10","#Unknown!"
"1/11/2015","5/17/2013","#Unknown!","1535.18","222.22","#Unknown!","11:12:00","0:00:00","137.07","560.22","#Unknown!","8,055.00","222.22","1.37","1,111.11","#Unknown!"
"1/1/2015","2/28/2013","#Unknown!","70.90","555.55","#Unknown!","1:12:00","0:00:00","59.08","60.06","#Unknown!","3,091.00","555.55","0.59","101.01","#Unknown!"
"1/2/2015","7/16/2013","#Unknown!","433.60","333.33","#Unknown!","2:12:00","0:00:00","197.09","110.07","#Unknown!","76,377.00","333.33","1.97","202.02","#Unknown!"
"1/3/2015","3/2/2013","#Unknown!","195.52","444.44","#Unknown!","3:12:00","0:00:00","61.10","160.13","#Unknown!","5,943.00","444.44","0.61","303.03","#Unknown!"
"1/6/2015","5/18/2013","#Unknown!","856.28","111.11","#Unknown!","6:12:00","0:00:00","138.11","310.06","#Unknown!","10,970.00","111.11","1.38","606.06","#Unknown!"
"1/4/2015","3/3/2013","#Unknown!","260.90","222.22","#Unknown!","4:12:00","0:00:00","62.12","210.08","#Unknown!","5,025.00","222.22","0.62","404.04","#Unknown!"
"1/5/2015","4/27/2013","#Unknown!","609.08","555.55","#Unknown!","5:12:00","0:00:00","117.13","260.26","#Unknown!","40,759.00","555.55","1.17","505.05","#Unknown!"
"1/7/2015","1/24/2013","#Unknown!","173.81","333.33","#Unknown!","7:12:00","0:00:00","24.14","360.22","#Unknown!","1,851.00","333.33","0.24","707.07","#Unknown!"
"1/8/2015","10/23/2013","#Unknown!","2428.43","444.44","#Unknown!","8:12:00","0:00:00","296.15","410.33","#Unknown!","31,394.00","444.44","2.96","808.08","#Unknown!"
"1/9/2015","3/27/2013","#Unknown!","792.67","111.11","#Unknown!","9:12:00","0:00:00","86.16","460.09","#Unknown!","711.00","111.11","0.86","909.09","#Unknown!"
"1/10/2015","7/2/2013","#Unknown!","1868.33","222.22","#Unknown!","10:12:00","0:00:00","183.17","510.20","#Unknown!","6,362.00","222.22","1.83","1,010.10","#Unknown!"
"1/11/2015","4/28/2013","#Unknown!","1323.62","555.55","#Unknown!","11:12:00","0:00:00","118.18","560.56","#Unknown!","8,924.00","555.55","1.18","1,111.11","#Unknown!"
"1/1/2015","2/16/2013","#Unknown!","56.63","333.33","#Unknown!","1:12:00","0:00:00","47.19","60.04","#Unknown!","15,784.00","333.33","0.47","101.01","#Unknown!"
"1/2/2015","7/19/2013","#Unknown!","440.44","444.44","#Unknown!","2:12:00","0:00:00","200.20","110.09","#Unknown!","106,519.00","444.44","2.00","202.02","#Unknown!"
"1/3/2015","1/25/2013","#Unknown!","329.63","111.11","#Unknown!","3:12:00","0:00:00","103.01","160.03","#Unknown!","21,103.00","111.11","0.25","303.03","#Unknown!"
"1/6/2015","4/29/2013","#Unknown!","657.32","222.22","#Unknown!","6:12:00","0:00:00","106.02","310.12","#Unknown!","10,086.00","222.22","1.19","606.06","#Unknown!"
"1/4/2015","7/29/2013","#Unknown!","436.93","555.55","#Unknown!","4:12:00","0:00:00","104.03","210.21","#Unknown!","90,329.00","555.55","2.10","404.04","#Unknown!"
"1/5/2015","8/10/2013","#Unknown!","546.21","333.33","#Unknown!","5:12:00","0:00:00","105.04","260.16","#Unknown!","11,596.00","333.33","2.22","505.05","#Unknown!"
"1/7/2015","9/19/2013","#Unknown!","770.76","444.44","#Unknown!","7:12:00","0:00:00","107.05","360.29","#Unknown!","59,450.00","444.44","2.62","707.07","#Unknown!"
"1/8/2015","8/11/2013","#Unknown!","886.09","111.11","#Unknown!","8:12:00","0:00:00","108.06","410.08","#Unknown!","5,136.00","111.11","2.23","808.08","#Unknown!"
"1/9/2015","9/2/2013","#Unknown!","1003.44","222.22","#Unknown!","9:12:00","0:00:00","109.07","460.18","#Unknown!","23,184.00","222.22","2.45","909.09","#Unknown!"
"1/10/2015","8/12/2013","#Unknown!","1122.82","555.55","#Unknown!","10:12:00","0:00:00","110.08","510.51","#Unknown!","19,808.00","555.55","2.24","1,010.10","#Unknown!"
"1/11/2015","12/3/2013","#Unknown!","1244.21","333.33","#Unknown!","11:12:00","0:00:00","111.09","560.34","#Unknown!","4,907.00","333.33","3.37","1,111.11","#Unknown!"
"1/1/2015","6/25/2013","#Unknown!","121.32","444.44","#Unknown!","1:12:00","0:00:00","101.10","60.05","#Unknown!","38,499.00","444.44","1.76","101.01","#Unknown!"
"1/2/2015","9/3/2013","#Unknown!","224.64","111.11","#Unknown!","2:12:00","0:00:00","102.11","110.02","#Unknown!","25,132.00","111.11","2.46","202.02","#Unknown!"
"1/3/2015","11/19/2013","#Unknown!","329.98","222.22","#Unknown!","3:12:00","0:00:00","103.12","160.06","#Unknown!","14,006.00","222.22","3.23","303.03","#Unknown!"
"1/6/2015","12/4/2013","#Unknown!","658.01","555.55","#Unknown!","6:12:00","0:00:00","106.13","310.31","#Unknown!","6,045.00","555.55","3.38","606.06","#Unknown!"
"1/4/2015","6/26/2013","#Unknown!","437.39","333.33","#Unknown!","4:12:00","0:00:00","104.14","210.13","#Unknown!","10,106.00","333.33","1.77","404.04","#Unknown!"
"1/5/2015","9/4/2013","#Unknown!","546.78","444.44","#Unknown!","5:12:00","0:00:00","105.15","260.21","#Unknown!","12,024.00","444.44","2.47","505.05","#Unknown!"
"1/7/2015","9/24/2013","#Unknown!","771.55","111.11","#Unknown!","7:12:00","0:00:00","107.16","360.07","#Unknown!","56,173.00","111.11","2.67","707.07","#Unknown!"
"1/8/2015","9/5/2013","#Unknown!","886.99","222.22","#Unknown!","8:12:00","0:00:00","108.17","410.16","#Unknown!","12,752.00","222.22","2.48","808.08","#Unknown!"
"1/9/2015","9/26/2013","#Unknown!","1004.46","555.55","#Unknown!","9:12:00","0:00:00","109.18","460.46","#Unknown!","26,983.00","555.55","2.69","909.09","#Unknown!"
"1/10/2015","6/27/2013","#Unknown!","1123.94","333.33","#Unknown!","10:12:00","0:00:00","110.19","510.31","#Unknown!","5,839.00","333.33","1.78","1,010.10","#Unknown!"
"1/11/2015","7/20/2013","#Unknown!","1245.44","444.44","#Unknown!","11:12:00","0:00:00","111.20","560.45","#Unknown!","6,338.00","444.44","2.01","1,111.11","#Unknown!"
"1/1/2015","7/17/2013","#Unknown!","121.21","111.11","#Unknown!","1:12:00","0:00:00","101.01","60.01","#Unknown!","47,255.00","111.11","1.98","101.01","#Unknown!"
"1/2/2015","10/12/2013","#Unknown!","224.44","222.22","#Unknown!","2:12:00","0:00:00","102.02","110.04","#Unknown!","23,116.00","222.22","2.85","202.02","#Unknown!"
"1/3/2015","3/4/2013","#Unknown!","336.10","555.55","#Unknown!","3:12:00","0:00:00","105.03","160.16","#Unknown!","521.00","555.55","0.63","303.03","#Unknown!"
"1/6/2015","8/13/2013","#Unknown!","638.85","333.33","#Unknown!","6:12:00","0:00:00","103.04","310.19","#Unknown!","8,987.00","333.33","2.25","606.06","#Unknown!"
"1/4/2015","6/28/2013","#Unknown!","437.01","444.44","#Unknown!","4:12:00","0:00:00","104.05","210.17","#Unknown!","27,999.00","444.44","1.79","404.04","#Unknown!"
"1/5/2015","5/19/2013","#Unknown!","525.51","111.11","#Unknown!","5:12:00","0:00:00","101.06","260.05","#Unknown!","13,261.00","111.11","1.39","505.05","#Unknown!"
"1/7/2015","9/6/2013","#Unknown!","734.90","222.22","#Unknown!","7:12:00","0:00:00","102.07","360.14","#Unknown!","7,891.00","222.22","2.49","707.07","#Unknown!"
"1/8/2015","5/20/2013","#Unknown!","861.66","555.55","#Unknown!","8:12:00","0:00:00","105.08","410.41","#Unknown!","3,190.00","555.55","1.40","808.08","#Unknown!"
"1/9/2015","9/29/2013","#Unknown!","948.43","333.33","#Unknown!","9:12:00","0:00:00","103.09","460.28","#Unknown!","27,003.00","333.33","2.72","909.09","#Unknown!"
"1/10/2015","4/5/2013","#Unknown!","1061.82","444.44","#Unknown!","10:12:00","0:00:00","104.10","510.41","#Unknown!","121.00","444.44","0.95","1,010.10","#Unknown!"
"1/11/2015","1/26/2013","#Unknown!","1132.43","111.11","#Unknown!","11:12:00","0:00:00","101.11","560.11","#Unknown!","8,560.00","111.11","0.26","1,111.11","#Unknown!"
"1/1/2015","4/6/2013","#Unknown!","122.54","222.22","#Unknown!","1:12:00","0:00:00","102.12","60.02","#Unknown!","8,437.00","222.22","0.96","101.01","#Unknown!"
"1/2/2015","3/6/2013","#Unknown!","231.29","555.55","#Unknown!","2:12:00","0:00:00","105.13","110.11","#Unknown!","961.00","555.55","0.65","202.02","#Unknown!"
"1/3/2015","2/9/2013","#Unknown!","330.05","333.33","#Unknown!","3:12:00","0:00:00","103.14","160.10","#Unknown!","838.00","333.33","0.40","303.03","#Unknown!"
"1/6/2015","3/15/2013","#Unknown!","645.73","444.44","#Unknown!","6:12:00","0:00:00","104.15","310.25","#Unknown!","167.00","444.44","0.74","606.06","#Unknown!"
"1/4/2015","8/1/2013","#Unknown!","424.87","111.11","#Unknown!","4:12:00","0:00:00","101.16","210.04","#Unknown!","3,410.00","111.11","2.13","404.04","#Unknown!"
"1/5/2015","11/7/2013","#Unknown!","531.28","222.22","#Unknown!","5:12:00","0:00:00","102.17","260.10","#Unknown!","10,172.00","222.22","3.11","505.05","#Unknown!"
"1/7/2015","6/29/2013","#Unknown!","757.30","555.55","#Unknown!","7:12:00","0:00:00","105.18","360.36","#Unknown!","33,006.00","555.55","1.80","707.07","#Unknown!"
"1/8/2015","10/31/2013","#Unknown!","846.16","333.33","#Unknown!","8:12:00","0:00:00","103.19","410.25","#Unknown!","28,886.00","333.33","3.04","808.08","#Unknown!"
"1/9/2015","3/1/2013","#Unknown!","958.64","444.44","#Unknown!","9:12:00","0:00:00","104.20","460.37","#Unknown!","228.00","444.44","0.60","909.09","#Unknown!"
"1/10/2015","12/5/2013","#Unknown!","3457.90","111.11","#Unknown!","10:12:00","0:00:00","339.01","510.10","#Unknown!","95,072.00","111.11","3.39","1,010.10","#Unknown!"
"1/11/2015","5/21/2013","#Unknown!","1579.42","222.22","#Unknown!","11:12:00","0:00:00","141.02","560.22","#Unknown!","999.00","222.22","1.41","1,111.11","#Unknown!"
"1/1/2015","3/5/2013","#Unknown!","76.84","555.55","#Unknown!","1:12:00","0:00:00","64.03","60.06","#Unknown!","1,509.00","555.55","0.64","101.01","#Unknown!"
"1/2/2015","4/8/2013","#Unknown!","215.69","333.33","#Unknown!","2:12:00","0:00:00","98.04","110.07","#Unknown!","990.00","333.33","0.98","202.02","#Unknown!"
"1/3/2015","8/15/2013","#Unknown!","726.56","444.44","#Unknown!","3:12:00","0:00:00","227.05","160.13","#Unknown!","6,666.00","444.44","2.27","303.03","#Unknown!"
"1/6/2015","8/14/2013","#Unknown!","1401.57","111.11","#Unknown!","6:12:00","0:00:00","226.06","310.06","#Unknown!","17,416.00","111.11","2.26","606.06","#Unknown!"
"1/4/2015","10/26/2013","#Unknown!","1256.09","222.22","#Unknown!","4:12:00","0:00:00","299.07","210.08","#Unknown!","85,146.00","222.22","2.99","404.04","#Unknown!"
"1/5/2015","9/7/2013","#Unknown!","1300.42","555.55","#Unknown!","5:12:00","0:00:00","250.08","260.26","#Unknown!","11,227.00","555.55","2.50","505.05","#Unknown!"
"1/7/2015","3/7/2013","#Unknown!","475.85","333.33","#Unknown!","7:12:00","0:00:00","66.09","360.22","#Unknown!","13,708.00","333.33","0.66","707.07","#Unknown!"
"1/8/2015","7/18/2013","#Unknown!","1632.62","444.44","#Unknown!","8:12:00","0:00:00","199.10","410.33","#Unknown!","28,352.00","444.44","1.99","808.08","#Unknown!"
"1/9/2015","12/7/2013","#Unknown!","3138.21","111.11","#Unknown!","9:12:00","0:00:00","341.11","460.09","#Unknown!","28,712.00","111.11","3.41","909.09","#Unknown!"
"1/10/2015","5/24/2013","#Unknown!","1470.02","222.22","#Unknown!","10:12:00","0:00:00","144.12","510.20","#Unknown!","4,680.00","222.22","1.44","1,010.10","#Unknown!"
"1/11/2015","7/21/2013","#Unknown!","2263.86","555.55","#Unknown!","11:12:00","0:00:00","202.13","560.56","#Unknown!","14,892.00","555.55","2.02","1,111.11","#Unknown!"
"1/1/2015","1/27/2013","#Unknown!","32.57","333.33","#Unknown!","1:12:00","0:00:00","27.14","60.04","#Unknown!","28,549.00","333.33","0.27","101.01","#Unknown!"
"1/2/2015","5/22/2013","#Unknown!","312.73","444.44","#Unknown!","2:12:00","0:00:00","142.15","110.09","#Unknown!","14,155.00","444.44","1.42","202.02","#Unknown!"
"1/3/2015","5/23/2013","#Unknown!","458.11","111.11","#Unknown!","3:12:00","0:00:00","143.16","160.03","#Unknown!","15,707.00","111.11","1.43","303.03","#Unknown!"
"1/6/2015","4/9/2013","#Unknown!","614.85","222.22","#Unknown!","6:12:00","0:00:00","99.17","310.12","#Unknown!","3,032.00","222.22","0.99","606.06","#Unknown!"
"1/4/2015","12/9/2013","#Unknown!","1441.36","555.55","#Unknown!","4:12:00","0:00:00","343.18","210.21","#Unknown!","19,031.00","555.55","3.43","404.04","#Unknown!"
"1/5/2015","9/8/2013","#Unknown!","1306.19","333.33","#Unknown!","5:12:00","0:00:00","251.19","260.16","#Unknown!","10,506.00","333.33","2.51","505.05","#Unknown!"
"1/7/2015","9/9/2013","#Unknown!","1815.84","444.44","#Unknown!","7:12:00","0:00:00","252.20","360.29","#Unknown!","28,602.00","444.44","2.52","707.07","#Unknown!"
"1/8/2015","11/8/2013","#Unknown!","885.68","111.11","#Unknown!","8:12:00","0:00:00","108.01","410.08","#Unknown!","4,527.00","111.11","3.12","808.08","#Unknown!"
"1/9/2015","1/28/2013","#Unknown!","1002.98","222.22","#Unknown!","9:12:00","0:00:00","109.02","460.18","#Unknown!","1,902.00","222.22","0.28","909.09","#Unknown!"
"1/10/2015","4/10/2013","#Unknown!","1122.31","555.55","#Unknown!","10:12:00","0:00:00","110.03","510.51","#Unknown!","7,839.00","555.55","1.00","1,010.10","#Unknown!"
"1/11/2015","11/20/2013","#Unknown!","1243.65","333.33","#Unknown!","11:12:00","0:00:00","111.04","560.34","#Unknown!","5,890.00","333.33","3.24","1,111.11","#Unknown!"
"1/1/2015","3/10/2013","#Unknown!","121.26","444.44","#Unknown!","1:12:00","0:00:00","101.05","60.05","#Unknown!","1,612.00","444.44","0.69","101.01","#Unknown!"
"1/2/2015","5/25/2013","#Unknown!","224.53","111.11","#Unknown!","2:12:00","0:00:00","102.06","110.02","#Unknown!","13,709.00","111.11","1.45","202.02","#Unknown!"
"1/3/2015","1/29/2013","#Unknown!","329.82","222.22","#Unknown!","3:12:00","0:00:00","103.07","160.06","#Unknown!","12,140.00","222.22","0.29","303.03","#Unknown!"
"1/6/2015","6/11/2013","#Unknown!","657.70","555.55","#Unknown!","6:12:00","0:00:00","106.08","310.31","#Unknown!","4,806.00","555.55","1.62","606.06","#Unknown!"
"1/4/2015","8/17/2013","#Unknown!","437.18","333.33","#Unknown!","4:12:00","0:00:00","104.09","210.13","#Unknown!","51,251.00","333.33","2.29","404.04","#Unknown!"
"1/5/2015","1/2/2013","#Unknown!","546.52","444.44","#Unknown!","5:12:00","0:00:00","105.10","260.21","#Unknown!","1,321.00","444.44","0.02","505.05","#Unknown!"
"1/7/2015","10/15/2013","#Unknown!","771.19","111.11","#Unknown!","7:12:00","0:00:00","107.11","360.07","#Unknown!","17,837.00","111.11","2.88","707.07","#Unknown!"
"1/8/2015","4/30/2013","#Unknown!","886.58","222.22","#Unknown!","8:12:00","0:00:00","108.12","410.16","#Unknown!","11,497.00","222.22","1.20","808.08","#Unknown!"
"1/9/2015","2/26/2013","#Unknown!","1004.00","555.55","#Unknown!","9:12:00","0:00:00","109.13","460.46","#Unknown!","847.00","555.55","0.57","909.09","#Unknown!"
"1/10/2015","4/11/2013","#Unknown!","1123.43","333.33","#Unknown!","10:12:00","0:00:00","110.14","510.31","#Unknown!","1,234.00","333.33","1.01","1,010.10","#Unknown!"
"1/11/2015","3/25/2013","#Unknown!","1244.88","444.44","#Unknown!","11:12:00","0:00:00","111.15","560.45","#Unknown!","1,682.00","444.44","0.84","1,111.11","#Unknown!"
"1/1/2015","2/17/2013","#Unknown!","121.39","111.11","#Unknown!","1:12:00","0:00:00","101.16","60.01","#Unknown!","44,737.00","111.11","0.48","101.01","#Unknown!"
"1/2/2015","1/30/2013","#Unknown!","224.77","222.22","#Unknown!","2:12:00","0:00:00","102.17","110.04","#Unknown!","648.00","222.22","0.30","202.02","#Unknown!"
"1/3/2015","12/8/2013","#Unknown!","330.18","555.55","#Unknown!","3:12:00","0:00:00","103.18","160.16","#Unknown!","8,264.00","555.55","3.42","303.03","#Unknown!"
"1/6/2015","10/16/2013","#Unknown!","658.38","333.33","#Unknown!","6:12:00","0:00:00","106.19","310.19","#Unknown!","56,468.00","333.33","2.89","606.06","#Unknown!"
"1/4/2015","10/18/2013","#Unknown!","437.64","444.44","#Unknown!","4:12:00","0:00:00","104.20","210.17","#Unknown!","2,820.00","444.44","2.91","404.04","#Unknown!"
"1/5/2015","5/26/2013","#Unknown!","525.25","111.11","#Unknown!","5:12:00","0:00:00","101.01","260.05","#Unknown!","3,413.00","111.11","1.46","505.05","#Unknown!"
"1/7/2015","11/21/2013","#Unknown!","734.54","222.22","#Unknown!","7:12:00","0:00:00","102.02","360.14","#Unknown!","2,942.00","222.22","3.25","707.07","#Unknown!"
"1/8/2015","9/25/2013","#Unknown!","861.25","555.55","#Unknown!","8:12:00","0:00:00","105.03","410.41","#Unknown!","92,271.00","555.55","2.68","808.08","#Unknown!"
"1/9/2015","10/19/2013","#Unknown!","947.97","333.33","#Unknown!","9:12:00","0:00:00","103.04","460.28","#Unknown!","32,112.00","333.33","2.92","909.09","#Unknown!"
"1/10/2015","12/10/2013","#Unknown!","1061.31","444.44","#Unknown!","10:12:00","0:00:00","104.05","510.41","#Unknown!","13,383.00","444.44","3.44","1,010.10","#Unknown!"
"1/11/2015","7/22/2013","#Unknown!","1131.87","111.11","#Unknown!","11:12:00","0:00:00","101.06","560.11","#Unknown!","24,747.00","111.11","2.03","1,111.11","#Unknown!"
"1/1/2015","12/11/2013","#Unknown!","122.48","222.22","#Unknown!","1:12:00","0:00:00","102.07","60.02","#Unknown!","11,608.00","222.22","3.45","101.01","#Unknown!"
"1/2/2015","9/22/2013","#Unknown!","231.18","555.55","#Unknown!","2:12:00","0:00:00","105.08","110.11","#Unknown!","51,755.00","555.55","2.65","202.02","#Unknown!"
"1/3/2015","3/11/2013","#Unknown!","329.89","333.33","#Unknown!","3:12:00","0:00:00","103.09","160.10","#Unknown!","1,475.00","333.33","0.70","303.03","#Unknown!"
"1/6/2015","12/12/2013","#Unknown!","645.42","444.44","#Unknown!","6:12:00","0:00:00","104.10","310.25","#Unknown!","5,232.00","444.44","3.46","606.06","#Unknown!"
"1/4/2015","10/20/2013","#Unknown!","424.66","111.11","#Unknown!","4:12:00","0:00:00","101.11","210.04","#Unknown!","17,489.00","111.11","2.93","404.04","#Unknown!"
"1/5/2015","8/18/2013","#Unknown!","531.02","222.22","#Unknown!","5:12:00","0:00:00","102.12","260.10","#Unknown!","6,952.00","222.22","2.30","505.05","#Unknown!"
"1/7/2015","4/12/2013","#Unknown!","756.94","555.55","#Unknown!","7:12:00","0:00:00","105.13","360.36","#Unknown!","393.00","555.55","1.02","707.07","#Unknown!"
"1/8/2015","8/19/2013","#Unknown!","845.75","333.33","#Unknown!","8:12:00","0:00:00","103.14","410.25","#Unknown!","5,856.00","333.33","2.31","808.08","#Unknown!"
"1/9/2015","4/13/2013","#Unknown!","958.18","444.44","#Unknown!","9:12:00","0:00:00","104.15","460.37","#Unknown!","1,258.00","444.44","1.03","909.09","#Unknown!"
"1/10/2015","1/31/2013","#Unknown!","1031.83","111.11","#Unknown!","10:12:00","0:00:00","101.16","510.10","#Unknown!","1,775.00","111.11","0.31","1,010.10","#Unknown!"
"1/11/2015","5/27/2013","#Unknown!","1144.30","222.22","#Unknown!","11:12:00","0:00:00","102.17","560.22","#Unknown!","7,973.00","222.22","1.47","1,111.11","#Unknown!"
"1/1/2015","8/20/2013","#Unknown!","126.22","555.55","#Unknown!","1:12:00","0:00:00","105.18","60.06","#Unknown!","41,340.00","555.55","2.32","101.01","#Unknown!"
"1/2/2015","8/16/2013","#Unknown!","227.02","333.33","#Unknown!","2:12:00","0:00:00","103.19","110.07","#Unknown!","8,283.00","333.33","2.28","202.02","#Unknown!"
"1/3/2015","3/12/2013","#Unknown!","333.44","444.44","#Unknown!","3:12:00","0:00:00","104.20","160.13","#Unknown!","915.00","444.44","0.71","303.03","#Unknown!"
"1/6/2015","11/9/2013","#Unknown!","1940.66","111.11","#Unknown!","6:12:00","0:00:00","313.01","310.06","#Unknown!","20,675.00","111.11","3.13","606.06","#Unknown!"
"1/4/2015","7/30/2013","#Unknown!","886.28","222.22","#Unknown!","4:12:00","0:00:00","211.02","210.08","#Unknown!","26,628.00","222.22","2.11","404.04","#Unknown!"
"1/5/2015","3/13/2013","#Unknown!","374.56","555.55","#Unknown!","5:12:00","0:00:00","72.03","260.26","#Unknown!","692.00","555.55","0.72","505.05","#Unknown!"
"1/7/2015","9/10/2013","#Unknown!","1821.89","333.33","#Unknown!","7:12:00","0:00:00","253.04","360.22","#Unknown!","18,133.00","333.33","2.53","707.07","#Unknown!"
"1/8/2015","12/13/2013","#Unknown!","2845.81","444.44","#Unknown!","8:12:00","0:00:00","347.05","410.33","#Unknown!","13,722.00","444.44","3.47","808.08","#Unknown!"
"1/9/2015","9/11/2013","#Unknown!","2337.35","111.11","#Unknown!","9:12:00","0:00:00","254.06","460.09","#Unknown!","17,612.00","111.11","2.54","909.09","#Unknown!"
"1/10/2015","3/14/2013","#Unknown!","745.31","222.22","#Unknown!","10:12:00","0:00:00","73.07","510.20","#Unknown!","3,257.00","222.22","0.73","1,010.10","#Unknown!"
"1/11/2015","4/14/2013","#Unknown!","1165.70","555.55","#Unknown!","11:12:00","0:00:00","104.08","560.56","#Unknown!","1,893.00","555.55","1.04","1,111.11","#Unknown!"
"1/1/2015","6/30/2013","#Unknown!","217.31","333.33","#Unknown!","1:12:00","0:00:00","181.09","60.04","#Unknown!","4,119.00","333.33","1.81","101.01","#Unknown!"
"1/2/2015","5/1/2013","#Unknown!","266.42","444.44","#Unknown!","2:12:00","0:00:00","121.10","110.09","#Unknown!","7,211.00","444.44","1.21","202.02","#Unknown!"
"1/3/2015","5/28/2013","#Unknown!","473.95","111.11","#Unknown!","3:12:00","0:00:00","148.11","160.03","#Unknown!","35,608.00","111.11","1.48","303.03","#Unknown!"
"1/6/2015","2/1/2013","#Unknown!","199.14","222.22","#Unknown!","6:12:00","0:00:00","32.12","310.12","#Unknown!","1,771.00","222.22","0.32","606.06","#Unknown!"
"1/4/2015","12/2/2013","#Unknown!","1411.75","555.55","#Unknown!","4:12:00","0:00:00","336.13","210.21","#Unknown!","18,165.00","555.55","3.36","404.04","#Unknown!"
"1/5/2015","9/18/2013","#Unknown!","1357.93","333.33","#Unknown!","5:12:00","0:00:00","261.14","260.16","#Unknown!","75,754.00","333.33","2.61","505.05","#Unknown!"
"1/7/2015","2/3/2013","#Unknown!","245.88","444.44","#Unknown!","7:12:00","0:00:00","34.15","360.29","#Unknown!","17,514.00","444.44","0.34","707.07","#Unknown!"
"1/8/2015","2/2/2013","#Unknown!","271.91","111.11","#Unknown!","8:12:00","0:00:00","33.16","410.08","#Unknown!","5,792.00","111.11","0.33","808.08","#Unknown!"
"1/9/2015","7/1/2013","#Unknown!","1675.96","222.22","#Unknown!","9:12:00","0:00:00","182.17","460.18","#Unknown!","9,767.00","222.22","1.82","909.09","#Unknown!"
"1/10/2015","5/29/2013","#Unknown!","1521.64","555.55","#Unknown!","10:12:00","0:00:00","149.18","510.51","#Unknown!","16,719.00","555.55","1.49","1,010.10","#Unknown!"
"1/11/2015","2/4/2013","#Unknown!","394.13","333.33","#Unknown!","11:12:00","0:00:00","35.19","560.34","#Unknown!","9,502.00","333.33","0.35","1,111.11","#Unknown!"
"1/1/2015","5/30/2013","#Unknown!","180.24","444.44","#Unknown!","1:12:00","0:00:00","150.20","60.05","#Unknown!","11,688.00","444.44","1.50","101.01","#Unknown!"
"1/2/2015","2/15/2013","#Unknown!","224.42","111.11","#Unknown!","2:12:00","0:00:00","102.01","110.02","#Unknown!","153,060.00","111.11","0.46","202.02","#Unknown!"
"1/3/2015","5/31/2013","#Unknown!","329.66","222.22","#Unknown!","3:12:00","0:00:00","103.02","160.06","#Unknown!","7,808.00","222.22","1.51","303.03","#Unknown!"
"1/6/2015","3/17/2013","#Unknown!","657.39","555.55","#Unknown!","6:12:00","0:00:00","106.03","310.31","#Unknown!","1,947.00","555.55","0.76","606.06","#Unknown!"
"1/4/2015","9/27/2013","#Unknown!","436.97","333.33","#Unknown!","4:12:00","0:00:00","104.04","210.13","#Unknown!","21,437.00","333.33","2.70","404.04","#Unknown!"
"1/5/2015","9/12/2013","#Unknown!","546.26","444.44","#Unknown!","5:12:00","0:00:00","105.05","260.21","#Unknown!","26,962.00","444.44","2.55","505.05","#Unknown!"
"1/7/2015","7/3/2013","#Unknown!","770.83","111.11","#Unknown!","7:12:00","0:00:00","107.06","360.07","#Unknown!","6,590.00","111.11","1.84","707.07","#Unknown!"
"1/8/2015","6/1/2013","#Unknown!","886.17","222.22","#Unknown!","8:12:00","0:00:00","108.07","410.16","#Unknown!","9,268.00","222.22","1.52","808.08","#Unknown!"
"1/9/2015","7/4/2013","#Unknown!","1003.54","555.55","#Unknown!","9:12:00","0:00:00","109.08","460.46","#Unknown!","17,659.00","555.55","1.85","909.09","#Unknown!"
"1/10/2015","4/15/2013","#Unknown!","1122.92","333.33","#Unknown!","10:12:00","0:00:00","110.09","510.31","#Unknown!","3,684.00","333.33","1.05","1,010.10","#Unknown!"
"1/11/2015","6/9/2013","#Unknown!","1244.32","444.44","#Unknown!","11:12:00","0:00:00","111.10","560.45","#Unknown!","8,963.00","444.44","1.60","1,111.11","#Unknown!"
"1/1/2015","7/31/2013","#Unknown!","121.33","111.11","#Unknown!","1:12:00","0:00:00","101.11","60.01","#Unknown!","13,787.00","111.11","2.12","101.01","#Unknown!"
"1/2/2015","12/14/2013","#Unknown!","224.66","222.22","#Unknown!","2:12:00","0:00:00","102.12","110.04","#Unknown!","15,865.00","222.22","3.48","202.02","#Unknown!"
"1/3/2015","12/16/2013","#Unknown!","330.02","555.55","#Unknown!","3:12:00","0:00:00","103.13","160.16","#Unknown!","55,874.00","555.55","3.50","303.03","#Unknown!"
"1/6/2015","5/2/2013","#Unknown!","658.07","333.33","#Unknown!","6:12:00","0:00:00","106.14","310.19","#Unknown!","8,013.00","333.33","1.22","606.06","#Unknown!"
"1/4/2015","7/23/2013","#Unknown!","437.43","444.44","#Unknown!","4:12:00","0:00:00","104.15","210.17","#Unknown!","28,961.00","444.44","2.04","404.04","#Unknown!"
"1/5/2015","11/10/2013","#Unknown!","546.83","111.11","#Unknown!","5:12:00","0:00:00","105.16","260.05","#Unknown!","3,949.00","111.11","3.14","505.05","#Unknown!"
"1/7/2015","6/12/2013","#Unknown!","771.62","222.22","#Unknown!","7:12:00","0:00:00","107.17","360.14","#Unknown!","485.00","222.22","1.63","707.07","#Unknown!"
"1/8/2015","8/21/2013","#Unknown!","887.08","555.55","#Unknown!","8:12:00","0:00:00","108.18","410.41","#Unknown!","6,085.00","555.55","2.33","808.08","#Unknown!"
"1/9/2015","5/3/2013","#Unknown!","1004.55","333.33","#Unknown!","9:12:00","0:00:00","109.19","460.28","#Unknown!","8,926.00","333.33","1.23","909.09","#Unknown!"
"1/10/2015","11/23/2013","#Unknown!","1124.04","444.44","#Unknown!","10:12:00","0:00:00","110.20","510.41","#Unknown!","2,003.00","444.44","3.27","1,010.10","#Unknown!"
"1/11/2015","7/24/2013","#Unknown!","1131.31","111.11","#Unknown!","11:12:00","0:00:00","101.01","560.11","#Unknown!","11,292.00","111.11","2.05","1,111.11","#Unknown!"
"1/1/2015","3/18/2013","#Unknown!","122.42","222.22","#Unknown!","1:12:00","0:00:00","102.02","60.02","#Unknown!","327.00","222.22","0.77","101.01","#Unknown!"
"1/2/2015","6/2/2013","#Unknown!","231.07","555.55","#Unknown!","2:12:00","0:00:00","105.03","110.11","#Unknown!","7,542.00","555.55","1.53","202.02","#Unknown!"
"1/3/2015","6/3/2013","#Unknown!","329.73","333.33","#Unknown!","3:12:00","0:00:00","103.04","160.10","#Unknown!","13,457.00","333.33","1.54","303.03","#Unknown!"
"1/6/2015","7/25/2013","#Unknown!","645.11","444.44","#Unknown!","6:12:00","0:00:00","104.05","310.25","#Unknown!","24,932.00","444.44","2.06","606.06","#Unknown!"
"1/4/2015","2/5/2013","#Unknown!","424.45","111.11","#Unknown!","4:12:00","0:00:00","101.06","210.04","#Unknown!","1,838.00","111.11","0.36","404.04","#Unknown!"
"1/5/2015","9/13/2013","#Unknown!","530.76","222.22","#Unknown!","5:12:00","0:00:00","102.07","260.10","#Unknown!","24,070.00","222.22","2.56","505.05","#Unknown!"
"1/7/2015","10/25/2013","#Unknown!","756.58","555.55","#Unknown!","7:12:00","0:00:00","105.08","360.36","#Unknown!","60,632.00","555.55","2.98","707.07","#Unknown!"
"1/8/2015","2/6/2013","#Unknown!","845.34","333.33","#Unknown!","8:12:00","0:00:00","103.09","410.25","#Unknown!","9,872.00","333.33","0.37","808.08","#Unknown!"
"1/9/2015","11/11/2013","#Unknown!","957.72","444.44","#Unknown!","9:12:00","0:00:00","104.10","460.37","#Unknown!","21,822.00","444.44","3.15","909.09","#Unknown!"
"1/10/2015","2/7/2013","#Unknown!","1031.32","111.11","#Unknown!","10:12:00","0:00:00","101.11","510.10","#Unknown!","5,135.00","111.11","0.38","1,010.10","#Unknown!"
"1/11/2015","4/16/2013","#Unknown!","1143.74","222.22","#Unknown!","11:12:00","0:00:00","102.12","560.22","#Unknown!","780.00","222.22","1.06","1,111.11","#Unknown!"
"1/1/2015","2/20/2013","#Unknown!","126.16","555.55","#Unknown!","1:12:00","0:00:00","105.13","60.06","#Unknown!","538.00","555.55","0.51","101.01","#Unknown!"
"1/2/2015","10/27/2013","#Unknown!","226.91","333.33","#Unknown!","2:12:00","0:00:00","103.14","110.07","#Unknown!","31,915.00","333.33","3.00","202.02","#Unknown!"
"1/3/2015","7/5/2013","#Unknown!","333.28","444.44","#Unknown!","3:12:00","0:00:00","104.15","160.13","#Unknown!","12,994.00","444.44","1.86","303.03","#Unknown!"
"1/6/2015","6/4/2013","#Unknown!","627.19","111.11","#Unknown!","6:12:00","0:00:00","101.16","310.06","#Unknown!","16,767.00","111.11","1.55","606.06","#Unknown!"
"1/4/2015","10/30/2013","#Unknown!","429.11","222.22","#Unknown!","4:12:00","0:00:00","102.17","210.08","#Unknown!","27,982.00","222.22","3.03","404.04","#Unknown!"
"1/5/2015","11/24/2013","#Unknown!","546.94","555.55","#Unknown!","5:12:00","0:00:00","105.18","260.26","#Unknown!","2,750.00","555.55","3.28","505.05","#Unknown!"
"1/7/2015","4/17/2013","#Unknown!","742.97","333.33","#Unknown!","7:12:00","0:00:00","103.19","360.22","#Unknown!","848.00","333.33","1.07","707.07","#Unknown!"
"1/8/2015","8/22/2013","#Unknown!","854.44","444.44","#Unknown!","8:12:00","0:00:00","104.20","410.33","#Unknown!","4,875.00","444.44","2.34","808.08","#Unknown!"
"1/9/2015","6/7/2013","#Unknown!","1453.69","111.11","#Unknown!","9:12:00","0:00:00","158.01","460.09","#Unknown!","7,669.00","111.11","1.58","909.09","#Unknown!"
"1/10/2015","10/21/2013","#Unknown!","2999.00","222.22","#Unknown!","10:12:00","0:00:00","294.02","510.20","#Unknown!","6,916.00","222.22","2.94","1,010.10","#Unknown!"
"1/11/2015","6/8/2013","#Unknown!","1781.14","555.55","#Unknown!","11:12:00","0:00:00","159.03","560.56","#Unknown!","3,701.00","555.55","1.59","1,111.11","#Unknown!"
"1/1/2015","8/23/2013","#Unknown!","282.05","333.33","#Unknown!","1:12:00","0:00:00","235.04","60.04","#Unknown!","4,235.00","333.33","2.35","101.01","#Unknown!"
"1/2/2015","2/10/2013","#Unknown!","90.31","444.44","#Unknown!","2:12:00","0:00:00","41.05","110.09","#Unknown!","28,391.00","444.44","0.41","202.02","#Unknown!"
"1/3/2015","3/19/2013","#Unknown!","249.79","111.11","#Unknown!","3:12:00","0:00:00","78.06","160.03","#Unknown!","1,306.00","111.11","0.78","303.03","#Unknown!"
"1/6/2015","11/12/2013","#Unknown!","1959.63","222.22","#Unknown!","6:12:00","0:00:00","316.07","310.12","#Unknown!","2,740.00","222.22","3.16","606.06","#Unknown!"
"1/4/2015","6/6/2013","#Unknown!","659.74","555.55","#Unknown!","4:12:00","0:00:00","157.08","210.21","#Unknown!","18,272.00","555.55","1.57","404.04","#Unknown!"
"1/5/2015","2/8/2013","#Unknown!","203.27","333.33","#Unknown!","5:12:00","0:00:00","39.09","260.16","#Unknown!","41,094.00","333.33","0.39","505.05","#Unknown!"
"1/7/2015","7/26/2013","#Unknown!","1491.12","444.44","#Unknown!","7:12:00","0:00:00","207.10","360.29","#Unknown!","21,951.00","444.44","2.07","707.07","#Unknown!"
"1/8/2015","1/13/2013","#Unknown!","107.50","111.11","#Unknown!","8:12:00","0:00:00","13.11","410.08","#Unknown!","1,607.00","111.11","0.13","808.08","#Unknown!"
"1/9/2015","4/23/2013","#Unknown!","1040.70","222.22","#Unknown!","9:12:00","0:00:00","113.12","460.18","#Unknown!","7,277.00","222.22","1.13","909.09","#Unknown!"
"1/10/2015","11/1/2013","#Unknown!","3112.33","555.55","#Unknown!","10:12:00","0:00:00","305.13","510.51","#Unknown!","11,261.00","555.55","3.05","1,010.10","#Unknown!"
"1/11/2015","12/17/2013","#Unknown!","3932.77","333.33","#Unknown!","11:12:00","0:00:00","351.14","560.34","#Unknown!","15,532.00","333.33","3.51","1,111.11","#Unknown!"
"1/1/2015","9/14/2013","#Unknown!","308.58","444.44","#Unknown!","1:12:00","0:00:00","257.15","60.05","#Unknown!","14,618.00","444.44","2.57","101.01","#Unknown!"
"1/2/2015","9/30/2013","#Unknown!","600.95","111.11","#Unknown!","2:12:00","0:00:00","273.16","110.02","#Unknown!","53,743.00","111.11","2.73","202.02","#Unknown!"
"1/3/2015","2/11/2013","#Unknown!","134.94","222.22","#Unknown!","3:12:00","0:00:00","42.17","160.06","#Unknown!","1,496.00","222.22","0.42","303.03","#Unknown!"
"1/6/2015","10/22/2013","#Unknown!","1830.12","555.55","#Unknown!","6:12:00","0:00:00","295.18","310.31","#Unknown!","14,489.00","555.55","2.95","606.06","#Unknown!"
"1/4/2015","2/12/2013","#Unknown!","181.40","333.33","#Unknown!","4:12:00","0:00:00","43.19","210.13","#Unknown!","14,219.00","333.33","0.43","404.04","#Unknown!"
"1/5/2015","2/13/2013","#Unknown!","229.84","444.44","#Unknown!","5:12:00","0:00:00","44.20","260.21","#Unknown!","2,482.00","444.44","0.44","505.05","#Unknown!"
"1/7/2015","3/20/2013","#Unknown!","770.47","111.11","#Unknown!","7:12:00","0:00:00","107.01","360.07","#Unknown!","7,754.00","111.11","0.79","707.07","#Unknown!"
"1/8/2015","7/27/2013","#Unknown!","885.76","222.22","#Unknown!","8:12:00","0:00:00","108.02","410.16","#Unknown!","22,325.00","222.22","2.08","808.08","#Unknown!"
"1/9/2015","5/4/2013","#Unknown!","1003.08","555.55","#Unknown!","9:12:00","0:00:00","109.03","460.46","#Unknown!","10,300.00","555.55","1.24","909.09","#Unknown!"
"1/10/2015","7/28/2013","#Unknown!","1122.41","333.33","#Unknown!","10:12:00","0:00:00","110.04","510.31","#Unknown!","21,374.00","333.33","2.09","1,010.10","#Unknown!"
"1/11/2015","3/21/2013","#Unknown!","1243.76","444.44","#Unknown!","11:12:00","0:00:00","111.05","560.45","#Unknown!","899.00","444.44","0.80","1,111.11","#Unknown!"
"1/1/2015","9/23/2013","#Unknown!","121.27","111.11","#Unknown!","1:12:00","0:00:00","101.06","60.01","#Unknown!","17,497.00","111.11","2.66","101.01","#Unknown!"
"1/2/2015","7/6/2013","#Unknown!","224.55","222.22","#Unknown!","2:12:00","0:00:00","102.07","110.04","#Unknown!","38,120.00","222.22","1.87","202.02","#Unknown!"
"1/3/2015","6/10/2013","#Unknown!","329.86","555.55","#Unknown!","3:12:00","0:00:00","103.08","160.16","#Unknown!","181,045.00","555.55","1.61","303.03","#Unknown!"
"1/6/2015","2/14/2013","#Unknown!","657.76","333.33","#Unknown!","6:12:00","0:00:00","106.09","310.19","#Unknown!","1,156.00","333.33","0.45","606.06","#Unknown!"
"1/4/2015","9/15/2013","#Unknown!","437.22","444.44","#Unknown!","4:12:00","0:00:00","104.10","210.17","#Unknown!","10,955.00","444.44","2.58","404.04","#Unknown!"
"1/5/2015","11/22/2013","#Unknown!","546.57","111.11","#Unknown!","5:12:00","0:00:00","105.11","260.05","#Unknown!","23,793.00","111.11","3.26","505.05","#Unknown!"
"1/7/2015","10/14/2013","#Unknown!","734.47","222.22","#Unknown!","7:12:00","0:00:00","102.01","360.14","#Unknown!","15,985.00","222.22","2.87","707.07","#Unknown!"
"1/8/2015","6/15/2013","#Unknown!","861.16","555.55","#Unknown!","8:12:00","0:00:00","105.02","410.41","#Unknown!","21,924.00","555.55","1.66","808.08","#Unknown!"
"1/9/2015","12/6/2013","#Unknown!","947.88","333.33","#Unknown!","9:12:00","0:00:00","103.03","460.28","#Unknown!","10,303.00","333.33","3.40","909.09","#Unknown!"
"1/10/2015","2/18/2013","#Unknown!","1061.21","444.44","#Unknown!","10:12:00","0:00:00","104.04","510.41","#Unknown!","8,485.00","444.44","0.49","1,010.10","#Unknown!"
"1/11/2015","1/1/2013","#Unknown!","1131.76","111.11","#Unknown!","11:12:00","0:00:00","101.05","560.11","#Unknown!","28,438.00","111.11","0.01","1,111.11","#Unknown!"
"1/1/2015","2/24/2013","#Unknown!","122.47","222.22","#Unknown!","1:12:00","0:00:00","102.06","60.02","#Unknown!","494.00","222.22","0.55","101.01","#Unknown!"
"1/2/2015","8/2/2013","#Unknown!","231.15","555.55","#Unknown!","2:12:00","0:00:00","105.07","110.11","#Unknown!","16,283.00","555.55","2.14","202.02","#Unknown!"
"1/3/2015","1/3/2013","#Unknown!","329.86","333.33","#Unknown!","3:12:00","0:00:00","103.08","160.10","#Unknown!","37,819.00","333.33","0.03","303.03","#Unknown!"
"1/6/2015","7/8/2013","#Unknown!","645.36","444.44","#Unknown!","6:12:00","0:00:00","104.09","310.25","#Unknown!","33,201.00","444.44","1.89","606.06","#Unknown!"
"1/4/2015","11/4/2013","#Unknown!","424.62","111.11","#Unknown!","4:12:00","0:00:00","101.10","210.04","#Unknown!","311.00","111.11","3.08","404.04","#Unknown!"
"1/5/2015","10/28/2013","#Unknown!","530.97","222.22","#Unknown!","5:12:00","0:00:00","102.11","260.10","#Unknown!","42,844.00","222.22","3.01","505.05","#Unknown!"
"1/7/2015","4/19/2013","#Unknown!","756.86","555.55","#Unknown!","7:12:00","0:00:00","105.12","360.36","#Unknown!","6,081.00","555.55","1.09","707.07","#Unknown!"
"1/8/2015","4/20/2013","#Unknown!","845.67","333.33","#Unknown!","8:12:00","0:00:00","103.13","410.25","#Unknown!","3,074.00","333.33","1.10","808.08","#Unknown!"
"1/9/2015","3/23/2013","#Unknown!","958.09","444.44","#Unknown!","9:12:00","0:00:00","104.14","460.37","#Unknown!","1,737.00","444.44","0.82","909.09","#Unknown!"
"1/10/2015","6/16/2013","#Unknown!","1031.73","111.11","#Unknown!","10:12:00","0:00:00","101.15","510.10","#Unknown!","16,593.00","111.11","1.67","1,010.10","#Unknown!"
"1/11/2015","3/24/2013","#Unknown!","1144.19","222.22","#Unknown!","11:12:00","0:00:00","102.16","560.22","#Unknown!","11,584.00","222.22","0.83","1,111.11","#Unknown!"
"1/1/2015","11/26/2013","#Unknown!","126.20","555.55","#Unknown!","1:12:00","0:00:00","105.17","60.06","#Unknown!","43,593.00","555.55","3.30","101.01","#Unknown!"
"1/2/2015","5/5/2013","#Unknown!","227.00","333.33","#Unknown!","2:12:00","0:00:00","103.18","110.07","#Unknown!","16,188.00","333.33","1.25","202.02","#Unknown!"
"1/3/2015","10/2/2013","#Unknown!","333.41","444.44","#Unknown!","3:12:00","0:00:00","104.19","160.13","#Unknown!","4,356.00","444.44","2.75","303.03","#Unknown!"
"1/6/2015","4/21/2013","#Unknown!","627.44","111.11","#Unknown!","6:12:00","0:00:00","101.20","310.06","#Unknown!","7,427.00","111.11","1.11","606.06","#Unknown!"
"1/4/2015","11/13/2013","#Unknown!","1331.44","222.22","#Unknown!","4:12:00","0:00:00","317.01","210.08","#Unknown!","45,193.00","222.22","3.17","404.04","#Unknown!"
"1/5/2015","1/4/2013","#Unknown!","20.90","555.55","#Unknown!","5:12:00","0:00:00","4.02","260.26","#Unknown!","5,398.00","555.55","0.04","505.05","#Unknown!"
"1/7/2015","2/19/2013","#Unknown!","360.22","333.33","#Unknown!","7:12:00","0:00:00","50.03","360.22","#Unknown!","1,779.00","333.33","0.50","707.07","#Unknown!"
"1/8/2015","6/17/2013","#Unknown!","1377.93","444.44","#Unknown!","8:12:00","0:00:00","168.04","410.33","#Unknown!","13,320.00","444.44","1.68","808.08","#Unknown!"
"1/9/2015","1/5/2013","#Unknown!","46.46","111.11","#Unknown!","9:12:00","0:00:00","5.05","460.09","#Unknown!","14,649.00","111.11","0.05","909.09","#Unknown!"
"1/10/2015","8/24/2013","#Unknown!","2407.81","222.22","#Unknown!","10:12:00","0:00:00","236.06","510.20","#Unknown!","16,332.00","222.22","2.36","1,010.10","#Unknown!"
"1/11/2015","10/29/2013","#Unknown!","3383.18","555.55","#Unknown!","11:12:00","0:00:00","302.07","560.56","#Unknown!","24,729.00","555.55","3.02","1,111.11","#Unknown!"
"1/1/2015","12/15/2013","#Unknown!","418.90","333.33","#Unknown!","1:12:00","0:00:00","349.08","60.04","#Unknown!","6,411.00","333.33","3.49","101.01","#Unknown!"
"1/2/2015","5/6/2013","#Unknown!","277.40","444.44","#Unknown!","2:12:00","0:00:00","126.09","110.09","#Unknown!","2,866.00","444.44","1.26","202.02","#Unknown!"
"1/3/2015","3/26/2013","#Unknown!","272.32","111.11","#Unknown!","3:12:00","0:00:00","85.10","160.03","#Unknown!","2,129.00","111.11","0.85","303.03","#Unknown!"
"1/6/2015","8/3/2013","#Unknown!","1333.68","222.22","#Unknown!","6:12:00","0:00:00","215.11","310.12","#Unknown!","39,502.00","222.22","2.15","606.06","#Unknown!"
"1/4/2015","7/9/2013","#Unknown!","798.50","555.55","#Unknown!","4:12:00","0:00:00","190.12","210.21","#Unknown!","40,243.00","555.55","1.90","404.04","#Unknown!"
"1/5/2015","5/7/2013","#Unknown!","661.08","333.33","#Unknown!","5:12:00","0:00:00","127.13","260.16","#Unknown!","9,026.00","333.33","1.27","505.05","#Unknown!"
"1/7/2015","1/6/2013","#Unknown!","44.21","444.44","#Unknown!","7:12:00","0:00:00","6.14","360.29","#Unknown!","1,233.00","444.44","0.06","707.07","#Unknown!"
"1/8/2015","6/18/2013","#Unknown!","1387.03","111.11","#Unknown!","8:12:00","0:00:00","169.15","410.08","#Unknown!","4,897.00","111.11","1.69","808.08","#Unknown!"
"1/9/2015","9/16/2013","#Unknown!","2384.27","222.22","#Unknown!","9:12:00","0:00:00","259.16","460.18","#Unknown!","617,594.00","222.22","2.59","909.09","#Unknown!"
"1/10/2015","11/2/2013","#Unknown!","3122.93","555.55","#Unknown!","10:12:00","0:00:00","306.17","510.51","#Unknown!","19,754.00","555.55","3.06","1,010.10","#Unknown!"
"1/11/2015","6/14/2013","#Unknown!","1850.02","333.33","#Unknown!","11:12:00","0:00:00","165.18","560.34","#Unknown!","4,996.00","333.33","1.65","1,111.11","#Unknown!"
"1/1/2015","8/4/2013","#Unknown!","259.43","444.44","#Unknown!","1:12:00","0:00:00","216.19","60.05","#Unknown!","7,965.00","444.44","2.16","101.01","#Unknown!"
"1/2/2015","5/8/2013","#Unknown!","282.04","111.11","#Unknown!","2:12:00","0:00:00","128.20","110.02","#Unknown!","4,355.00","111.11","1.28","202.02","#Unknown!"
"1/3/2015","9/28/2013","#Unknown!","329.63","222.22","#Unknown!","3:12:00","0:00:00","103.01","160.06","#Unknown!","35,744.00","222.22","2.71","303.03","#Unknown!"
"1/6/2015","11/14/2013","#Unknown!","657.32","555.55","#Unknown!","6:12:00","0:00:00","106.02","310.31","#Unknown!","9,820.00","555.55","3.18","606.06","#Unknown!"
"1/4/2015","10/3/2013","#Unknown!","436.93","333.33","#Unknown!","4:12:00","0:00:00","104.03","210.13","#Unknown!","26,563.00","333.33","2.76","404.04","#Unknown!"
"1/5/2015","1/7/2013","#Unknown!","546.21","444.44","#Unknown!","5:12:00","0:00:00","105.04","260.21","#Unknown!","3,609.00","444.44","0.07","505.05","#Unknown!"
"1/7/2015","10/1/2013","#Unknown!","770.76","111.11","#Unknown!","7:12:00","0:00:00","107.05","360.07","#Unknown!","93,810.00","111.11","2.74","707.07","#Unknown!"
"1/8/2015","5/9/2013","#Unknown!","886.09","222.22","#Unknown!","8:12:00","0:00:00","108.06","410.16","#Unknown!","3,390.00","222.22","1.29","808.08","#Unknown!"
"1/9/2015","10/24/2013","#Unknown!","1003.44","555.55","#Unknown!","9:12:00","0:00:00","109.07","460.46","#Unknown!","58,732.00","555.55","2.97","909.09","#Unknown!"
"1/10/2015","3/28/2013","#Unknown!","1122.82","333.33","#Unknown!","10:12:00","0:00:00","110.08","510.31","#Unknown!","1,902.00","333.33","0.87","1,010.10","#Unknown!"
"1/11/2015","7/7/2013","#Unknown!","1244.21","444.44","#Unknown!","11:12:00","0:00:00","111.09","560.45","#Unknown!","24,498.00","444.44","1.88","1,111.11","#Unknown!"
"1/1/2015","9/17/2013","#Unknown!","121.32","111.11","#Unknown!","1:12:00","0:00:00","101.10","60.01","#Unknown!","105,162.00","111.11","2.60","101.01","#Unknown!"
"1/2/2015","8/25/2013","#Unknown!","224.64","222.22","#Unknown!","2:12:00","0:00:00","102.11","110.04","#Unknown!","21,561.00","222.22","2.37","202.02","#Unknown!"
"1/3/2015","6/19/2013","#Unknown!","329.98","555.55","#Unknown!","3:12:00","0:00:00","103.12","160.16","#Unknown!","4,852.00","555.55","1.70","303.03","#Unknown!"
"1/6/2015","10/4/2013","#Unknown!","658.01","333.33","#Unknown!","6:12:00","0:00:00","106.13","310.19","#Unknown!","11,509.00","333.33","2.77","606.06","#Unknown!"
"1/4/2015","3/29/2013","#Unknown!","437.39","444.44","#Unknown!","4:12:00","0:00:00","104.14","210.17","#Unknown!","1,266.00","444.44","0.88","404.04","#Unknown!"
"1/5/2015","5/10/2013","#Unknown!","546.78","111.11","#Unknown!","5:12:00","0:00:00","105.15","260.05","#Unknown!","12,981.00","111.11","1.30","505.05","#Unknown!"
"1/7/2015","11/15/2013","#Unknown!","771.55","222.22","#Unknown!","7:12:00","0:00:00","107.16","360.14","#Unknown!","6,125.00","222.22","3.19","707.07","#Unknown!"
"1/8/2015","7/10/2013","#Unknown!","886.99","555.55","#Unknown!","8:12:00","0:00:00","108.17","410.41","#Unknown!","33,802.00","555.55","1.91","808.08","#Unknown!"
"1/9/2015","9/21/2013","#Unknown!","1004.46","333.33","#Unknown!","9:12:00","0:00:00","109.18","460.28","#Unknown!","35,177.00","333.33","2.64","909.09","#Unknown!"
"1/10/2015","2/21/2013","#Unknown!","1123.94","444.44","#Unknown!","10:12:00","0:00:00","110.19","510.41","#Unknown!","3,235.00","444.44","0.52","1,010.10","#Unknown!"
"1/11/2015","1/8/2013","#Unknown!","1245.44","111.11","#Unknown!","11:12:00","0:00:00","111.20","560.11","#Unknown!","1,337.00","111.11","0.08","1,111.11","#Unknown!"
"1/1/2015","1/9/2013","#Unknown!","122.41","222.22","#Unknown!","1:12:00","0:00:00","102.01","60.02","#Unknown!","1,222.00","222.22","0.09","101.01","#Unknown!"
"1/2/2015","1/10/2013","#Unknown!","231.04","555.55","#Unknown!","2:12:00","0:00:00","105.02","110.11","#Unknown!","55,298.00","555.55","0.10","202.02","#Unknown!"
"1/3/2015","11/3/2013","#Unknown!","329.70","333.33","#Unknown!","3:12:00","0:00:00","103.03","160.10","#Unknown!","866.00","333.33","3.07","303.03","#Unknown!"
"1/6/2015","3/8/2013","#Unknown!","645.05","444.44","#Unknown!","6:12:00","0:00:00","104.04","310.25","#Unknown!","1,702.00","444.44","0.67","606.06","#Unknown!"
"1/4/2015","5/11/2013","#Unknown!","424.41","111.11","#Unknown!","4:12:00","0:00:00","101.05","210.04","#Unknown!","13,606.00","111.11","1.31","404.04","#Unknown!"
"1/5/2015","8/26/2013","#Unknown!","530.71","222.22","#Unknown!","5:12:00","0:00:00","102.06","260.10","#Unknown!","7,542.00","222.22","2.38","505.05","#Unknown!"
"1/7/2015","3/31/2013","#Unknown!","756.50","555.55","#Unknown!","7:12:00","0:00:00","105.07","360.36","#Unknown!","1,671.00","555.55","0.90","707.07","#Unknown!"
"1/8/2015","6/20/2013","#Unknown!","845.26","333.33","#Unknown!","8:12:00","0:00:00","103.08","410.25","#Unknown!","17,668.00","333.33","1.71","808.08","#Unknown!"
"1/9/2015","4/1/2013","#Unknown!","957.63","444.44","#Unknown!","9:12:00","0:00:00","104.09","460.37","#Unknown!","1,897.00","444.44","0.91","909.09","#Unknown!"
"1/10/2015","1/11/2013","#Unknown!","1031.22","111.11","#Unknown!","10:12:00","0:00:00","101.10","510.10","#Unknown!","872.00","111.11","0.11","1,010.10","#Unknown!"
"1/11/2015","2/22/2013","#Unknown!","1143.63","222.22","#Unknown!","11:12:00","0:00:00","102.11","560.22","#Unknown!","6,756.00","222.22","0.53","1,111.11","#Unknown!"
"1/1/2015","8/5/2013","#Unknown!","126.14","555.55","#Unknown!","1:12:00","0:00:00","105.12","60.06","#Unknown!","26,493.00","555.55","2.17","101.01","#Unknown!"
"1/2/2015","11/28/2013","#Unknown!","226.89","333.33","#Unknown!","2:12:00","0:00:00","103.13","110.07","#Unknown!","34,032.00","333.33","3.32","202.02","#Unknown!"
"1/3/2015","8/27/2013","#Unknown!","333.25","444.44","#Unknown!","3:12:00","0:00:00","104.14","160.13","#Unknown!","24,729.00","444.44","2.39","303.03","#Unknown!"
"1/6/2015","4/2/2013","#Unknown!","627.13","111.11","#Unknown!","6:12:00","0:00:00","101.15","310.06","#Unknown!","5,125.00","111.11","0.92","606.06","#Unknown!"
"1/4/2015","11/16/2013","#Unknown!","429.07","222.22","#Unknown!","4:12:00","0:00:00","102.16","210.08","#Unknown!","14,207.00","222.22","3.20","404.04","#Unknown!"
"1/5/2015","11/29/2013","#Unknown!","546.88","555.55","#Unknown!","5:12:00","0:00:00","105.17","260.26","#Unknown!","7,086.00","555.55","3.33","505.05","#Unknown!"
"1/7/2015","5/13/2013","#Unknown!","742.90","333.33","#Unknown!","7:12:00","0:00:00","103.18","360.22","#Unknown!","8,471.00","333.33","1.33","707.07","#Unknown!"
"1/8/2015","8/28/2013","#Unknown!","854.36","444.44","#Unknown!","8:12:00","0:00:00","104.19","410.33","#Unknown!","5,589.00","444.44","2.40","808.08","#Unknown!"
"1/9/2015","7/11/2013","#Unknown!","931.04","111.11","#Unknown!","9:12:00","0:00:00","101.20","460.09","#Unknown!","29,457.00","111.11","1.92","909.09","#Unknown!"
"1/10/2015","6/5/2013","#Unknown!","1591.30","222.22","#Unknown!","10:12:00","0:00:00","156.01","510.20","#Unknown!","11,390.00","222.22","1.56","1,010.10","#Unknown!"
"1/11/2015","7/12/2013","#Unknown!","2161.82","555.55","#Unknown!","11:12:00","0:00:00","193.02","560.56","#Unknown!","3,179.00","555.55","1.93","1,111.11","#Unknown!"
"1/1/2015","10/5/2013","#Unknown!","333.64","333.33","#Unknown!","1:12:00","0:00:00","278.03","60.04","#Unknown!","15,059.00","333.33","2.78","101.01","#Unknown!"
"1/2/2015","10/6/2013","#Unknown!","613.89","444.44","#Unknown!","2:12:00","0:00:00","279.04","110.09","#Unknown!","13,794.00","444.44","2.79","202.02","#Unknown!"
"1/3/2015","5/12/2013","#Unknown!","422.56","111.11","#Unknown!","3:12:00","0:00:00","132.05","160.03","#Unknown!","2,183.00","111.11","1.32","303.03","#Unknown!"
"1/6/2015","1/14/2013","#Unknown!","87.17","222.22","#Unknown!","6:12:00","0:00:00","14.06","310.12","#Unknown!","15,720.00","222.22","0.14","606.06","#Unknown!"
"1/4/2015","11/17/2013","#Unknown!","1348.49","555.55","#Unknown!","4:12:00","0:00:00","321.07","210.21","#Unknown!","4,956.00","555.55","3.21","404.04","#Unknown!"
"1/5/2015","1/12/2013","#Unknown!","62.82","333.33","#Unknown!","5:12:00","0:00:00","12.08","260.16","#Unknown!","16,053.00","333.33","0.12","505.05","#Unknown!"
"1/7/2015","10/7/2013","#Unknown!","2016.65","444.44","#Unknown!","7:12:00","0:00:00","280.09","360.29","#Unknown!","23,112.00","444.44","2.80","707.07","#Unknown!"
"1/8/2015","11/5/2013","#Unknown!","2534.62","111.11","#Unknown!","8:12:00","0:00:00","309.10","410.08","#Unknown!","4,067.00","111.11","3.09","808.08","#Unknown!"
"1/9/2015","3/16/2013","#Unknown!","691.01","222.22","#Unknown!","9:12:00","0:00:00","75.11","460.18","#Unknown!","1,225.00","222.22","0.75","909.09","#Unknown!"
"1/10/2015","4/3/2013","#Unknown!","949.82","555.55","#Unknown!","10:12:00","0:00:00","93.12","510.51","#Unknown!","1,800.00","555.55","0.93","1,010.10","#Unknown!"
"1/11/2015","8/6/2013","#Unknown!","2443.06","333.33","#Unknown!","11:12:00","0:00:00","218.13","560.34","#Unknown!","3,504.00","333.33","2.18","1,111.11","#Unknown!"
"1/1/2015","9/20/2013","#Unknown!","315.77","444.44","#Unknown!","1:12:00","0:00:00","263.14","60.05","#Unknown!","41,667.00","444.44","2.63","101.01","#Unknown!"
"1/2/2015","11/30/2013","#Unknown!","735.13","111.11","#Unknown!","2:12:00","0:00:00","334.15","110.02","#Unknown!","15,873.00","111.11","3.34","202.02","#Unknown!"
"1/3/2015","12/1/2013","#Unknown!","1072.51","222.22","#Unknown!","3:12:00","0:00:00","335.16","160.06","#Unknown!","88,857.00","222.22","3.35","303.03","#Unknown!"
"1/6/2015","11/6/2013","#Unknown!","1923.05","555.55","#Unknown!","6:12:00","0:00:00","310.17","310.31","#Unknown!","31,531.00","555.55","3.10","606.06","#Unknown!"
"1/4/2015","4/18/2013","#Unknown!","454.36","333.33","#Unknown!","4:12:00","0:00:00","108.18","210.13","#Unknown!","40,318.00","333.33","1.08","404.04","#Unknown!"
"1/5/2015","3/9/2013","#Unknown!","354.59","444.44","#Unknown!","5:12:00","0:00:00","68.19","260.21","#Unknown!","752.00","444.44","0.68","505.05","#Unknown!"
"1/7/2015","8/29/2013","#Unknown!","1736.64","111.11","#Unknown!","7:12:00","0:00:00","241.20","360.07","#Unknown!","16,865.00","111.11","2.41","707.07","#Unknown!"
"1/8/2015","6/13/2013","#Unknown!","885.68","222.22","#Unknown!","8:12:00","0:00:00","108.01","410.16","#Unknown!","68,318.00","222.22","1.64","808.08","#Unknown!"
"1/9/2015","8/30/2013","#Unknown!","1002.98","555.55","#Unknown!","9:12:00","0:00:00","109.02","460.46","#Unknown!","31,635.00","555.55","2.42","909.09","#Unknown!"
"1/10/2015","11/25/2013","#Unknown!","1122.31","333.33","#Unknown!","10:12:00","0:00:00","110.03","510.31","#Unknown!","8,870.00","333.33","3.29","1,010.10","#Unknown!"
"1/11/2015","4/22/2013","#Unknown!","1243.65","444.44","#Unknown!","11:12:00","0:00:00","111.04","560.45","#Unknown!","20,228.00","444.44","1.12","1,111.11","#Unknown!"
"1/1/2015","7/14/2013","#Unknown!","121.26","111.11","#Unknown!","1:12:00","0:00:00","101.05","60.01","#Unknown!","8,183.00","111.11","1.95","101.01","#Unknown!"
"1/2/2015","4/7/2013","#Unknown!","224.53","222.22","#Unknown!","2:12:00","0:00:00","102.06","110.04","#Unknown!","1,500.00","222.22","0.97","202.02","#Unknown!"
"1/3/2015","8/7/2013","#Unknown!","329.82","555.55","#Unknown!","3:12:00","0:00:00","103.07","160.16","#Unknown!","28,789.00","555.55","2.19","303.03","#Unknown!"
"1/6/2015","1/15/2013","#Unknown!","657.70","333.33","#Unknown!","6:12:00","0:00:00","106.08","310.19","#Unknown!","1,054.00","333.33","0.15","606.06","#Unknown!"
"1/4/2015","11/27/2013","#Unknown!","437.18","444.44","#Unknown!","4:12:00","0:00:00","104.09","210.17","#Unknown!","75.00","444.44","3.31","404.04","#Unknown!"
"1/5/2015","5/14/2013","#Unknown!","546.52","111.11","#Unknown!","5:12:00","0:00:00","105.10","260.05","#Unknown!","17,765.00","111.11","1.34","505.05","#Unknown!"
"1/7/2015","1/16/2013","#Unknown!","771.19","222.22","#Unknown!","7:12:00","0:00:00","107.11","360.14","#Unknown!","6,240.00","222.22","0.16","707.07","#Unknown!"
"1/8/2015","1/17/2013","#Unknown!","886.58","555.55","#Unknown!","8:12:00","0:00:00","108.12","410.41","#Unknown!","1,566.00","555.55","0.17","808.08","#Unknown!"
"1/9/2015","2/23/2013","#Unknown!","1004.00","333.33","#Unknown!","9:12:00","0:00:00","109.13","460.28","#Unknown!","7,104.00","333.33","0.54","909.09","#Unknown!"
"1/10/2015","3/22/2013","#Unknown!","1123.43","444.44","#Unknown!","10:12:00","0:00:00","110.14","510.41","#Unknown!","17,456.00","444.44","0.81","1,010.10","#Unknown!"
"1/11/2015","4/24/2013","#Unknown!","1244.88","111.11","#Unknown!","11:12:00","0:00:00","111.15","560.11","#Unknown!","10,646.00","111.11","1.14","1,111.11","#Unknown!"
"1/1/2015","7/15/2013","#Unknown!","121.39","222.22","#Unknown!","1:12:00","0:00:00","101.16","60.02","#Unknown!","6,459.00","222.22","1.96","101.01","#Unknown!"
"1/2/2015","1/18/2013","#Unknown!","224.77","555.55","#Unknown!","2:12:00","0:00:00","102.17","110.11","#Unknown!","5,250.00","555.55","0.18","202.02","#Unknown!"
"1/3/2015","10/8/2013","#Unknown!","330.18","333.33","#Unknown!","3:12:00","0:00:00","103.18","160.10","#Unknown!","7,518.00","333.33","2.81","303.03","#Unknown!"
"1/6/2015","8/8/2013","#Unknown!","658.38","444.44","#Unknown!","6:12:00","0:00:00","106.19","310.25","#Unknown!","7,764.00","444.44","2.20","606.06","#Unknown!"
"1/4/2015","1/19/2013","#Unknown!","437.64","111.11","#Unknown!","4:12:00","0:00:00","104.20","210.04","#Unknown!","5,139.00","111.11","0.19","404.04","#Unknown!"
"1/5/2015","2/27/2013","#Unknown!","530.45","222.22","#Unknown!","5:12:00","0:00:00","102.01","260.10","#Unknown!","717.00","222.22","0.58","505.05","#Unknown!"
"1/7/2015","10/9/2013","#Unknown!","756.14","555.55","#Unknown!","7:12:00","0:00:00","105.02","360.36","#Unknown!","13,879.00","555.55","2.82","707.07","#Unknown!"
"1/8/2015","10/10/2013","#Unknown!","844.85","333.33","#Unknown!","8:12:00","0:00:00","103.03","410.25","#Unknown!","10,209.00","333.33","2.83","808.08","#Unknown!"
"1/9/2015","1/20/2013","#Unknown!","957.17","444.44","#Unknown!","9:12:00","0:00:00","104.04","460.37","#Unknown!","2,990.00","444.44","0.20","909.09","#Unknown!"
"1/10/2015","4/25/2013","#Unknown!","1030.71","111.11","#Unknown!","10:12:00","0:00:00","101.05","510.10","#Unknown!","6,520.00","111.11","1.15","1,010.10","#Unknown!"
"1/11/2015","11/18/2013","#Unknown!","1143.07","222.22","#Unknown!","11:12:00","0:00:00","102.06","560.22","#Unknown!","12,243.00","222.22","3.22","1,111.11","#Unknown!"
"1/1/2015","1/21/2013","#Unknown!","126.08","555.55","#Unknown!","1:12:00","0:00:00","105.07","60.06","#Unknown!","3,279.00","555.55","0.21","101.01","#Unknown!"
"1/2/2015","7/13/2013","#Unknown!","226.78","333.33","#Unknown!","2:12:00","0:00:00","103.08","110.07","#Unknown!","60,879.00","333.33","1.94","202.02","#Unknown!"
"1/3/2015","3/30/2013","#Unknown!","333.09","444.44","#Unknown!","3:12:00","0:00:00","104.09","160.13","#Unknown!","337.00","444.44","0.89","303.03","#Unknown!"
"1/6/2015","4/4/2013","#Unknown!","626.82","111.11","#Unknown!","6:12:00","0:00:00","101.10","310.06","#Unknown!","706.00","111.11","0.94","606.06","#Unknown!"
"1/4/2015","8/31/2013","#Unknown!","428.86","222.22","#Unknown!","4:12:00","0:00:00","102.11","210.08","#Unknown!","22,157.00","222.22","2.43","404.04","#Unknown!"
"1/5/2015","2/25/2013","#Unknown!","546.62","555.55","#Unknown!","5:12:00","0:00:00","105.12","260.26","#Unknown!","2,032.00","555.55","0.56","505.05","#Unknown!"
"1/7/2015","10/11/2013","#Unknown!","742.54","333.33","#Unknown!","7:12:00","0:00:00","103.13","360.22","#Unknown!","10,791.00","333.33","2.84","707.07","#Unknown!"
"1/8/2015","5/15/2013","#Unknown!","853.95","444.44","#Unknown!","8:12:00","0:00:00","104.14","410.33","#Unknown!","17,346.00","444.44","1.35","808.08","#Unknown!"
"1/9/2015","5/16/2013","#Unknown!","930.58","111.11","#Unknown!","9:12:00","0:00:00","101.15","460.09","#Unknown!","2,481.00","111.11","1.36","909.09","#Unknown!"
"1/10/2015","6/21/2013","#Unknown!","1042.03","222.22","#Unknown!","10:12:00","0:00:00","102.16","510.20","#Unknown!","13,547.00","222.22","1.72","1,010.10","#Unknown!"
"1/11/2015","1/22/2013","#Unknown!","1177.90","555.55","#Unknown!","11:12:00","0:00:00","105.17","560.56","#Unknown!","39,880.00","555.55","0.22","1,111.11","#Unknown!"
"1/1/2015","6/22/2013","#Unknown!","123.82","333.33","#Unknown!","1:12:00","0:00:00","103.18","60.04","#Unknown!","5,911.00","333.33","1.73","101.01","#Unknown!"
"1/2/2015","6/23/2013","#Unknown!","229.22","444.44","#Unknown!","2:12:00","0:00:00","104.19","110.09","#Unknown!","14,925.00","444.44","1.74","202.02","#Unknown!"
"1/3/2015","4/26/2013","#Unknown!","323.84","111.11","#Unknown!","3:12:00","0:00:00","101.20","160.03","#Unknown!","4,382.00","111.11","1.16","303.03","#Unknown!"
"1/6/2015","6/24/2013","#Unknown!","1085.06","222.22","#Unknown!","6:12:00","0:00:00","175.01","310.12","#Unknown!","19,063.00","222.22","1.75","606.06","#Unknown!"
"1/4/2015","9/1/2013","#Unknown!","1024.88","555.55","#Unknown!","4:12:00","0:00:00","244.02","210.21","#Unknown!","10,293.00","555.55","2.44","404.04","#Unknown!"
"1/5/2015","1/23/2013","#Unknown!","119.76","333.33","#Unknown!","5:12:00","0:00:00","23.03","260.16","#Unknown!","2,180.00","333.33","0.23","505.05","#Unknown!"
"1/7/2015","8/9/2013","#Unknown!","1591.49","444.44","#Unknown!","7:12:00","0:00:00","221.04","360.29","#Unknown!","13,175.00","444.44","2.21","707.07","#Unknown!"
"1/8/2015","10/17/2013","#Unknown!","2378.41","111.11","#Unknown!","8:12:00","0:00:00","290.05","410.08","#Unknown!","12,629.00","111.11","2.90","808.08","#Unknown!"
"1/9/2015","10/13/2013","#Unknown!","2631.75","222.22","#Unknown!","9:12:00","0:00:00","286.06","460.18","#Unknown!","10,602.00","222.22","2.86","909.09","#Unknown!"
"1/10/2015","5/17/2013","#Unknown!","1398.11","555.55","#Unknown!","10:12:00","0:00:00","137.07","510.51","#Unknown!","8,055.00","555.55","1.37","1,010.10","#Unknown!"
"1/11/2015","2/28/2013","#Unknown!","661.70","333.33","#Unknown!","11:12:00","0:00:00","59.08","560.34","#Unknown!","3,091.00","333.33","0.59","1,111.11","#Unknown!"
"1/1/2015","7/16/2013","#Unknown!","236.51","444.44","#Unknown!","1:12:00","0:00:00","197.09","60.05","#Unknown!","76,377.00","444.44","1.97","101.01","#Unknown!"
"1/2/2015","3/2/2013","#Unknown!","134.42","111.11","#Unknown!","2:12:00","0:00:00","61.10","110.02","#Unknown!","5,943.00","111.11","0.61","202.02","#Unknown!"
"1/3/2015","5/18/2013","#Unknown!","441.95","222.22","#Unknown!","3:12:00","0:00:00","138.11","160.06","#Unknown!","10,970.00","222.22","1.38","303.03","#Unknown!"
"1/6/2015","3/3/2013","#Unknown!","385.14","555.55","#Unknown!","6:12:00","0:00:00","62.12","310.31","#Unknown!","5,025.00","555.55","0.62","606.06","#Unknown!"
"1/4/2015","4/27/2013","#Unknown!","491.95","333.33","#Unknown!","4:12:00","0:00:00","117.13","210.13","#Unknown!","40,759.00","333.33","1.17","404.04","#Unknown!"
"1/5/2015","1/24/2013","#Unknown!","125.53","444.44","#Unknown!","5:12:00","0:00:00","24.14","260.21","#Unknown!","1,851.00","444.44","0.24","505.05","#Unknown!"
"1/7/2015","10/23/2013","#Unknown!","2132.28","111.11","#Unknown!","7:12:00","0:00:00","296.15","360.07","#Unknown!","31,394.00","111.11","2.96","707.07","#Unknown!"
"1/8/2015","3/27/2013","#Unknown!","706.51","222.22","#Unknown!","8:12:00","0:00:00","86.16","410.16","#Unknown!","711.00","222.22","0.86","808.08","#Unknown!"
"1/9/2015","7/2/2013","#Unknown!","1685.16","555.55","#Unknown!","9:12:00","0:00:00","183.17","460.46","#Unknown!","6,362.00","555.55","1.83","909.09","#Unknown!"
"1/10/2015","4/28/2013","#Unknown!","1205.44","333.33","#Unknown!","10:12:00","0:00:00","118.18","510.31","#Unknown!","8,924.00","333.33","1.18","1,010.10","#Unknown!"
"1/11/2015","2/16/2013","#Unknown!","528.53","444.44","#Unknown!","11:12:00","0:00:00","47.19","560.45","#Unknown!","15,784.00","444.44","0.47","1,111.11","#Unknown!"
"1/1/2015","7/19/2013","#Unknown!","240.24","111.11","#Unknown!","1:12:00","0:00:00","200.20","60.01","#Unknown!","106,519.00","111.11","2.00","101.01","#Unknown!"
"1/2/2015","1/25/2013","#Unknown!","224.42","222.22","#Unknown!","2:12:00","0:00:00","102.01","110.04","#Unknown!","21,103.00","222.22","0.25","202.02","#Unknown!"
"1/3/2015","4/29/2013","#Unknown!","329.66","555.55","#Unknown!","3:12:00","0:00:00","103.02","160.16","#Unknown!","10,086.00","555.55","1.19","303.03","#Unknown!"
"1/6/2015","7/29/2013","#Unknown!","657.39","333.33","#Unknown!","6:12:00","0:00:00","106.03","310.19","#Unknown!","90,329.00","333.33","2.10","606.06","#Unknown!"
"1/4/2015","8/10/2013","#Unknown!","436.97","444.44","#Unknown!","4:12:00","0:00:00","104.04","210.17","#Unknown!","11,596.00","444.44","2.22","404.04","#Unknown!"
"1/5/2015","9/19/2013","#Unknown!","546.26","111.11","#Unknown!","5:12:00","0:00:00","105.05","260.05","#Unknown!","59,450.00","111.11","2.62","505.05","#Unknown!"
"1/7/2015","8/11/2013","#Unknown!","770.83","222.22","#Unknown!","7:12:00","0:00:00","107.06","360.14","#Unknown!","5,136.00","222.22","2.23","707.07","#Unknown!"
"1/8/2015","9/2/2013","#Unknown!","886.17","555.55","#Unknown!","8:12:00","0:00:00","108.07","410.41","#Unknown!","23,184.00","555.55","2.45","808.08","#Unknown!"
"1/9/2015","8/12/2013","#Unknown!","1003.54","333.33","#Unknown!","9:12:00","0:00:00","109.08","460.28","#Unknown!","19,808.00","333.33","2.24","909.09","#Unknown!"
"1/10/2015","12/3/2013","#Unknown!","1122.92","444.44","#Unknown!","10:12:00","0:00:00","110.09","510.41","#Unknown!","4,907.00","444.44","3.37","1,010.10","#Unknown!"
"1/11/2015","6/25/2013","#Unknown!","1244.32","111.11","#Unknown!","11:12:00","0:00:00","111.10","560.11","#Unknown!","38,499.00","111.11","1.76","1,111.11","#Unknown!"
"1/1/2015","9/3/2013","#Unknown!","121.33","222.22","#Unknown!","1:12:00","0:00:00","101.11","60.02","#Unknown!","25,132.00","222.22","2.46","101.01","#Unknown!"
"1/2/2015","11/19/2013","#Unknown!","224.66","555.55","#Unknown!","2:12:00","0:00:00","102.12","110.11","#Unknown!","14,006.00","555.55","3.23","202.02","#Unknown!"
"1/3/2015","12/4/2013","#Unknown!","330.02","333.33","#Unknown!","3:12:00","0:00:00","103.13","160.10","#Unknown!","6,045.00","333.33","3.38","303.03","#Unknown!"
"1/6/2015","6/26/2013","#Unknown!","658.07","444.44","#Unknown!","6:12:00","0:00:00","106.14","310.25","#Unknown!","10,106.00","444.44","1.77","606.06","#Unknown!"
"1/4/2015","9/4/2013","#Unknown!","437.43","111.11","#Unknown!","4:12:00","0:00:00","104.15","210.04","#Unknown!","12,024.00","111.11","2.47","404.04","#Unknown!"
"1/5/2015","9/24/2013","#Unknown!","546.83","222.22","#Unknown!","5:12:00","0:00:00","105.16","260.10","#Unknown!","56,173.00","222.22","2.67","505.05","#Unknown!"
"1/7/2015","9/5/2013","#Unknown!","771.62","555.55","#Unknown!","7:12:00","0:00:00","107.17","360.36","#Unknown!","12,752.00","555.55","2.48","707.07","#Unknown!"
"1/8/2015","9/26/2013","#Unknown!","887.08","333.33","#Unknown!","8:12:00","0:00:00","108.18","410.25","#Unknown!","26,983.00","333.33","2.69","808.08","#Unknown!"
"1/9/2015","6/27/2013","#Unknown!","1004.55","444.44","#Unknown!","9:12:00","0:00:00","109.19","460.37","#Unknown!","5,839.00","444.44","1.78","909.09","#Unknown!"
"1/10/2015","7/20/2013","#Unknown!","1124.04","111.11","#Unknown!","10:12:00","0:00:00","110.20","510.10","#Unknown!","6,338.00","111.11","2.01","1,010.10","#Unknown!"
"1/11/2015","7/17/2013","#Unknown!","1142.51","222.22","#Unknown!","11:12:00","0:00:00","102.01","560.22","#Unknown!","47,255.00","222.22","1.98","1,111.11","#Unknown!"
"1/1/2015","10/12/2013","#Unknown!","126.02","555.55","#Unknown!","1:12:00","0:00:00","105.02","60.06","#Unknown!","23,116.00","555.55","2.85","101.01","#Unknown!"
"1/2/2015","3/4/2013","#Unknown!","226.67","333.33","#Unknown!","2:12:00","0:00:00","103.03","110.07","#Unknown!","521.00","333.33","0.63","202.02","#Unknown!"
"1/3/2015","8/13/2013","#Unknown!","332.93","444.44","#Unknown!","3:12:00","0:00:00","104.04","160.13","#Unknown!","8,987.00","444.44","2.25","303.03","#Unknown!"
"1/6/2015","6/28/2013","#Unknown!","626.51","111.11","#Unknown!","6:12:00","0:00:00","101.05","310.06","#Unknown!","27,999.00","111.11","1.79","606.06","#Unknown!"
"1/4/2015","5/19/2013","#Unknown!","428.65","222.22","#Unknown!","4:12:00","0:00:00","102.06","210.08","#Unknown!","13,261.00","222.22","1.39","404.04","#Unknown!"
"1/5/2015","9/6/2013","#Unknown!","546.36","555.55","#Unknown!","5:12:00","0:00:00","105.07","260.26","#Unknown!","7,891.00","555.55","2.49","505.05","#Unknown!"
"1/7/2015","5/20/2013","#Unknown!","742.18","333.33","#Unknown!","7:12:00","0:00:00","103.08","360.22","#Unknown!","3,190.00","333.33","1.40","707.07","#Unknown!"
"1/8/2015","9/29/2013","#Unknown!","853.54","444.44","#Unknown!","8:12:00","0:00:00","104.09","410.33","#Unknown!","27,003.00","444.44","2.72","808.08","#Unknown!"
"1/9/2015","4/5/2013","#Unknown!","930.12","111.11","#Unknown!","9:12:00","0:00:00","101.10","460.09","#Unknown!","121.00","111.11","0.95","909.09","#Unknown!"
"1/10/2015","1/26/2013","#Unknown!","1041.52","222.22","#Unknown!","10:12:00","0:00:00","102.11","510.20","#Unknown!","8,560.00","222.22","0.26","1,010.10","#Unknown!"
"1/11/2015","4/6/2013","#Unknown!","1177.34","555.55","#Unknown!","11:12:00","0:00:00","105.12","560.56","#Unknown!","8,437.00","555.55","0.96","1,111.11","#Unknown!"
"1/1/2015","3/6/2013","#Unknown!","123.76","333.33","#Unknown!","1:12:00","0:00:00","103.13","60.04","#Unknown!","961.00","333.33","0.65","101.01","#Unknown!"
"1/2/2015","2/9/2013","#Unknown!","229.11","444.44","#Unknown!","2:12:00","0:00:00","104.14","110.09","#Unknown!","838.00","444.44","0.40","202.02","#Unknown!"
"1/3/2015","3/15/2013","#Unknown!","323.68","111.11","#Unknown!","3:12:00","0:00:00","101.15","160.03","#Unknown!","167.00","111.11","0.74","303.03","#Unknown!"
"1/6/2015","8/1/2013","#Unknown!","633.39","222.22","#Unknown!","6:12:00","0:00:00","102.16","310.12","#Unknown!","3,410.00","222.22","2.13","606.06","#Unknown!"
"1/4/2015","11/7/2013","#Unknown!","441.71","555.55","#Unknown!","4:12:00","0:00:00","105.17","210.21","#Unknown!","10,172.00","555.55","3.11","404.04","#Unknown!"
"1/5/2015","6/29/2013","#Unknown!","536.54","333.33","#Unknown!","5:12:00","0:00:00","103.18","260.16","#Unknown!","33,006.00","333.33","1.80","505.05","#Unknown!"
"1/7/2015","10/31/2013","#Unknown!","750.17","444.44","#Unknown!","7:12:00","0:00:00","104.19","360.29","#Unknown!","28,886.00","444.44","3.04","707.07","#Unknown!"
"1/8/2015","3/1/2013","#Unknown!","829.84","111.11","#Unknown!","8:12:00","0:00:00","101.20","410.08","#Unknown!","228.00","111.11","0.60","808.08","#Unknown!"
"1/9/2015","12/5/2013","#Unknown!","3118.89","222.22","#Unknown!","9:12:00","0:00:00","339.01","460.18","#Unknown!","95,072.00","222.22","3.39","909.09","#Unknown!"
"1/10/2015","5/21/2013","#Unknown!","1438.40","555.55","#Unknown!","10:12:00","0:00:00","141.02","510.51","#Unknown!","999.00","555.55","1.41","1,010.10","#Unknown!"
"1/11/2015","3/5/2013","#Unknown!","717.14","333.33","#Unknown!","11:12:00","0:00:00","64.03","560.34","#Unknown!","1,509.00","333.33","0.64","1,111.11","#Unknown!"
"1/1/2015","4/8/2013","#Unknown!","117.65","444.44","#Unknown!","1:12:00","0:00:00","98.04","60.05","#Unknown!","990.00","444.44","0.98","101.01","#Unknown!"
"1/2/2015","8/15/2013","#Unknown!","499.51","111.11","#Unknown!","2:12:00","0:00:00","227.05","110.02","#Unknown!","6,666.00","111.11","2.27","202.02","#Unknown!"
"1/3/2015","8/14/2013","#Unknown!","723.39","222.22","#Unknown!","3:12:00","0:00:00","226.06","160.06","#Unknown!","17,416.00","222.22","2.26","303.03","#Unknown!"
"1/6/2015","10/26/2013","#Unknown!","1854.23","555.55","#Unknown!","6:12:00","0:00:00","299.07","310.31","#Unknown!","85,146.00","555.55","2.99","606.06","#Unknown!"
"1/4/2015","9/7/2013","#Unknown!","1050.34","333.33","#Unknown!","4:12:00","0:00:00","250.08","210.13","#Unknown!","11,227.00","333.33","2.50","404.04","#Unknown!"
"1/5/2015","3/7/2013","#Unknown!","343.67","444.44","#Unknown!","5:12:00","0:00:00","66.09","260.21","#Unknown!","13,708.00","444.44","0.66","505.05","#Unknown!"
"1/7/2015","7/18/2013","#Unknown!","1433.52","111.11","#Unknown!","7:12:00","0:00:00","199.10","360.07","#Unknown!","28,352.00","111.11","1.99","707.07","#Unknown!"
"1/8/2015","12/7/2013","#Unknown!","2797.10","222.22","#Unknown!","8:12:00","0:00:00","341.11","410.16","#Unknown!","28,712.00","222.22","3.41","808.08","#Unknown!"
"1/9/2015","5/24/2013","#Unknown!","1325.90","555.55","#Unknown!","9:12:00","0:00:00","144.12","460.46","#Unknown!","4,680.00","555.55","1.44","909.09","#Unknown!"
"1/10/2015","7/21/2013","#Unknown!","2061.73","333.33","#Unknown!","10:12:00","0:00:00","202.13","510.31","#Unknown!","14,892.00","333.33","2.02","1,010.10","#Unknown!"
"1/11/2015","1/27/2013","#Unknown!","303.97","444.44","#Unknown!","11:12:00","0:00:00","27.14","560.45","#Unknown!","28,549.00","444.44","0.27","1,111.11","#Unknown!"
"1/1/2015","5/22/2013","#Unknown!","170.58","111.11","#Unknown!","1:12:00","0:00:00","142.15","60.01","#Unknown!","14,155.00","111.11","1.42","101.01","#Unknown!"
"1/2/2015","5/23/2013","#Unknown!","314.95","222.22","#Unknown!","2:12:00","0:00:00","143.16","110.04","#Unknown!","15,707.00","222.22","1.43","202.02","#Unknown!"
"1/3/2015","4/9/2013","#Unknown!","317.34","555.55","#Unknown!","3:12:00","0:00:00","99.17","160.16","#Unknown!","3,032.00","555.55","0.99","303.03","#Unknown!"
"1/6/2015","12/9/2013","#Unknown!","2127.72","333.33","#Unknown!","6:12:00","0:00:00","343.18","310.19","#Unknown!","19,031.00","333.33","3.43","606.06","#Unknown!"
"1/4/2015","9/8/2013","#Unknown!","1055.00","444.44","#Unknown!","4:12:00","0:00:00","251.19","210.17","#Unknown!","10,506.00","444.44","2.51","404.04","#Unknown!"
"1/5/2015","9/9/2013","#Unknown!","1311.44","111.11","#Unknown!","5:12:00","0:00:00","252.20","260.05","#Unknown!","28,602.00","111.11","2.52","505.05","#Unknown!"
"1/7/2015","11/8/2013","#Unknown!","770.47","222.22","#Unknown!","7:12:00","0:00:00","107.01","360.14","#Unknown!","4,527.00","222.22","3.12","707.07","#Unknown!"
"1/8/2015","1/28/2013","#Unknown!","885.76","555.55","#Unknown!","8:12:00","0:00:00","108.02","410.41","#Unknown!","1,902.00","555.55","0.28","808.08","#Unknown!"
"1/9/2015","4/10/2013","#Unknown!","1003.08","333.33","#Unknown!","9:12:00","0:00:00","109.03","460.28","#Unknown!","7,839.00","333.33","1.00","909.09","#Unknown!"
"1/10/2015","11/20/2013","#Unknown!","1122.41","444.44","#Unknown!","10:12:00","0:00:00","110.04","510.41","#Unknown!","5,890.00","444.44","3.24","1,010.10","#Unknown!"
"1/11/2015","3/10/2013","#Unknown!","1243.76","111.11","#Unknown!","11:12:00","0:00:00","111.05","560.11","#Unknown!","1,612.00","111.11","0.69","1,111.11","#Unknown!"
"1/1/2015","5/25/2013","#Unknown!","121.27","222.22","#Unknown!","1:12:00","0:00:00","101.06","60.02","#Unknown!","13,709.00","222.22","1.45","101.01","#Unknown!"
"1/2/2015","1/29/2013","#Unknown!","224.55","555.55","#Unknown!","2:12:00","0:00:00","102.07","110.11","#Unknown!","12,140.00","555.55","0.29","202.02","#Unknown!"
"1/3/2015","6/11/2013","#Unknown!","329.86","333.33","#Unknown!","3:12:00","0:00:00","103.08","160.10","#Unknown!","4,806.00","333.33","1.62","303.03","#Unknown!"
"1/6/2015","8/17/2013","#Unknown!","657.76","444.44","#Unknown!","6:12:00","0:00:00","106.09","310.25","#Unknown!","51,251.00","444.44","2.29","606.06","#Unknown!"
"1/4/2015","1/2/2013","#Unknown!","437.22","111.11","#Unknown!","4:12:00","0:00:00","104.10","210.04","#Unknown!","1,321.00","111.11","0.02","404.04","#Unknown!"
"1/5/2015","10/15/2013","#Unknown!","546.57","222.22","#Unknown!","5:12:00","0:00:00","105.11","260.10","#Unknown!","17,837.00","222.22","2.88","505.05","#Unknown!"
"1/7/2015","4/30/2013","#Unknown!","771.26","555.55","#Unknown!","7:12:00","0:00:00","107.12","360.36","#Unknown!","11,497.00","555.55","1.20","707.07","#Unknown!"
"1/8/2015","2/26/2013","#Unknown!","886.67","333.33","#Unknown!","8:12:00","0:00:00","108.13","410.25","#Unknown!","847.00","333.33","0.57","808.08","#Unknown!"
"1/9/2015","4/11/2013","#Unknown!","1004.09","444.44","#Unknown!","9:12:00","0:00:00","109.14","460.37","#Unknown!","1,234.00","444.44","1.01","909.09","#Unknown!"
"1/10/2015","3/25/2013","#Unknown!","1123.53","111.11","#Unknown!","10:12:00","0:00:00","110.15","510.10","#Unknown!","1,682.00","111.11","0.84","1,010.10","#Unknown!"
"1/11/2015","2/17/2013","#Unknown!","1244.99","222.22","#Unknown!","11:12:00","0:00:00","111.16","560.22","#Unknown!","44,737.00","222.22","0.48","1,111.11","#Unknown!"
"1/1/2015","1/30/2013","#Unknown!","121.40","555.55","#Unknown!","1:12:00","0:00:00","101.17","60.06","#Unknown!","648.00","555.55","0.30","101.01","#Unknown!"
"1/2/2015","12/8/2013","#Unknown!","224.80","333.33","#Unknown!","2:12:00","0:00:00","102.18","110.07","#Unknown!","8,264.00","333.33","3.42","202.02","#Unknown!"
"1/3/2015","10/16/2013","#Unknown!","330.21","444.44","#Unknown!","3:12:00","0:00:00","103.19","160.13","#Unknown!","56,468.00","444.44","2.89","303.03","#Unknown!"
"1/6/2015","10/18/2013","#Unknown!","658.44","111.11","#Unknown!","6:12:00","0:00:00","106.20","310.06","#Unknown!","2,820.00","111.11","2.91","606.06","#Unknown!"
"1/4/2015","5/26/2013","#Unknown!","428.44","222.22","#Unknown!","4:12:00","0:00:00","102.01","210.08","#Unknown!","3,413.00","222.22","1.46","404.04","#Unknown!"
"1/5/2015","11/21/2013","#Unknown!","546.10","555.55","#Unknown!","5:12:00","0:00:00","105.02","260.26","#Unknown!","2,942.00","555.55","3.25","505.05","#Unknown!"
"1/7/2015","9/25/2013","#Unknown!","741.82","333.33","#Unknown!","7:12:00","0:00:00","103.03","360.22","#Unknown!","92,271.00","333.33","2.68","707.07","#Unknown!"
"1/8/2015","10/19/2013","#Unknown!","853.13","444.44","#Unknown!","8:12:00","0:00:00","104.04","410.33","#Unknown!","32,112.00","444.44","2.92","808.08","#Unknown!"
"1/9/2015","12/10/2013","#Unknown!","929.66","111.11","#Unknown!","9:12:00","0:00:00","101.05","460.09","#Unknown!","13,383.00","111.11","3.44","909.09","#Unknown!"
"1/10/2015","7/22/2013","#Unknown!","1041.01","222.22","#Unknown!","10:12:00","0:00:00","102.06","510.20","#Unknown!","24,747.00","222.22","2.03","1,010.10","#Unknown!"
"1/11/2015","12/11/2013","#Unknown!","1176.78","555.55","#Unknown!","11:12:00","0:00:00","105.07","560.56","#Unknown!","11,608.00","555.55","3.45","1,111.11","#Unknown!"
"1/1/2015","9/22/2013","#Unknown!","123.70","333.33","#Unknown!","1:12:00","0:00:00","103.08","60.04","#Unknown!","51,755.00","333.33","2.65","101.01","#Unknown!"
"1/2/2015","3/11/2013","#Unknown!","229.00","444.44","#Unknown!","2:12:00","0:00:00","104.09","110.09","#Unknown!","1,475.00","444.44","0.70","202.02","#Unknown!"
"1/3/2015","12/12/2013","#Unknown!","323.52","111.11","#Unknown!","3:12:00","0:00:00","101.10","160.03","#Unknown!","5,232.00","111.11","3.46","303.03","#Unknown!"
"1/6/2015","10/20/2013","#Unknown!","633.08","222.22","#Unknown!","6:12:00","0:00:00","102.11","310.12","#Unknown!","17,489.00","222.22","2.93","606.06","#Unknown!"
"1/4/2015","8/18/2013","#Unknown!","441.50","555.55","#Unknown!","4:12:00","0:00:00","105.12","210.21","#Unknown!","6,952.00","555.55","2.30","404.04","#Unknown!"
"1/5/2015","4/12/2013","#Unknown!","536.28","333.33","#Unknown!","5:12:00","0:00:00","103.13","260.16","#Unknown!","393.00","333.33","1.02","505.05","#Unknown!"
"1/7/2015","8/19/2013","#Unknown!","749.81","444.44","#Unknown!","7:12:00","0:00:00","104.14","360.29","#Unknown!","5,856.00","444.44","2.31","707.07","#Unknown!"
"1/8/2015","4/13/2013","#Unknown!","829.43","111.11","#Unknown!","8:12:00","0:00:00","101.15","410.08","#Unknown!","1,258.00","111.11","1.03","808.08","#Unknown!"
"1/9/2015","1/31/2013","#Unknown!","939.87","222.22","#Unknown!","9:12:00","0:00:00","102.16","460.18","#Unknown!","1,775.00","222.22","0.31","909.09","#Unknown!"
"1/10/2015","5/27/2013","#Unknown!","1072.73","555.55","#Unknown!","10:12:00","0:00:00","105.17","510.51","#Unknown!","7,973.00","555.55","1.47","1,010.10","#Unknown!"
"1/11/2015","8/20/2013","#Unknown!","1155.62","333.33","#Unknown!","11:12:00","0:00:00","103.18","560.34","#Unknown!","41,340.00","333.33","2.32","1,111.11","#Unknown!"
"1/1/2015","8/16/2013","#Unknown!","125.03","444.44","#Unknown!","1:12:00","0:00:00","104.19","60.05","#Unknown!","8,283.00","444.44","2.28","101.01","#Unknown!"
"1/2/2015","3/12/2013","#Unknown!","222.64","111.11","#Unknown!","2:12:00","0:00:00","101.20","110.02","#Unknown!","915.00","111.11","0.71","202.02","#Unknown!"
"1/3/2015","11/9/2013","#Unknown!","1001.63","222.22","#Unknown!","3:12:00","0:00:00","313.01","160.06","#Unknown!","20,675.00","222.22","3.13","303.03","#Unknown!"
"1/6/2015","7/30/2013","#Unknown!","1308.32","555.55","#Unknown!","6:12:00","0:00:00","211.02","310.31","#Unknown!","26,628.00","555.55","2.11","606.06","#Unknown!"
"1/4/2015","3/13/2013","#Unknown!","302.53","333.33","#Unknown!","4:12:00","0:00:00","72.03","210.13","#Unknown!","692.00","333.33","0.72","404.04","#Unknown!"
"1/5/2015","9/10/2013","#Unknown!","1315.81","444.44","#Unknown!","5:12:00","0:00:00","253.04","260.21","#Unknown!","18,133.00","444.44","2.53","505.05","#Unknown!"
"1/7/2015","12/13/2013","#Unknown!","2498.76","111.11","#Unknown!","7:12:00","0:00:00","347.05","360.07","#Unknown!","13,722.00","111.11","3.47","707.07","#Unknown!"
"1/8/2015","9/11/2013","#Unknown!","2083.29","222.22","#Unknown!","8:12:00","0:00:00","254.06","410.16","#Unknown!","17,612.00","222.22","2.54","808.08","#Unknown!"
"1/9/2015","3/14/2013","#Unknown!","672.24","555.55","#Unknown!","9:12:00","0:00:00","73.07","460.46","#Unknown!","3,257.00","555.55","0.73","909.09","#Unknown!"
"1/10/2015","4/14/2013","#Unknown!","1061.62","333.33","#Unknown!","10:12:00","0:00:00","104.08","510.31","#Unknown!","1,893.00","333.33","1.04","1,010.10","#Unknown!"
"1/11/2015","6/30/2013","#Unknown!","2028.21","444.44","#Unknown!","11:12:00","0:00:00","181.09","560.45","#Unknown!","4,119.00","444.44","1.81","1,111.11","#Unknown!"
"1/1/2015","5/1/2013","#Unknown!","145.32","111.11","#Unknown!","1:12:00","0:00:00","121.10","60.01","#Unknown!","7,211.00","111.11","1.21","101.01","#Unknown!"
"1/2/2015","5/28/2013","#Unknown!","325.84","222.22","#Unknown!","2:12:00","0:00:00","148.11","110.04","#Unknown!","35,608.00","222.22","1.48","202.02","#Unknown!"
"1/3/2015","2/1/2013","#Unknown!","102.78","555.55","#Unknown!","3:12:00","0:00:00","32.12","160.16","#Unknown!","1,771.00","555.55","0.32","303.03","#Unknown!"
"1/6/2015","12/2/2013","#Unknown!","2084.01","333.33","#Unknown!","6:12:00","0:00:00","336.13","310.19","#Unknown!","18,165.00","333.33","3.36","606.06","#Unknown!"
"1/4/2015","9/18/2013","#Unknown!","1096.79","444.44","#Unknown!","4:12:00","0:00:00","261.14","210.17","#Unknown!","75,754.00","444.44","2.61","404.04","#Unknown!"
"1/5/2015","2/3/2013","#Unknown!","177.58","111.11","#Unknown!","5:12:00","0:00:00","34.15","260.05","#Unknown!","17,514.00","111.11","0.34","505.05","#Unknown!"
"1/7/2015","2/2/2013","#Unknown!","238.75","222.22","#Unknown!","7:12:00","0:00:00","33.16","360.14","#Unknown!","5,792.00","222.22","0.33","707.07","#Unknown!"
"1/8/2015","7/1/2013","#Unknown!","1493.79","555.55","#Unknown!","8:12:00","0:00:00","182.17","410.41","#Unknown!","9,767.00","555.55","1.82","808.08","#Unknown!"
"1/9/2015","5/29/2013","#Unknown!","1372.46","333.33","#Unknown!","9:12:00","0:00:00","149.18","460.28","#Unknown!","16,719.00","333.33","1.49","909.09","#Unknown!"
"1/10/2015","2/4/2013","#Unknown!","358.94","444.44","#Unknown!","10:12:00","0:00:00","35.19","510.41","#Unknown!","9,502.00","444.44","0.35","1,010.10","#Unknown!"
"1/11/2015","5/30/2013","#Unknown!","1682.24","111.11","#Unknown!","11:12:00","0:00:00","150.20","560.11","#Unknown!","11,688.00","111.11","1.50","1,111.11","#Unknown!"
"1/1/2015","2/15/2013","#Unknown!","121.21","222.22","#Unknown!","1:12:00","0:00:00","101.01","60.02","#Unknown!","153,060.00","222.22","0.46","101.01","#Unknown!"
"1/2/2015","5/31/2013","#Unknown!","224.44","555.55","#Unknown!","2:12:00","0:00:00","102.02","110.11","#Unknown!","7,808.00","555.55","1.51","202.02","#Unknown!"
"1/3/2015","3/17/2013","#Unknown!","329.70","333.33","#Unknown!","3:12:00","0:00:00","103.03","160.10","#Unknown!","1,947.00","333.33","0.76","303.03","#Unknown!"
"1/6/2015","9/27/2013","#Unknown!","657.45","444.44","#Unknown!","6:12:00","0:00:00","106.04","310.25","#Unknown!","21,437.00","444.44","2.70","606.06","#Unknown!"
"1/4/2015","9/12/2013","#Unknown!","437.01","111.11","#Unknown!","4:12:00","0:00:00","104.05","210.04","#Unknown!","26,962.00","111.11","2.55","404.04","#Unknown!"
"1/5/2015","7/3/2013","#Unknown!","546.31","222.22","#Unknown!","5:12:00","0:00:00","105.06","260.10","#Unknown!","6,590.00","222.22","1.84","505.05","#Unknown!"
"1/7/2015","6/1/2013","#Unknown!","770.90","555.55","#Unknown!","7:12:00","0:00:00","107.07","360.36","#Unknown!","9,268.00","555.55","1.52","707.07","#Unknown!"
"1/8/2015","7/4/2013","#Unknown!","886.26","333.33","#Unknown!","8:12:00","0:00:00","108.08","410.25","#Unknown!","17,659.00","333.33","1.85","808.08","#Unknown!"
"1/9/2015","4/15/2013","#Unknown!","1003.63","444.44","#Unknown!","9:12:00","0:00:00","109.09","460.37","#Unknown!","3,684.00","444.44","1.05","909.09","#Unknown!"
"1/10/2015","6/9/2013","#Unknown!","1123.02","111.11","#Unknown!","10:12:00","0:00:00","110.10","510.10","#Unknown!","8,963.00","111.11","1.60","1,010.10","#Unknown!"
"1/11/2015","7/31/2013","#Unknown!","1244.43","222.22","#Unknown!","11:12:00","0:00:00","111.11","560.22","#Unknown!","13,787.00","222.22","2.12","1,111.11","#Unknown!"
"1/1/2015","12/14/2013","#Unknown!","121.34","555.55","#Unknown!","1:12:00","0:00:00","101.12","60.06","#Unknown!","15,865.00","555.55","3.48","101.01","#Unknown!"
"1/2/2015","12/16/2013","#Unknown!","224.69","333.33","#Unknown!","2:12:00","0:00:00","102.13","110.07","#Unknown!","55,874.00","333.33","3.50","202.02","#Unknown!"
"1/3/2015","5/2/2013","#Unknown!","330.05","444.44","#Unknown!","3:12:00","0:00:00","103.14","160.13","#Unknown!","8,013.00","444.44","1.22","303.03","#Unknown!"
"1/6/2015","7/23/2013","#Unknown!","658.13","111.11","#Unknown!","6:12:00","0:00:00","106.15","310.06","#Unknown!","28,961.00","111.11","2.04","606.06","#Unknown!"
"1/4/2015","11/10/2013","#Unknown!","437.47","222.22","#Unknown!","4:12:00","0:00:00","104.16","210.08","#Unknown!","3,949.00","222.22","3.14","404.04","#Unknown!"
"1/5/2015","6/12/2013","#Unknown!","546.88","555.55","#Unknown!","5:12:00","0:00:00","105.17","260.26","#Unknown!","485.00","555.55","1.63","505.05","#Unknown!"
"1/7/2015","8/21/2013","#Unknown!","771.70","333.33","#Unknown!","7:12:00","0:00:00","107.18","360.22","#Unknown!","6,085.00","333.33","2.33","707.07","#Unknown!"
"1/8/2015","5/3/2013","#Unknown!","887.16","444.44","#Unknown!","8:12:00","0:00:00","108.19","410.33","#Unknown!","8,926.00","444.44","1.23","808.08","#Unknown!"
"1/9/2015","11/23/2013","#Unknown!","1004.64","111.11","#Unknown!","9:12:00","0:00:00","109.20","460.09","#Unknown!","2,003.00","111.11","3.27","909.09","#Unknown!"
"1/10/2015","7/24/2013","#Unknown!","1040.50","222.22","#Unknown!","10:12:00","0:00:00","102.01","510.20","#Unknown!","11,292.00","222.22","2.05","1,010.10","#Unknown!"
"1/11/2015","3/18/2013","#Unknown!","1176.22","555.55","#Unknown!","11:12:00","0:00:00","105.02","560.56","#Unknown!","327.00","555.55","0.77","1,111.11","#Unknown!"
"1/1/2015","6/2/2013","#Unknown!","123.64","333.33","#Unknown!","1:12:00","0:00:00","103.03","60.04","#Unknown!","7,542.00","333.33","1.53","101.01","#Unknown!"
"1/2/2015","6/3/2013","#Unknown!","228.89","444.44","#Unknown!","2:12:00","0:00:00","104.04","110.09","#Unknown!","13,457.00","444.44","1.54","202.02","#Unknown!"
"1/3/2015","7/25/2013","#Unknown!","323.36","111.11","#Unknown!","3:12:00","0:00:00","101.05","160.03","#Unknown!","24,932.00","111.11","2.06","303.03","#Unknown!"
"1/6/2015","2/5/2013","#Unknown!","632.77","222.22","#Unknown!","6:12:00","0:00:00","102.06","310.12","#Unknown!","1,838.00","222.22","0.36","606.06","#Unknown!"
"1/4/2015","9/13/2013","#Unknown!","441.29","555.55","#Unknown!","4:12:00","0:00:00","105.07","210.21","#Unknown!","24,070.00","555.55","2.56","404.04","#Unknown!"
"1/5/2015","10/25/2013","#Unknown!","536.02","333.33","#Unknown!","5:12:00","0:00:00","103.08","260.16","#Unknown!","60,632.00","333.33","2.98","505.05","#Unknown!"
"1/7/2015","2/6/2013","#Unknown!","749.45","444.44","#Unknown!","7:12:00","0:00:00","104.09","360.29","#Unknown!","9,872.00","444.44","0.37","707.07","#Unknown!"
"1/8/2015","11/11/2013","#Unknown!","829.02","111.11","#Unknown!","8:12:00","0:00:00","101.10","410.08","#Unknown!","21,822.00","111.11","3.15","808.08","#Unknown!"
"1/9/2015","2/7/2013","#Unknown!","939.41","222.22","#Unknown!","9:12:00","0:00:00","102.11","460.18","#Unknown!","5,135.00","222.22","0.38","909.09","#Unknown!"
"1/10/2015","4/16/2013","#Unknown!","1072.22","555.55","#Unknown!","10:12:00","0:00:00","105.12","510.51","#Unknown!","780.00","555.55","1.06","1,010.10","#Unknown!"
"1/11/2015","2/20/2013","#Unknown!","1155.06","333.33","#Unknown!","11:12:00","0:00:00","103.13","560.34","#Unknown!","538.00","333.33","0.51","1,111.11","#Unknown!"
"1/1/2015","10/27/2013","#Unknown!","124.97","444.44","#Unknown!","1:12:00","0:00:00","104.14","60.05","#Unknown!","31,915.00","444.44","3.00","101.01","#Unknown!"
"1/2/2015","7/5/2013","#Unknown!","222.53","111.11","#Unknown!","2:12:00","0:00:00","101.15","110.02","#Unknown!","12,994.00","111.11","1.86","202.02","#Unknown!"
"1/3/2015","6/4/2013","#Unknown!","326.91","222.22","#Unknown!","3:12:00","0:00:00","102.16","160.06","#Unknown!","16,767.00","222.22","1.55","303.03","#Unknown!"
"1/6/2015","10/30/2013","#Unknown!","652.05","555.55","#Unknown!","6:12:00","0:00:00","105.17","310.31","#Unknown!","27,982.00","555.55","3.03","606.06","#Unknown!"
"1/4/2015","11/24/2013","#Unknown!","433.36","333.33","#Unknown!","4:12:00","0:00:00","103.18","210.13","#Unknown!","2,750.00","333.33","3.28","404.04","#Unknown!"
"1/5/2015","4/17/2013","#Unknown!","541.79","444.44","#Unknown!","5:12:00","0:00:00","104.19","260.21","#Unknown!","848.00","444.44","1.07","505.05","#Unknown!"
"1/7/2015","8/22/2013","#Unknown!","728.64","111.11","#Unknown!","7:12:00","0:00:00","101.20","360.07","#Unknown!","4,875.00","111.11","2.34","707.07","#Unknown!"
"1/8/2015","6/7/2013","#Unknown!","1295.68","222.22","#Unknown!","8:12:00","0:00:00","158.01","410.16","#Unknown!","7,669.00","222.22","1.58","808.08","#Unknown!"
"1/9/2015","10/21/2013","#Unknown!","2704.98","555.55","#Unknown!","9:12:00","0:00:00","294.02","460.46","#Unknown!","6,916.00","555.55","2.94","909.09","#Unknown!"
"1/10/2015","6/8/2013","#Unknown!","1622.11","333.33","#Unknown!","10:12:00","0:00:00","159.03","510.31","#Unknown!","3,701.00","333.33","1.59","1,010.10","#Unknown!"
"1/11/2015","8/23/2013","#Unknown!","2632.45","444.44","#Unknown!","11:12:00","0:00:00","235.04","560.45","#Unknown!","4,235.00","444.44","2.35","1,111.11","#Unknown!"
"1/1/2015","2/10/2013","#Unknown!","49.26","111.11","#Unknown!","1:12:00","0:00:00","41.05","60.01","#Unknown!","28,391.00","111.11","0.41","101.01","#Unknown!"
"1/2/2015","3/19/2013","#Unknown!","171.73","222.22","#Unknown!","2:12:00","0:00:00","78.06","110.04","#Unknown!","1,306.00","222.22","0.78","202.02","#Unknown!"
"1/3/2015","11/12/2013","#Unknown!","1011.42","555.55","#Unknown!","3:12:00","0:00:00","316.07","160.16","#Unknown!","2,740.00","555.55","3.16","303.03","#Unknown!"
"1/6/2015","6/6/2013","#Unknown!","973.90","333.33","#Unknown!","6:12:00","0:00:00","157.08","310.19","#Unknown!","18,272.00","333.33","1.57","606.06","#Unknown!"
"1/4/2015","2/8/2013","#Unknown!","164.18","444.44","#Unknown!","4:12:00","0:00:00","39.09","210.17","#Unknown!","41,094.00","444.44","0.39","404.04","#Unknown!"
"1/5/2015","7/26/2013","#Unknown!","1076.92","111.11","#Unknown!","5:12:00","0:00:00","207.10","260.05","#Unknown!","21,951.00","111.11","2.07","505.05","#Unknown!"
"1/7/2015","1/13/2013","#Unknown!","94.39","222.22","#Unknown!","7:12:00","0:00:00","13.11","360.14","#Unknown!","1,607.00","222.22","0.13","707.07","#Unknown!"
"1/8/2015","4/23/2013","#Unknown!","927.58","555.55","#Unknown!","8:12:00","0:00:00","113.12","410.41","#Unknown!","7,277.00","555.55","1.13","808.08","#Unknown!"
"1/9/2015","11/1/2013","#Unknown!","2807.20","333.33","#Unknown!","9:12:00","0:00:00","305.13","460.28","#Unknown!","11,261.00","333.33","3.05","909.09","#Unknown!"
"1/10/2015","12/17/2013","#Unknown!","3581.63","444.44","#Unknown!","10:12:00","0:00:00","351.14","510.41","#Unknown!","15,532.00","444.44","3.51","1,010.10","#Unknown!"
"1/11/2015","9/14/2013","#Unknown!","2880.08","111.11","#Unknown!","11:12:00","0:00:00","257.15","560.11","#Unknown!","14,618.00","111.11","2.57","1,111.11","#Unknown!"
"1/1/2015","9/30/2013","#Unknown!","327.79","222.22","#Unknown!","1:12:00","0:00:00","273.16","60.02","#Unknown!","53,743.00","222.22","2.73","101.01","#Unknown!"
"1/2/2015","2/11/2013","#Unknown!","92.77","555.55","#Unknown!","2:12:00","0:00:00","42.17","110.11","#Unknown!","1,496.00","555.55","0.42","202.02","#Unknown!"
"1/3/2015","10/22/2013","#Unknown!","944.58","333.33","#Unknown!","3:12:00","0:00:00","295.18","160.10","#Unknown!","14,489.00","333.33","2.95","303.03","#Unknown!"
"1/6/2015","2/12/2013","#Unknown!","267.78","444.44","#Unknown!","6:12:00","0:00:00","43.19","310.25","#Unknown!","14,219.00","444.44","0.43","606.06","#Unknown!"
"1/4/2015","2/13/2013","#Unknown!","185.64","111.11","#Unknown!","4:12:00","0:00:00","44.20","210.04","#Unknown!","2,482.00","111.11","0.44","404.04","#Unknown!"
"1/5/2015","3/20/2013","#Unknown!","546.05","222.22","#Unknown!","5:12:00","0:00:00","105.01","260.10","#Unknown!","7,754.00","222.22","0.79","505.05","#Unknown!"
"1/7/2015","7/27/2013","#Unknown!","770.54","555.55","#Unknown!","7:12:00","0:00:00","107.02","360.36","#Unknown!","22,325.00","555.55","2.08","707.07","#Unknown!"
"1/8/2015","5/4/2013","#Unknown!","885.85","333.33","#Unknown!","8:12:00","0:00:00","108.03","410.25","#Unknown!","10,300.00","333.33","1.24","808.08","#Unknown!"
"1/9/2015","7/28/2013","#Unknown!","1003.17","444.44","#Unknown!","9:12:00","0:00:00","109.04","460.37","#Unknown!","21,374.00","444.44","2.09","909.09","#Unknown!"
"1/10/2015","3/21/2013","#Unknown!","1122.51","111.11","#Unknown!","10:12:00","0:00:00","110.05","510.10","#Unknown!","899.00","111.11","0.80","1,010.10","#Unknown!"
"1/11/2015","9/23/2013","#Unknown!","1243.87","222.22","#Unknown!","11:12:00","0:00:00","111.06","560.22","#Unknown!","17,497.00","222.22","2.66","1,111.11","#Unknown!"
"1/1/2015","7/6/2013","#Unknown!","121.28","555.55","#Unknown!","1:12:00","0:00:00","101.07","60.06","#Unknown!","38,120.00","555.55","1.87","101.01","#Unknown!"
"1/2/2015","6/10/2013","#Unknown!","224.58","333.33","#Unknown!","2:12:00","0:00:00","102.08","110.07","#Unknown!","181,045.00","333.33","1.61","202.02","#Unknown!"
"1/3/2015","2/14/2013","#Unknown!","329.89","444.44","#Unknown!","3:12:00","0:00:00","103.09","160.13","#Unknown!","1,156.00","444.44","0.45","303.03","#Unknown!"
"1/6/2015","9/15/2013","#Unknown!","657.82","111.11","#Unknown!","6:12:00","0:00:00","106.10","310.06","#Unknown!","10,955.00","111.11","2.58","606.06","#Unknown!"
"1/4/2015","11/22/2013","#Unknown!","437.26","222.22","#Unknown!","4:12:00","0:00:00","104.11","210.08","#Unknown!","23,793.00","222.22","3.26","404.04","#Unknown!"
"12/6/2016","10/14/2013","#Unknown!","1261.79","555.55","#Unknown!","0:00:00","0:00:00","0.00","0.00","#Unknown!","15,985.00","555.55","2.87","306.06","#Unknown!"
"12/7/2016","6/15/2013","#Unknown!","1474.92","333.33","#Unknown!","0:00:00","0:00:00","0.00","0.00","#Unknown!","21,924.00","333.33","1.66","307.07","#Unknown!"
"12/8/2016","12/6/2013","#Unknown!","1690.07","444.44","#Unknown!","0:00:00","0:00:00","0.00","0.00","#Unknown!","10,303.00","444.44","3.40","308.08","#Unknown!"
"12/9/2016","2/18/2013","#Unknown!","1907.21","111.11","#Unknown!","0:00:00","0:00:00","0.00","0.00","#Unknown!","8,485.00","111.11","0.49","309.09","#Unknown!"
"12/10/2016","1/1/2013","#Unknown!","2126.35","222.22","#Unknown!","0:00:00","0:00:00","0.00","0.00","#Unknown!","28,438.00","222.22","0.01","310.10","#Unknown!"
"12/11/2016","2/24/2013","#Unknown!","2347.50","555.55","#Unknown!","0:00:00","0:00:00","0.00","0.00","#Unknown!","494.00","555.55","0.55","311.10","#Unknown!"
"12/1/2016","8/2/2013","#Unknown!","226.13","333.33","#Unknown!","0:00:00","0:00:00","0.00","0.00","#Unknown!","16,283.00","333.33","2.14","301.01","#Unknown!"
"12/2/2016","1/3/2013","#Unknown!","429.25","444.44","#Unknown!","0:00:00","0:00:00","0.00","0.00","#Unknown!","37,819.00","444.44","0.03","302.02","#Unknown!"
"12/3/2016","7/8/2013","#Unknown!","634.38","111.11","#Unknown!","0:00:00","0:00:00","0.00","0.00","#Unknown!","33,201.00","111.11","1.89","303.03","#Unknown!"
"12/4/2016","11/4/2013","#Unknown!","841.52","222.22","#Unknown!","0:00:00","0:00:00","0.00","0.00","#Unknown!","311.00","222.22","3.08","304.04","#Unknown!"
"12/5/2016","10/28/2013","#Unknown!","1050.65","555.55","#Unknown!","0:00:00","0:00:00","0.00","0.00","#Unknown!","42,844.00","555.55","3.01","305.05","#Unknown!"
"12/6/2016","4/19/2013","#Unknown!","1261.79","333.33","#Unknown!","0:00:00","0:00:00","0.00","0.00","#Unknown!","6,081.00","333.33","1.09","306.06","#Unknown!"
"12/7/2016","4/20/2013","#Unknown!","1474.92","444.44","#Unknown!","0:00:00","0:00:00","0.00","0.00","#Unknown!","3,074.00","444.44","1.10","307.07","#Unknown!"
"12/8/2016","3/23/2013","#Unknown!","1690.07","111.11","#Unknown!","0:00:00","0:00:00","0.00","0.00","#Unknown!","1,737.00","111.11","0.82","308.08","#Unknown!"
"12/9/2016","6/16/2013","#Unknown!","1907.21","222.22","#Unknown!","0:00:00","0:00:00","0.00","0.00","#Unknown!","16,593.00","222.22","1.67","309.09","#Unknown!"
"12/10/2016","3/24/2013","#Unknown!","2126.35","555.55","#Unknown!","0:00:00","0:00:00","0.00","0.00","#Unknown!","11,584.00","555.55","0.83","310.10","#Unknown!"
"12/11/2016","11/26/2013","#Unknown!","2347.50","333.33","#Unknown!","0:00:00","0:00:00","0.00","0.00","#Unknown!","43,593.00","333.33","3.30","311.10","#Unknown!"
"12/1/2016","5/5/2013","#Unknown!","226.13","444.44","#Unknown!","0:00:00","0:00:00","0.00","0.00","#Unknown!","16,188.00","444.44","1.25","301.01","#Unknown!"
"12/2/2016","10/2/2013","#Unknown!","429.25","111.11","#Unknown!","0:00:00","0:00:00","0.00","0.00","#Unknown!","4,356.00","111.11","2.75","302.02","#Unknown!"
"12/3/2016","4/21/2013","#Unknown!","634.38","222.22","#Unknown!","0:00:00","0:00:00","0.00","0.00","#Unknown!","7,427.00","222.22","1.11","303.03","#Unknown!"
"12/4/2016","11/13/2013","#Unknown!","841.52","555.55","#Unknown!","0:00:00","0:00:00","0.00","0.00","#Unknown!","45,193.00","555.55","3.17","304.04","#Unknown!"
"12/5/2016","1/4/2013","#Unknown!","1050.65","333.33","#Unknown!","0:00:00","0:00:00","0.00","0.00","#Unknown!","5,398.00","333.33","0.04","305.05","#Unknown!"
"12/6/2016","2/19/2013","#Unknown!","1261.79","444.44","#Unknown!","0:00:00","0:00:00","0.00","0.00","#Unknown!","1,779.00","444.44","0.50","306.06","#Unknown!"
"12/7/2016","6/17/2013","#Unknown!","1474.92","111.11","#Unknown!","0:00:00","0:00:00","0.00","0.00","#Unknown!","13,320.00","111.11","1.68","307.07","#Unknown!"
"12/8/2016","1/5/2013","#Unknown!","1690.07","222.22","#Unknown!","0:00:00","0:00:00","0.00","0.00","#Unknown!","14,649.00","222.22","0.05","308.08","#Unknown!"
"12/9/2016","8/24/2013","#Unknown!","1907.21","555.55","#Unknown!","0:00:00","0:00:00","0.00","0.00","#Unknown!","16,332.00","555.55","2.36","309.09","#Unknown!"
"12/10/2016","10/29/2013","#Unknown!","2126.35","333.33","#Unknown!","0:00:00","0:00:00","0.00","0.00","#Unknown!","24,729.00","333.33","3.02","310.10","#Unknown!"
"12/11/2016","12/15/2013","#Unknown!","2347.50","444.44","#Unknown!","0:00:00","0:00:00","0.00","0.00","#Unknown!","6,411.00","444.44","3.49","311.10","#Unknown!"
"12/1/2016","5/6/2013","#Unknown!","226.13","111.11","#Unknown!","0:00:00","0:00:00","0.00","0.00","#Unknown!","2,866.00","111.11","1.26","301.01","#Unknown!"
"12/2/2016","3/26/2013","#Unknown!","429.25","222.22","#Unknown!","0:00:00","0:00:00","0.00","0.00","#Unknown!","2,129.00","222.22","0.85","302.02","#Unknown!"
"12/3/2016","8/3/2013","#Unknown!","634.38","555.55","#Unknown!","0:00:00","0:00:00","0.00","0.00","#Unknown!","39,502.00","555.55","2.15","303.03","#Unknown!"
"12/4/2016","7/9/2013","#Unknown!","841.52","333.33","#Unknown!","0:00:00","0:00:00","0.00","0.00","#Unknown!","40,243.00","333.33","1.90","304.04","#Unknown!"
"12/5/2016","5/7/2013","#Unknown!","1050.65","444.44","#Unknown!","0:00:00","0:00:00","0.00","0.00","#Unknown!","9,026.00","444.44","1.27","305.05","#Unknown!"
"12/6/2016","1/6/2013","#Unknown!","1261.79","111.11","#Unknown!","0:00:00","0:00:00","0.00","0.00","#Unknown!","1,233.00","111.11","0.06","306.06","#Unknown!"
"12/7/2016","6/18/2013","#Unknown!","1474.92","222.22","#Unknown!","0:00:00","0:00:00","0.00","0.00","#Unknown!","4,897.00","222.22","1.69","307.07","#Unknown!"
"12/8/2016","9/16/2013","#Unknown!","1690.07","555.55","#Unknown!","0:00:00","0:00:00","0.00","0.00","#Unknown!","617,594.00","555.55","2.59","308.08","#Unknown!"
"12/9/2016","11/2/2013","#Unknown!","1907.21","333.33","#Unknown!","0:00:00","0:00:00","0.00","0.00","#Unknown!","19,754.00","333.33","3.06","309.09","#Unknown!"
"12/10/2016","6/14/2013","#Unknown!","2126.35","444.44","#Unknown!","0:00:00","0:00:00","0.00","0.00","#Unknown!","4,996.00","444.44","1.65","310.10","#Unknown!"
"12/11/2016","8/4/2013","#Unknown!","2347.50","111.11","#Unknown!","0:00:00","0:00:00","0.00","0.00","#Unknown!","7,965.00","111.11","2.16","311.10","#Unknown!"
"12/1/2016","5/8/2013","#Unknown!","226.13","222.22","#Unknown!","0:00:00","0:00:00","0.00","0.00","#Unknown!","4,355.00","222.22","1.28","301.01","#Unknown!"
"12/2/2016","9/28/2013","#Unknown!","429.25","555.55","#Unknown!","0:00:00","0:00:00","0.00","0.00","#Unknown!","35,744.00","555.55","2.71","302.02","#Unknown!"
"12/3/2016","11/14/2013","#Unknown!","634.38","333.33","#Unknown!","0:00:00","0:00:00","0.00","0.00","#Unknown!","9,820.00","333.33","3.18","303.03","#Unknown!"
"12/4/2016","10/3/2013","#Unknown!","841.52","444.44","#Unknown!","0:00:00","0:00:00","0.00","0.00","#Unknown!","26,563.00","444.44","2.76","304.04","#Unknown!"
"12/5/2016","1/7/2013","#Unknown!","1050.65","111.11","#Unknown!","0:00:00","0:00:00","0.00","0.00","#Unknown!","3,609.00","111.11","0.07","305.05","#Unknown!"
"12/6/2016","10/1/2013","#Unknown!","1261.79","222.22","#Unknown!","0:00:00","0:00:00","0.00","0.00","#Unknown!","93,810.00","222.22","2.74","306.06","#Unknown!"
"12/7/2016","5/9/2013","#Unknown!","1474.92","555.55","#Unknown!","0:00:00","0:00:00","0.00","0.00","#Unknown!","3,390.00","555.55","1.29","307.07","#Unknown!"
"12/8/2016","10/24/2013","#Unknown!","1690.07","333.33","#Unknown!","0:00:00","0:00:00","0.00","0.00","#Unknown!","58,732.00","333.33","2.97","308.08","#Unknown!"
"12/9/2016","3/28/2013","#Unknown!","1907.21","444.44","#Unknown!","0:00:00","0:00:00","0.00","0.00","#Unknown!","1,902.00","444.44","0.87","309.09","#Unknown!"
"12/10/2016","7/7/2013","#Unknown!","2126.35","111.11","#Unknown!","0:00:00","0:00:00","0.00","0.00","#Unknown!","24,498.00","111.11","1.88","310.10","#Unknown!"
"12/11/2016","9/17/2013","#Unknown!","2347.50","222.22","#Unknown!","0:00:00","0:00:00","0.00","0.00","#Unknown!","105,162.00","222.22","2.60","311.10","#Unknown!"
"12/1/2016","8/25/2013","#Unknown!","226.13","555.55","#Unknown!","0:00:00","0:00:00","0.00","0.00","#Unknown!","21,561.00","555.55","2.37","301.01","#Unknown!"
"12/2/2016","6/19/2013","#Unknown!","429.25","333.33","#Unknown!","0:00:00","0:00:00","0.00","0.00","#Unknown!","4,852.00","333.33","1.70","302.02","#Unknown!"
"12/3/2016","10/4/2013","#Unknown!","634.38","444.44","#Unknown!","0:00:00","0:00:00","0.00","0.00","#Unknown!","11,509.00","444.44","2.77","303.03","#Unknown!"
"12/4/2016","3/29/2013","#Unknown!","841.52","111.11","#Unknown!","0:00:00","0:00:00","0.00","0.00","#Unknown!","1,266.00","111.11","0.88","304.04","#Unknown!"
"12/5/2016","5/10/2013","#Unknown!","1050.65","222.22","#Unknown!","0:00:00","0:00:00","0.00","0.00","#Unknown!","12,981.00","222.22","1.30","305.05","#Unknown!"
"12/6/2016","11/15/2013","#Unknown!","1261.79","555.55","#Unknown!","0:00:00","0:00:00","0.00","0.00","#Unknown!","6,125.00","555.55","3.19","306.06","#Unknown!"
"12/7/2016","7/10/2013","#Unknown!","1474.92","333.33","#Unknown!","0:00:00","0:00:00","0.00","0.00","#Unknown!","33,802.00","333.33","1.91","307.07","#Unknown!"
"12/8/2016","9/21/2013","#Unknown!","1690.07","444.44","#Unknown!","0:00:00","0:00:00","0.00","0.00","#Unknown!","35,177.00","444.44","2.64","308.08","#Unknown!"
"12/9/2016","2/21/2013","#Unknown!","1907.21","111.11","#Unknown!","0:00:00","0:00:00","0.00","0.00","#Unknown!","3,235.00","111.11","0.52","309.09","#Unknown!"
"12/10/2016","1/8/2013","#Unknown!","2126.35","222.22","#Unknown!","0:00:00","0:00:00","0.00","0.00","#Unknown!","1,337.00","222.22","0.08","310.10","#Unknown!"
"12/11/2016","1/9/2013","#Unknown!","2347.50","555.55","#Unknown!","0:00:00","0:00:00","0.00","0.00","#Unknown!","1,222.00","555.55","0.09","311.10","#Unknown!"
"12/1/2016","1/10/2013","#Unknown!","226.13","333.33","#Unknown!","0:00:00","0:00:00","0.00","0.00","#Unknown!","55,298.00","333.33","0.10","301.01","#Unknown!"
"12/2/2016","11/3/2013","#Unknown!","429.25","444.44","#Unknown!","0:00:00","0:00:00","0.00","0.00","#Unknown!","866.00","444.44","3.07","302.02","#Unknown!"
"12/3/2016","3/8/2013","#Unknown!","634.38","111.11","#Unknown!","0:00:00","0:00:00","0.00","0.00","#Unknown!","1,702.00","111.11","0.67","303.03","#Unknown!"
"12/4/2016","5/11/2013","#Unknown!","841.52","222.22","#Unknown!","0:00:00","0:00:00","0.00","0.00","#Unknown!","13,606.00","222.22","1.31","304.04","#Unknown!"
"12/5/2016","8/26/2013","#Unknown!","1050.65","555.55","#Unknown!","0:00:00","0:00:00","0.00","0.00","#Unknown!","7,542.00","555.55","2.38","305.05","#Unknown!"
"12/6/2016","3/31/2013","#Unknown!","1261.79","333.33","#Unknown!","0:00:00","0:00:00","0.00","0.00","#Unknown!","1,671.00","333.33","0.90","306.06","#Unknown!"
"12/7/2016","6/20/2013","#Unknown!","1474.92","444.44","#Unknown!","0:00:00","0:00:00","0.00","0.00","#Unknown!","17,668.00","444.44","1.71","307.07","#Unknown!"
"12/8/2016","4/1/2013","#Unknown!","1690.07","111.11","#Unknown!","0:00:00","0:00:00","0.00","0.00","#Unknown!","1,897.00","111.11","0.91","308.08","#Unknown!"
"12/9/2016","1/11/2013","#Unknown!","1907.21","222.22","#Unknown!","0:00:00","0:00:00","0.00","0.00","#Unknown!","872.00","222.22","0.11","309.09","#Unknown!"
"12/10/2016","2/22/2013","#Unknown!","2126.35","555.55","#Unknown!","0:00:00","0:00:00","0.00","0.00","#Unknown!","6,756.00","555.55","0.53","310.10","#Unknown!"
"12/11/2016","8/5/2013","#Unknown!","2347.50","333.33","#Unknown!","0:00:00","0:00:00","0.00","0.00","#Unknown!","26,493.00","333.33","2.17","311.10","#Unknown!"
"12/1/2016","11/28/2013","#Unknown!","226.13","444.44","#Unknown!","0:00:00","0:00:00","0.00","0.00","#Unknown!","34,032.00","444.44","3.32","301.01","#Unknown!"
"12/2/2016","8/27/2013","#Unknown!","429.25","111.11","#Unknown!","0:00:00","0:00:00","0.00","0.00","#Unknown!","24,729.00","111.11","2.39","302.02","#Unknown!"
"12/3/2016","4/2/2013","#Unknown!","634.38","222.22","#Unknown!","0:00:00","0:00:00","0.00","0.00","#Unknown!","5,125.00","222.22","0.92","303.03","#Unknown!"
"12/4/2016","11/16/2013","#Unknown!","841.52","555.55","#Unknown!","0:00:00","0:00:00","0.00","0.00","#Unknown!","14,207.00","555.55","3.20","304.04","#Unknown!"
"12/5/2016","11/29/2013","#Unknown!","1050.65","333.33","#Unknown!","0:00:00","0:00:00","0.00","0.00","#Unknown!","7,086.00","333.33","3.33","305.05","#Unknown!"
"12/6/2016","5/13/2013","#Unknown!","1261.79","444.44","#Unknown!","0:00:00","0:00:00","0.00","0.00","#Unknown!","8,471.00","444.44","1.33","306.06","#Unknown!"
"12/7/2016","8/28/2013","#Unknown!","1474.92","111.11","#Unknown!","0:00:00","0:00:00","0.00","0.00","#Unknown!","5,589.00","111.11","2.40","307.07","#Unknown!"
"12/8/2016","7/11/2013","#Unknown!","1690.07","222.22","#Unknown!","0:00:00","0:00:00","0.00","0.00","#Unknown!","29,457.00","222.22","1.92","308.08","#Unknown!"
"12/9/2016","6/5/2013","#Unknown!","1907.21","555.55","#Unknown!","0:00:00","0:00:00","0.00","0.00","#Unknown!","11,390.00","555.55","1.56","309.09","#Unknown!"
"12/10/2016","7/12/2013","#Unknown!","2126.35","333.33","#Unknown!","0:00:00","0:00:00","0.00","0.00","#Unknown!","3,179.00","333.33","1.93","310.10","#Unknown!"
"12/11/2016","10/5/2013","#Unknown!","2347.50","444.44","#Unknown!","0:00:00","0:00:00","0.00","0.00","#Unknown!","15,059.00","444.44","2.78","311.10","#Unknown!"
"12/1/2016","10/6/2013","#Unknown!","226.13","111.11","#Unknown!","0:00:00","0:00:00","0.00","0.00","#Unknown!","13,794.00","111.11","2.79","301.01","#Unknown!"
"12/2/2016","5/12/2013","#Unknown!","429.25","222.22","#Unknown!","0:00:00","0:00:00","0.00","0.00","#Unknown!","2,183.00","222.22","1.32","302.02","#Unknown!"
"12/3/2016","1/14/2013","#Unknown!","634.38","555.55","#Unknown!","0:00:00","0:00:00","0.00","0.00","#Unknown!","15,720.00","555.55","0.14","303.03","#Unknown!"
"12/4/2016","11/17/2013","#Unknown!","841.52","333.33","#Unknown!","0:00:00","0:00:00","0.00","0.00","#Unknown!","4,956.00","333.33","3.21","304.04","#Unknown!"
"12/5/2016","1/12/2013","#Unknown!","1050.65","444.44","#Unknown!","0:00:00","0:00:00","0.00","0.00","#Unknown!","16,053.00","444.44","0.12","305.05","#Unknown!"
"12/6/2016","10/7/2013","#Unknown!","1261.79","111.11","#Unknown!","0:00:00","0:00:00","0.00","0.00","#Unknown!","23,112.00","111.11","2.80","306.06","#Unknown!"
"12/7/2016","11/5/2013","#Unknown!","1474.92","222.22","#Unknown!","0:00:00","0:00:00","0.00","0.00","#Unknown!","4,067.00","222.22","3.09","307.07","#Unknown!"
"12/8/2016","3/16/2013","#Unknown!","1690.07","555.55","#Unknown!","0:00:00","0:00:00","0.00","0.00","#Unknown!","1,225.00","555.55","0.75","308.08","#Unknown!"
"12/9/2016","4/3/2013","#Unknown!","1907.21","333.33","#Unknown!","0:00:00","0:00:00","0.00","0.00","#Unknown!","1,800.00","333.33","0.93","309.09","#Unknown!"
"12/10/2016","8/6/2013","#Unknown!","2126.35","444.44","#Unknown!","0:00:00","0:00:00","0.00","0.00","#Unknown!","3,504.00","444.44","2.18","310.10","#Unknown!"
"12/11/2016","9/20/2013","#Unknown!","2347.50","111.11","#Unknown!","0:00:00","0:00:00","0.00","0.00","#Unknown!","41,667.00","111.11","2.63","311.10","#Unknown!"
"12/1/2016","11/30/2013","#Unknown!","226.13","222.22","#Unknown!","0:00:00","0:00:00","0.00","0.00","#Unknown!","15,873.00","222.22","3.34","301.01","#Unknown!"
"12/2/2016","12/1/2013","#Unknown!","429.25","555.55","#Unknown!","0:00:00","0:00:00","0.00","0.00","#Unknown!","88,857.00","555.55","3.35","302.02","#Unknown!"
"12/3/2016","11/6/2013","#Unknown!","634.38","333.33","#Unknown!","0:00:00","0:00:00","0.00","0.00","#Unknown!","31,531.00","333.33","3.10","303.03","#Unknown!"
"12/4/2016","4/18/2013","#Unknown!","841.52","444.44","#Unknown!","0:00:00","0:00:00","0.00","0.00","#Unknown!","40,318.00","444.44","1.08","304.04","#Unknown!"
"12/5/2016","3/9/2013","#Unknown!","1050.65","111.11","#Unknown!","0:00:00","0:00:00","0.00","0.00","#Unknown!","752.00","111.11","0.68","305.05","#Unknown!"
"12/6/2016","8/29/2013","#Unknown!","1261.79","222.22","#Unknown!","0:00:00","0:00:00","0.00","0.00","#Unknown!","16,865.00","222.22","2.41","306.06","#Unknown!"
"12/7/2016","6/13/2013","#Unknown!","1474.92","555.55","#Unknown!","0:00:00","0:00:00","0.00","0.00","#Unknown!","68,318.00","555.55","1.64","307.07","#Unknown!"
"12/8/2016","8/30/2013","#Unknown!","1690.07","333.33","#Unknown!","0:00:00","0:00:00","0.00","0.00","#Unknown!","31,635.00","333.33","2.42","308.08","#Unknown!"
"12/9/2016","11/25/2013","#Unknown!","1907.21","444.44","#Unknown!","0:00:00","0:00:00","0.00","0.00","#Unknown!","8,870.00","444.44","3.29","309.09","#Unknown!"
"12/10/2016","4/22/2013","#Unknown!","2126.35","111.11","#Unknown!","0:00:00","0:00:00","0.00","0.00","#Unknown!","20,228.00","111.11","1.12","310.10","#Unknown!"
"12/11/2016","7/14/2013","#Unknown!","2347.50","222.22","#Unknown!","0:00:00","0:00:00","0.00","0.00","#Unknown!","8,183.00","222.22","1.95","311.10","#Unknown!"
"12/1/2016","4/7/2013","#Unknown!","226.13","555.55","#Unknown!","0:00:00","0:00:00","0.00","0.00","#Unknown!","1,500.00","555.55","0.97","301.01","#Unknown!"
"12/2/2016","8/7/2013","#Unknown!","429.25","333.33","#Unknown!","0:00:00","0:00:00","0.00","0.00","#Unknown!","28,789.00","333.33","2.19","302.02","#Unknown!"
"12/3/2016","1/15/2013","#Unknown!","634.38","444.44","#Unknown!","0:00:00","0:00:00","0.00","0.00","#Unknown!","1,054.00","444.44","0.15","303.03","#Unknown!"
"12/4/2016","11/27/2013","#Unknown!","841.52","111.11","#Unknown!","0:00:00","0:00:00","0.00","0.00","#Unknown!","75.00","111.11","3.31","304.04","#Unknown!"
"12/5/2016","5/14/2013","#Unknown!","1050.65","222.22","#Unknown!","0:00:00","0:00:00","0.00","0.00","#Unknown!","17,765.00","222.22","1.34","305.05","#Unknown!"
"12/6/2016","1/16/2013","#Unknown!","1261.79","555.55","#Unknown!","0:00:00","0:00:00","0.00","0.00","#Unknown!","6,240.00","555.55","0.16","306.06","#Unknown!"
"12/7/2016","1/17/2013","#Unknown!","1474.92","333.33","#Unknown!","0:00:00","0:00:00","0.00","0.00","#Unknown!","1,566.00","333.33","0.17","307.07","#Unknown!"
"12/8/2016","2/23/2013","#Unknown!","1690.07","444.44","#Unknown!","0:00:00","0:00:00","0.00","0.00","#Unknown!","7,104.00","444.44","0.54","308.08","#Unknown!"
"12/9/2016","3/22/2013","#Unknown!","1907.21","111.11","#Unknown!","0:00:00","0:00:00","0.00","0.00","#Unknown!","17,456.00","111.11","0.81","309.09","#Unknown!"
"12/10/2016","4/24/2013","#Unknown!","2126.35","222.22","#Unknown!","0:00:00","0:00:00","0.00","0.00","#Unknown!","10,646.00","222.22","1.14","310.10","#Unknown!"
"12/11/2016","7/15/2013","#Unknown!","2347.50","555.55","#Unknown!","0:00:00","0:00:00","0.00","0.00","#Unknown!","6,459.00","555.55","1.96","311.10","#Unknown!"
"12/1/2016","1/18/2013","#Unknown!","226.13","333.33","#Unknown!","0:00:00","0:00:00","0.00","0.00","#Unknown!","5,250.00","333.33","0.18","301.01","#Unknown!"
"12/2/2016","10/8/2013","#Unknown!","429.25","444.44","#Unknown!","0:00:00","0:00:00","0.00","0.00","#Unknown!","7,518.00","444.44","2.81","302.02","#Unknown!"
"12/3/2016","8/8/2013","#Unknown!","634.38","111.11","#Unknown!","0:00:00","0:00:00","0.00","0.00","#Unknown!","7,764.00","111.11","2.20","303.03","#Unknown!"
"12/4/2016","1/19/2013","#Unknown!","841.52","222.22","#Unknown!","0:00:00","0:00:00","0.00","0.00","#Unknown!","5,139.00","222.22","0.19","304.04","#Unknown!"
"12/5/2016","2/27/2013","#Unknown!","1050.65","555.55","#Unknown!","0:00:00","0:00:00","0.00","0.00","#Unknown!","717.00","555.55","0.58","305.05","#Unknown!"
"12/6/2016","10/9/2013","#Unknown!","1261.79","333.33","#Unknown!","0:00:00","0:00:00","0.00","0.00","#Unknown!","13,879.00","333.33","2.82","306.06","#Unknown!"
"12/7/2016","10/10/2013","#Unknown!","1474.92","444.44","#Unknown!","0:00:00","0:00:00","0.00","0.00","#Unknown!","10,209.00","444.44","2.83","307.07","#Unknown!"
"12/8/2016","1/20/2013","#Unknown!","1690.07","111.11","#Unknown!","0:00:00","0:00:00","0.00","0.00","#Unknown!","2,990.00","111.11","0.20","308.08","#Unknown!"
"12/9/2016","4/25/2013","#Unknown!","1907.21","222.22","#Unknown!","0:00:00","0:00:00","0.00","0.00","#Unknown!","6,520.00","222.22","1.15","309.09","#Unknown!"
"12/10/2016","11/18/2013","#Unknown!","2126.35","555.55","#Unknown!","0:00:00","0:00:00","0.00","0.00","#Unknown!","12,243.00","555.55","3.22","310.10","#Unknown!"
"12/11/2016","1/21/2013","#Unknown!","2347.50","333.33","#Unknown!","0:00:00","0:00:00","0.00","0.00","#Unknown!","3,279.00","333.33","0.21","311.10","#Unknown!"
"12/1/2016","7/13/2013","#Unknown!","226.13","444.44","#Unknown!","0:00:00","0:00:00","0.00","0.00","#Unknown!","60,879.00","444.44","1.94","301.01","#Unknown!"
"12/2/2016","3/30/2013","#Unknown!","429.25","111.11","#Unknown!","0:00:00","0:00:00","0.00","0.00","#Unknown!","337.00","111.11","0.89","302.02","#Unknown!"
"12/3/2016","4/4/2013","#Unknown!","634.38","222.22","#Unknown!","0:00:00","0:00:00","0.00","0.00","#Unknown!","706.00","222.22","0.94","303.03","#Unknown!"
"12/4/2016","8/31/2013","#Unknown!","841.52","555.55","#Unknown!","0:00:00","0:00:00","0.00","0.00","#Unknown!","22,157.00","555.55","2.43","304.04","#Unknown!"
"12/5/2016","2/25/2013","#Unknown!","1050.65","333.33","#Unknown!","0:00:00","0:00:00","0.00","0.00","#Unknown!","2,032.00","333.33","0.56","305.05","#Unknown!"
"12/6/2016","10/11/2013","#Unknown!","1261.79","444.44","#Unknown!","0:00:00","0:00:00","0.00","0.00","#Unknown!","10,791.00","444.44","2.84","306.06","#Unknown!"
"12/7/2016","5/15/2013","#Unknown!","1474.92","111.11","#Unknown!","0:00:00","0:00:00","0.00","0.00","#Unknown!","17,346.00","111.11","1.35","307.07","#Unknown!"
"12/8/2016","5/16/2013","#Unknown!","1690.07","222.22","#Unknown!","0:00:00","0:00:00","0.00","0.00","#Unknown!","2,481.00","222.22","1.36","308.08","#Unknown!"
"12/9/2016","6/21/2013","#Unknown!","1907.21","555.55","#Unknown!","0:00:00","0:00:00","0.00","0.00","#Unknown!","13,547.00","555.55","1.72","309.09","#Unknown!"
"12/10/2016","1/22/2013","#Unknown!","2126.35","333.33","#Unknown!","0:00:00","0:00:00","0.00","0.00","#Unknown!","39,880.00","333.33","0.22","310.10","#Unknown!"
"12/11/2016","6/22/2013","#Unknown!","2347.50","444.44","#Unknown!","0:00:00","0:00:00","0.00","0.00","#Unknown!","5,911.00","444.44","1.73","311.10","#Unknown!"
"12/1/2016","6/23/2013","#Unknown!","226.13","111.11","#Unknown!","0:00:00","0:00:00","0.00","0.00","#Unknown!","14,925.00","111.11","1.74","301.01","#Unknown!"
"12/2/2016","4/26/2013","#Unknown!","429.25","222.22","#Unknown!","0:00:00","0:00:00","0.00","0.00","#Unknown!","4,382.00","222.22","1.16","302.02","#Unknown!"
"12/3/2016","6/24/2013","#Unknown!","634.38","555.55","#Unknown!","0:00:00","0:00:00","0.00","0.00","#Unknown!","19,063.00","555.55","1.75","303.03","#Unknown!"
"12/4/2016","9/1/2013","#Unknown!","841.52","333.33","#Unknown!","0:00:00","0:00:00","0.00","0.00","#Unknown!","10,293.00","333.33","2.44","304.04","#Unknown!"
"12/5/2016","1/23/2013","#Unknown!","1050.65","444.44","#Unknown!","0:00:00","0:00:00","0.00","0.00","#Unknown!","2,180.00","444.44","0.23","305.05","#Unknown!"
"12/6/2016","8/9/2013","#Unknown!","1261.79","111.11","#Unknown!","0:00:00","0:00:00","0.00","0.00","#Unknown!","13,175.00","111.11","2.21","306.06","#Unknown!"
"12/7/2016","10/17/2013","#Unknown!","1474.92","222.22","#Unknown!","0:00:00","0:00:00","0.00","0.00","#Unknown!","12,629.00","222.22","2.90","307.07","#Unknown!"
"12/8/2016","10/13/2013","#Unknown!","1690.07","555.55","#Unknown!","0:00:00","0:00:00","0.00","0.00","#Unknown!","10,602.00","555.55","2.86","308.08","#Unknown!"
"12/9/2016","5/17/2013","#Unknown!","1907.21","333.33","#Unknown!","0:00:00","0:00:00","0.00","0.00","#Unknown!","8,055.00","333.33","1.37","309.09","#Unknown!"
"12/10/2016","2/28/2013","#Unknown!","2126.35","444.44","#Unknown!","0:00:00","0:00:00","0.00","0.00","#Unknown!","3,091.00","444.44","0.59","310.10","#Unknown!"
"12/11/2016","7/16/2013","#Unknown!","2347.50","111.11","#Unknown!","0:00:00","0:00:00","0.00","0.00","#Unknown!","76,377.00","111.11","1.97","311.10","#Unknown!"
"12/1/2016","3/2/2013","#Unknown!","226.13","222.22","#Unknown!","0:00:00","0:00:00","0.00","0.00","#Unknown!","5,943.00","222.22","0.61","301.01","#Unknown!"
"12/2/2016","5/18/2013","#Unknown!","429.25","555.55","#Unknown!","0:00:00","0:00:00","0.00","0.00","#Unknown!","10,970.00","555.55","1.38","302.02","#Unknown!"
"12/3/2016","3/3/2013","#Unknown!","634.38","333.33","#Unknown!","0:00:00","0:00:00","0.00","0.00","#Unknown!","5,025.00","333.33","0.62","303.03","#Unknown!"
"12/4/2016","4/27/2013","#Unknown!","841.52","444.44","#Unknown!","0:00:00","0:00:00","0.00","0.00","#Unknown!","40,759.00","444.44","1.17","304.04","#Unknown!"
"12/5/2016","1/24/2013","#Unknown!","1050.65","111.11","#Unknown!","0:00:00","0:00:00","0.00","0.00","#Unknown!","1,851.00","111.11","0.24","305.05","#Unknown!"
"12/6/2016","10/23/2013","#Unknown!","1261.79","222.22","#Unknown!","0:00:00","0:00:00","0.00","0.00","#Unknown!","31,394.00","222.22","2.96","306.06","#Unknown!"
"12/7/2016","3/27/2013","#Unknown!","1474.92","555.55","#Unknown!","0:00:00","0:00:00","0.00","0.00","#Unknown!","711.00","555.55","0.86","307.07","#Unknown!"
"12/8/2016","7/2/2013","#Unknown!","1690.07","333.33","#Unknown!","0:00:00","0:00:00","0.00","0.00","#Unknown!","6,362.00","333.33","1.83","308.08","#Unknown!"
"12/9/2016","4/28/2013","#Unknown!","1907.21","444.44","#Unknown!","0:00:00","0:00:00","0.00","0.00","#Unknown!","8,924.00","444.44","1.18","309.09","#Unknown!"
"12/10/2016","2/16/2013","#Unknown!","2126.35","111.11","#Unknown!","0:00:00","0:00:00","0.00","0.00","#Unknown!","15,784.00","111.11","0.47","310.10","#Unknown!"
"12/11/2016","7/19/2013","#Unknown!","2347.50","222.22","#Unknown!","0:00:00","0:00:00","0.00","0.00","#Unknown!","106,519.00","222.22","2.00","311.10","#Unknown!"
"12/1/2016","1/25/2013","#Unknown!","226.13","555.55","#Unknown!","0:00:00","0:00:00","0.00","0.00","#Unknown!","21,103.00","555.55","0.25","301.01","#Unknown!"
"12/2/2016","4/29/2013","#Unknown!","429.25","333.33","#Unknown!","0:00:00","0:00:00","0.00","0.00","#Unknown!","10,086.00","333.33","1.19","302.02","#Unknown!"
"12/3/2016","7/29/2013","#Unknown!","634.38","444.44","#Unknown!","0:00:00","0:00:00","0.00","0.00","#Unknown!","90,329.00","444.44","2.10","303.03","#Unknown!"
"12/4/2016","8/10/2013","#Unknown!","841.52","111.11","#Unknown!","0:00:00","0:00:00","0.00","0.00","#Unknown!","11,596.00","111.11","2.22","304.04","#Unknown!"
"12/5/2016","9/19/2013","#Unknown!","1050.65","222.22","#Unknown!","0:00:00","0:00:00","0.00","0.00","#Unknown!","59,450.00","222.22","2.62","305.05","#Unknown!"
"12/6/2016","8/11/2013","#Unknown!","1261.79","555.55","#Unknown!","0:00:00","0:00:00","0.00","0.00","#Unknown!","5,136.00","555.55","2.23","306.06","#Unknown!"
"12/7/2016","9/2/2013","#Unknown!","1474.92","333.33","#Unknown!","0:00:00","0:00:00","0.00","0.00","#Unknown!","23,184.00","333.33","2.45","307.07","#Unknown!"
"12/8/2016","8/12/2013","#Unknown!","1690.07","444.44","#Unknown!","0:00:00","0:00:00","0.00","0.00","#Unknown!","19,808.00","444.44","2.24","308.08","#Unknown!"
"12/9/2016","12/3/2013","#Unknown!","1907.21","111.11","#Unknown!","0:00:00","0:00:00","0.00","0.00","#Unknown!","4,907.00","111.11","3.37","309.09","#Unknown!"
"12/10/2016","6/25/2013","#Unknown!","2126.35","222.22","#Unknown!","0:00:00","0:00:00","0.00","0.00","#Unknown!","38,499.00","222.22","1.76","310.10","#Unknown!"
"12/11/2016","9/3/2013","#Unknown!","2347.50","555.55","#Unknown!","0:00:00","0:00:00","0.00","0.00","#Unknown!","25,132.00","555.55","2.46","311.10","#Unknown!"
"12/1/2016","11/19/2013","#Unknown!","226.13","333.33","#Unknown!","0:00:00","0:00:00","0.00","0.00","#Unknown!","14,006.00","333.33","3.23","301.01","#Unknown!"
"12/2/2016","12/4/2013","#Unknown!","429.25","444.44","#Unknown!","0:00:00","0:00:00","0.00","0.00","#Unknown!","6,045.00","444.44","3.38","302.02","#Unknown!"
"12/3/2016","6/26/2013","#Unknown!","634.38","111.11","#Unknown!","0:00:00","0:00:00","0.00","0.00","#Unknown!","10,106.00","111.11","1.77","303.03","#Unknown!"
"12/4/2016","9/4/2013","#Unknown!","841.52","222.22","#Unknown!","0:00:00","0:00:00","0.00","0.00","#Unknown!","12,024.00","222.22","2.47","304.04","#Unknown!"
"12/5/2016","9/24/2013","#Unknown!","1050.65","555.55","#Unknown!","0:00:00","0:00:00","0.00","0.00","#Unknown!","56,173.00","555.55","2.67","305.05","#Unknown!"
"12/6/2016","9/5/2013","#Unknown!","1261.79","333.33","#Unknown!","0:00:00","0:00:00","0.00","0.00","#Unknown!","12,752.00","333.33","2.48","306.06","#Unknown!"
"12/7/2016","9/26/2013","#Unknown!","1474.92","444.44","#Unknown!","0:00:00","0:00:00","0.00","0.00","#Unknown!","26,983.00","444.44","2.69","307.07","#Unknown!"
"12/8/2016","6/27/2013","#Unknown!","1690.07","111.11","#Unknown!","0:00:00","0:00:00","0.00","0.00","#Unknown!","5,839.00","111.11","1.78","308.08","#Unknown!"
"12/9/2016","7/20/2013","#Unknown!","1907.21","222.22","#Unknown!","0:00:00","0:00:00","0.00","0.00","#Unknown!","6,338.00","222.22","2.01","309.09","#Unknown!"
"12/10/2016","7/17/2013","#Unknown!","2126.35","555.55","#Unknown!","0:00:00","0:00:00","0.00","0.00","#Unknown!","47,255.00","555.55","1.98","310.10","#Unknown!"
"12/11/2016","10/12/2013","#Unknown!","2347.50","333.33","#Unknown!","0:00:00","0:00:00","0.00","0.00","#Unknown!","23,116.00","333.33","2.85","311.10","#Unknown!"
"12/1/2016","3/4/2013","#Unknown!","226.13","444.44","#Unknown!","0:00:00","0:00:00","0.00","0.00","#Unknown!","521.00","444.44","0.63","301.01","#Unknown!"
"12/2/2016","8/13/2013","#Unknown!","429.25","111.11","#Unknown!","0:00:00","0:00:00","0.00","0.00","#Unknown!","8,987.00","111.11","2.25","302.02","#Unknown!"
"12/3/2016","6/28/2013","#Unknown!","634.38","222.22","#Unknown!","0:00:00","0:00:00","0.00","0.00","#Unknown!","27,999.00","222.22","1.79","303.03","#Unknown!"
"12/4/2016","5/19/2013","#Unknown!","841.52","555.55","#Unknown!","0:00:00","0:00:00","0.00","0.00","#Unknown!","13,261.00","555.55","1.39","304.04","#Unknown!"
"12/5/2016","9/6/2013","#Unknown!","1050.65","333.33","#Unknown!","0:00:00","0:00:00","0.00","0.00","#Unknown!","7,891.00","333.33","2.49","305.05","#Unknown!"
"12/6/2016","5/20/2013","#Unknown!","1261.79","444.44","#Unknown!","0:00:00","0:00:00","0.00","0.00","#Unknown!","3,190.00","444.44","1.40","306.06","#Unknown!"
"12/7/2016","9/29/2013","#Unknown!","1474.92","111.11","#Unknown!","0:00:00","0:00:00","0.00","0.00","#Unknown!","27,003.00","111.11","2.72","307.07","#Unknown!"
"12/8/2016","4/5/2013","#Unknown!","1690.07","222.22","#Unknown!","0:00:00","0:00:00","0.00","0.00","#Unknown!","121.00","222.22","0.95","308.08","#Unknown!"
"12/9/2016","1/26/2013","#Unknown!","1907.21","555.55","#Unknown!","0:00:00","0:00:00","0.00","0.00","#Unknown!","8,560.00","555.55","0.26","309.09","#Unknown!"
"12/10/2016","4/6/2013","#Unknown!","2126.35","333.33","#Unknown!","0:00:00","0:00:00","0.00","0.00","#Unknown!","8,437.00","333.33","0.96","310.10","#Unknown!"
"12/11/2016","3/6/2013","#Unknown!","2347.50","444.44","#Unknown!","0:00:00","0:00:00","0.00","0.00","#Unknown!","961.00","444.44","0.65","311.10","#Unknown!"
"12/1/2016","2/9/2013","#Unknown!","226.13","111.11","#Unknown!","0:00:00","0:00:00","0.00","0.00","#Unknown!","838.00","111.11","0.40","301.01","#Unknown!"
"12/2/2016","3/15/2013","#Unknown!","429.25","222.22","#Unknown!","0:00:00","0:00:00","0.00","0.00","#Unknown!","167.00","222.22","0.74","302.02","#Unknown!"
"12/3/2016","8/1/2013","#Unknown!","634.38","555.55","#Unknown!","0:00:00","0:00:00","0.00","0.00","#Unknown!","3,410.00","555.55","2.13","303.03","#Unknown!"
"12/4/2016","11/7/2013","#Unknown!","841.52","333.33","#Unknown!","0:00:00","0:00:00","0.00","0.00","#Unknown!","10,172.00","333.33","3.11","304.04","#Unknown!"
"12/5/2016","6/29/2013","#Unknown!","1050.65","444.44","#Unknown!","0:00:00","0:00:00","0.00","0.00","#Unknown!","33,006.00","444.44","1.80","305.05","#Unknown!"
"12/6/2016","10/31/2013","#Unknown!","1261.79","111.11","#Unknown!","0:00:00","0:00:00","0.00","0.00","#Unknown!","28,886.00","111.11","3.04","306.06","#Unknown!"
"12/7/2016","3/1/2013","#Unknown!","1474.92","222.22","#Unknown!","0:00:00","0:00:00","0.00","0.00","#Unknown!","228.00","222.22","0.60","307.07","#Unknown!"
"12/8/2016","12/5/2013","#Unknown!","1690.07","555.55","#Unknown!","0:00:00","0:00:00","0.00","0.00","#Unknown!","95,072.00","555.55","3.39","308.08","#Unknown!"
"12/9/2016","5/21/2013","#Unknown!","1907.21","333.33","#Unknown!","0:00:00","0:00:00","0.00","0.00","#Unknown!","999.00","333.33","1.41","309.09","#Unknown!"
"12/10/2016","3/5/2013","#Unknown!","2126.35","444.44","#Unknown!","0:00:00","0:00:00","0.00","0.00","#Unknown!","1,509.00","444.44","0.64","310.10","#Unknown!"
"12/11/2016","4/8/2013","#Unknown!","2347.50","111.11","#Unknown!","0:00:00","0:00:00","0.00","0.00","#Unknown!","990.00","111.11","0.98","311.10","#Unknown!"
"12/1/2016","8/15/2013","#Unknown!","226.13","222.22","#Unknown!","0:00:00","0:00:00","0.00","0.00","#Unknown!","6,666.00","222.22","2.27","301.01","#Unknown!"
"12/2/2016","8/14/2013","#Unknown!","429.25","555.55","#Unknown!","0:00:00","0:00:00","0.00","0.00","#Unknown!","17,416.00","555.55","2.26","302.02","#Unknown!"
"12/3/2016","10/26/2013","#Unknown!","634.38","333.33","#Unknown!","0:00:00","0:00:00","0.00","0.00","#Unknown!","85,146.00","333.33","2.99","303.03","#Unknown!"
"12/4/2016","9/7/2013","#Unknown!","841.52","444.44","#Unknown!","0:00:00","0:00:00","0.00","0.00","#Unknown!","11,227.00","444.44","2.50","304.04","#Unknown!"
"12/5/2016","3/7/2013","#Unknown!","1050.65","111.11","#Unknown!","0:00:00","0:00:00","0.00","0.00","#Unknown!","13,708.00","111.11","0.66","305.05","#Unknown!"
"12/6/2016","7/18/2013","#Unknown!","1261.79","222.22","#Unknown!","0:00:00","0:00:00","0.00","0.00","#Unknown!","28,352.00","222.22","1.99","306.06","#Unknown!"
"12/7/2016","12/7/2013","#Unknown!","1474.92","555.55","#Unknown!","0:00:00","0:00:00","0.00","0.00","#Unknown!","28,712.00","555.55","3.41","307.07","#Unknown!"
"12/8/2016","5/24/2013","#Unknown!","1690.07","333.33","#Unknown!","0:00:00","0:00:00","0.00","0.00","#Unknown!","4,680.00","333.33","1.44","308.08","#Unknown!"
"12/9/2016","7/21/2013","#Unknown!","1907.21","444.44","#Unknown!","0:00:00","0:00:00","0.00","0.00","#Unknown!","14,892.00","444.44","2.02","309.09","#Unknown!"
"12/10/2016","1/27/2013","#Unknown!","2126.35","111.11","#Unknown!","0:00:00","0:00:00","0.00","0.00","#Unknown!","28,549.00","111.11","0.27","310.10","#Unknown!"
"12/11/2016","5/22/2013","#Unknown!","2347.50","222.22","#Unknown!","0:00:00","0:00:00","0.00","0.00","#Unknown!","14,155.00","222.22","1.42","311.10","#Unknown!"
"12/1/2016","5/23/2013","#Unknown!","226.13","555.55","#Unknown!","0:00:00","0:00:00","0.00","0.00","#Unknown!","15,707.00","555.55","1.43","301.01","#Unknown!"
"12/2/2016","4/9/2013","#Unknown!","429.25","333.33","#Unknown!","0:00:00","0:00:00","0.00","0.00","#Unknown!","3,032.00","333.33","0.99","302.02","#Unknown!"
"12/3/2016","12/9/2013","#Unknown!","634.38","444.44","#Unknown!","0:00:00","0:00:00","0.00","0.00","#Unknown!","19,031.00","444.44","3.43","303.03","#Unknown!"
"12/4/2016","9/8/2013","#Unknown!","841.52","111.11","#Unknown!","0:00:00","0:00:00","0.00","0.00","#Unknown!","10,506.00","111.11","2.51","304.04","#Unknown!"
"12/5/2016","9/9/2013","#Unknown!","1050.65","222.22","#Unknown!","0:00:00","0:00:00","0.00","0.00","#Unknown!","28,602.00","222.22","2.52","305.05","#Unknown!"
"12/6/2016","11/8/2013","#Unknown!","1261.79","555.55","#Unknown!","0:00:00","0:00:00","0.00","0.00","#Unknown!","4,527.00","555.55","3.12","306.06","#Unknown!"
"12/7/2016","1/28/2013","#Unknown!","1474.92","333.33","#Unknown!","0:00:00","0:00:00","0.00","0.00","#Unknown!","1,902.00","333.33","0.28","307.07","#Unknown!"
"12/8/2016","4/10/2013","#Unknown!","1690.07","444.44","#Unknown!","0:00:00","0:00:00","0.00","0.00","#Unknown!","7,839.00","444.44","1.00","308.08","#Unknown!"
"12/9/2016","11/20/2013","#Unknown!","1907.21","111.11","#Unknown!","0:00:00","0:00:00","0.00","0.00","#Unknown!","5,890.00","111.11","3.24","309.09","#Unknown!"
"12/10/2016","3/10/2013","#Unknown!","2126.35","222.22","#Unknown!","0:00:00","0:00:00","0.00","0.00","#Unknown!","1,612.00","222.22","0.69","310.10","#Unknown!"
"12/11/2016","5/25/2013","#Unknown!","2347.50","555.55","#Unknown!","0:00:00","0:00:00","0.00","0.00","#Unknown!","13,709.00","555.55","1.45","311.10","#Unknown!"
"12/1/2016","1/29/2013","#Unknown!","226.13","333.33","#Unknown!","0:00:00","0:00:00","0.00","0.00","#Unknown!","12,140.00","333.33","0.29","301.01","#Unknown!"
"12/2/2016","6/11/2013","#Unknown!","429.25","444.44","#Unknown!","0:00:00","0:00:00","0.00","0.00","#Unknown!","4,806.00","444.44","1.62","302.02","#Unknown!"
"12/3/2016","8/17/2013","#Unknown!","634.38","111.11","#Unknown!","0:00:00","0:00:00","0.00","0.00","#Unknown!","51,251.00","111.11","2.29","303.03","#Unknown!"
"12/4/2016","1/2/2013","#Unknown!","841.52","222.22","#Unknown!","0:00:00","0:00:00","0.00","0.00","#Unknown!","1,321.00","222.22","0.02","304.04","#Unknown!"
"12/5/2016","10/15/2013","#Unknown!","1050.65","555.55","#Unknown!","0:00:00","0:00:00","0.00","0.00","#Unknown!","17,837.00","555.55","2.88","305.05","#Unknown!"
"12/6/2016","4/30/2013","#Unknown!","1261.79","333.33","#Unknown!","0:00:00","0:00:00","0.00","0.00","#Unknown!","11,497.00","333.33","1.20","306.06","#Unknown!"
"12/7/2016","2/26/2013","#Unknown!","1474.92","444.44","#Unknown!","0:00:00","0:00:00","0.00","0.00","#Unknown!","847.00","444.44","0.57","307.07","#Unknown!"
"12/8/2016","4/11/2013","#Unknown!","1690.07","111.11","#Unknown!","0:00:00","0:00:00","0.00","0.00","#Unknown!","1,234.00","111.11","1.01","308.08","#Unknown!"
"12/9/2016","3/25/2013","#Unknown!","1907.21","222.22","#Unknown!","0:00:00","0:00:00","0.00","0.00","#Unknown!","1,682.00","222.22","0.84","309.09","#Unknown!"
"12/10/2016","2/17/2013","#Unknown!","2126.35","555.55","#Unknown!","0:00:00","0:00:00","0.00","0.00","#Unknown!","44,737.00","555.55","0.48","310.10","#Unknown!"
"12/11/2016","1/30/2013","#Unknown!","2347.50","333.33","#Unknown!","0:00:00","0:00:00","0.00","0.00","#Unknown!","648.00","333.33","0.30","311.10","#Unknown!"
"12/1/2016","12/8/2013","#Unknown!","226.13","444.44","#Unknown!","0:00:00","0:00:00","0.00","0.00","#Unknown!","8,264.00","444.44","3.42","301.01","#Unknown!"
"12/2/2016","10/16/2013","#Unknown!","429.25","111.11","#Unknown!","0:00:00","0:00:00","0.00","0.00","#Unknown!","56,468.00","111.11","2.89","302.02","#Unknown!"
"12/3/2016","10/18/2013","#Unknown!","634.38","222.22","#Unknown!","0:00:00","0:00:00","0.00","0.00","#Unknown!","2,820.00","222.22","2.91","303.03","#Unknown!"
"12/4/2016","5/26/2013","#Unknown!","841.52","555.55","#Unknown!","0:00:00","0:00:00","0.00","0.00","#Unknown!","3,413.00","555.55","1.46","304.04","#Unknown!"
"12/5/2016","11/21/2013","#Unknown!","1050.65","333.33","#Unknown!","0:00:00","0:00:00","0.00","0.00","#Unknown!","2,942.00","333.33","3.25","305.05","#Unknown!"
"12/6/2016","9/25/2013","#Unknown!","1261.79","444.44","#Unknown!","0:00:00","0:00:00","0.00","0.00","#Unknown!","92,271.00","444.44","2.68","306.06","#Unknown!"
"12/7/2016","10/19/2013","#Unknown!","1474.92","111.11","#Unknown!","0:00:00","0:00:00","0.00","0.00","#Unknown!","32,112.00","111.11","2.92","307.07","#Unknown!"
"12/8/2016","12/10/2013","#Unknown!","1690.07","222.22","#Unknown!","0:00:00","0:00:00","0.00","0.00","#Unknown!","13,383.00","222.22","3.44","308.08","#Unknown!"
"12/9/2016","7/22/2013","#Unknown!","1907.21","555.55","#Unknown!","0:00:00","0:00:00","0.00","0.00","#Unknown!","24,747.00","555.55","2.03","309.09","#Unknown!"
"12/10/2016","12/11/2013","#Unknown!","2126.35","333.33","#Unknown!","0:00:00","0:00:00","0.00","0.00","#Unknown!","11,608.00","333.33","3.45","310.10","#Unknown!"
"12/11/2016","9/22/2013","#Unknown!","2347.50","444.44","#Unknown!","0:00:00","0:00:00","0.00","0.00","#Unknown!","51,755.00","444.44","2.65","311.10","#Unknown!"
"12/1/2016","3/11/2013","#Unknown!","226.13","111.11","#Unknown!","0:00:00","0:00:00","0.00","0.00","#Unknown!","1,475.00","111.11","0.70","301.01","#Unknown!"
"12/2/2016","12/12/2013","#Unknown!","429.25","222.22","#Unknown!","0:00:00","0:00:00","0.00","0.00","#Unknown!","5,232.00","222.22","3.46","302.02","#Unknown!"
"12/3/2016","10/20/2013","#Unknown!","634.38","555.55","#Unknown!","0:00:00","0:00:00","0.00","0.00","#Unknown!","17,489.00","555.55","2.93","303.03","#Unknown!"
"12/4/2016","8/18/2013","#Unknown!","841.52","333.33","#Unknown!","0:00:00","0:00:00","0.00","0.00","#Unknown!","6,952.00","333.33","2.30","304.04","#Unknown!"
"12/5/2016","4/12/2013","#Unknown!","1050.65","444.44","#Unknown!","0:00:00","0:00:00","0.00","0.00","#Unknown!","393.00","444.44","1.02","305.05","#Unknown!"
"12/6/2016","8/19/2013","#Unknown!","1261.79","111.11","#Unknown!","0:00:00","0:00:00","0.00","0.00","#Unknown!","5,856.00","111.11","2.31","306.06","#Unknown!"
"12/7/2016","4/13/2013","#Unknown!","1474.92","222.22","#Unknown!","0:00:00","0:00:00","0.00","0.00","#Unknown!","1,258.00","222.22","1.03","307.07","#Unknown!"
"12/8/2016","1/31/2013","#Unknown!","1690.07","555.55","#Unknown!","0:00:00","0:00:00","0.00","0.00","#Unknown!","1,775.00","555.55","0.31","308.08","#Unknown!"
"12/9/2016","5/27/2013","#Unknown!","1907.21","333.33","#Unknown!","0:00:00","0:00:00","0.00","0.00","#Unknown!","7,973.00","333.33","1.47","309.09","#Unknown!"
"12/10/2016","8/20/2013","#Unknown!","2126.35","444.44","#Unknown!","0:00:00","0:00:00","0.00","0.00","#Unknown!","41,340.00","444.44","2.32","310.10","#Unknown!"
"12/11/2016","8/16/2013","#Unknown!","2347.50","111.11","#Unknown!","0:00:00","0:00:00","0.00","0.00","#Unknown!","8,283.00","111.11","2.28","311.10","#Unknown!"
"12/1/2016","3/12/2013","#Unknown!","226.13","222.22","#Unknown!","0:00:00","0:00:00","0.00","0.00","#Unknown!","915.00","222.22","0.71","301.01","#Unknown!"
"12/2/2016","11/9/2013","#Unknown!","429.25","555.55","#Unknown!","0:00:00","0:00:00","0.00","0.00","#Unknown!","20,675.00","555.55","3.13","302.02","#Unknown!"
"12/3/2016","7/30/2013","#Unknown!","634.38","333.33","#Unknown!","0:00:00","0:00:00","0.00","0.00","#Unknown!","26,628.00","333.33","2.11","303.03","#Unknown!"
"12/4/2016","3/13/2013","#Unknown!","841.52","444.44","#Unknown!","0:00:00","0:00:00","0.00","0.00","#Unknown!","692.00","444.44","0.72","304.04","#Unknown!"
"12/5/2016","9/10/2013","#Unknown!","1050.65","111.11","#Unknown!","0:00:00","0:00:00","0.00","0.00","#Unknown!","18,133.00","111.11","2.53","305.05","#Unknown!"
"12/6/2016","12/13/2013","#Unknown!","1261.79","222.22","#Unknown!","0:00:00","0:00:00","0.00","0.00","#Unknown!","13,722.00","222.22","3.47","306.06","#Unknown!"
"12/7/2016","9/11/2013","#Unknown!","1474.92","555.55","#Unknown!","0:00:00","0:00:00","0.00","0.00","#Unknown!","17,612.00","555.55","2.54","307.07","#Unknown!"
"12/8/2016","3/14/2013","#Unknown!","1690.07","333.33","#Unknown!","0:00:00","0:00:00","0.00","0.00","#Unknown!","3,257.00","333.33","0.73","308.08","#Unknown!"
"12/9/2016","4/14/2013","#Unknown!","1907.21","444.44","#Unknown!","0:00:00","0:00:00","0.00","0.00","#Unknown!","1,893.00","444.44","1.04","309.09","#Unknown!"
"12/10/2016","6/30/2013","#Unknown!","2126.35","111.11","#Unknown!","0:00:00","0:00:00","0.00","0.00","#Unknown!","4,119.00","111.11","1.81","310.10","#Unknown!"
"12/11/2016","5/1/2013","#Unknown!","2347.50","222.22","#Unknown!","0:00:00","0:00:00","0.00","0.00","#Unknown!","7,211.00","222.22","1.21","311.10","#Unknown!"
"12/1/2016","5/28/2013","#Unknown!","226.13","555.55","#Unknown!","0:00:00","0:00:00","0.00","0.00","#Unknown!","35,608.00","555.55","1.48","301.01","#Unknown!"
"12/2/2016","2/1/2013","#Unknown!","429.25","333.33","#Unknown!","0:00:00","0:00:00","0.00","0.00","#Unknown!","1,771.00","333.33","0.32","302.02","#Unknown!"
"12/3/2016","12/2/2013","#Unknown!","634.38","444.44","#Unknown!","0:00:00","0:00:00","0.00","0.00","#Unknown!","18,165.00","444.44","3.36","303.03","#Unknown!"
"12/4/2016","9/18/2013","#Unknown!","841.52","111.11","#Unknown!","0:00:00","0:00:00","0.00","0.00","#Unknown!","75,754.00","111.11","2.61","304.04","#Unknown!"
"12/5/2016","2/3/2013","#Unknown!","1050.65","222.22","#Unknown!","0:00:00","0:00:00","0.00","0.00","#Unknown!","17,514.00","222.22","0.34","305.05","#Unknown!"
"12/6/2016","2/2/2013","#Unknown!","1261.79","555.55","#Unknown!","0:00:00","0:00:00","0.00","0.00","#Unknown!","5,792.00","555.55","0.33","306.06","#Unknown!"
"12/7/2016","7/1/2013","#Unknown!","1474.92","333.33","#Unknown!","0:00:00","0:00:00","0.00","0.00","#Unknown!","9,767.00","333.33","1.82","307.07","#Unknown!"
"12/8/2016","5/29/2013","#Unknown!","1690.07","444.44","#Unknown!","0:00:00","0:00:00","0.00","0.00","#Unknown!","16,719.00","444.44","1.49","308.08","#Unknown!"
"12/9/2016","2/4/2013","#Unknown!","1907.21","111.11","#Unknown!","0:00:00","0:00:00","0.00","0.00","#Unknown!","9,502.00","111.11","0.35","309.09","#Unknown!"
"12/10/2016","5/30/2013","#Unknown!","2126.35","222.22","#Unknown!","0:00:00","0:00:00","0.00","0.00","#Unknown!","11,688.00","222.22","1.50","310.10","#Unknown!"
"12/11/2016","2/15/2013","#Unknown!","2347.50","555.55","#Unknown!","0:00:00","0:00:00","0.00","0.00","#Unknown!","153,060.00","555.55","0.46","311.10","#Unknown!"
"12/1/2016","5/31/2013","#Unknown!","226.13","333.33","#Unknown!","0:00:00","0:00:00","0.00","0.00","#Unknown!","7,808.00","333.33","1.51","301.01","#Unknown!"
"12/2/2016","3/17/2013","#Unknown!","429.25","444.44","#Unknown!","0:00:00","0:00:00","0.00","0.00","#Unknown!","1,947.00","444.44","0.76","302.02","#Unknown!"
"12/3/2016","9/27/2013","#Unknown!","634.38","111.11","#Unknown!","0:00:00","0:00:00","0.00","0.00","#Unknown!","21,437.00","111.11","2.70","303.03","#Unknown!"
"12/4/2016","9/12/2013","#Unknown!","841.52","222.22","#Unknown!","0:00:00","0:00:00","0.00","0.00","#Unknown!","26,962.00","222.22","2.55","304.04","#Unknown!"
"12/5/2016","7/3/2013","#Unknown!","1050.65","555.55","#Unknown!","0:00:00","0:00:00","0.00","0.00","#Unknown!","6,590.00","555.55","1.84","305.05","#Unknown!"
"12/6/2016","6/1/2013","#Unknown!","1261.79","333.33","#Unknown!","0:00:00","0:00:00","0.00","0.00","#Unknown!","9,268.00","333.33","1.52","306.06","#Unknown!"
"12/7/2016","7/4/2013","#Unknown!","1474.92","444.44","#Unknown!","0:00:00","0:00:00","0.00","0.00","#Unknown!","17,659.00","444.44","1.85","307.07","#Unknown!"
"12/8/2016","4/15/2013","#Unknown!","1690.07","111.11","#Unknown!","0:00:00","0:00:00","0.00","0.00","#Unknown!","3,684.00","111.11","1.05","308.08","#Unknown!"
"12/9/2016","6/9/2013","#Unknown!","1907.21","222.22","#Unknown!","0:00:00","0:00:00","0.00","0.00","#Unknown!","8,963.00","222.22","1.60","309.09","#Unknown!"
"12/10/2016","7/31/2013","#Unknown!","2126.35","555.55","#Unknown!","0:00:00","0:00:00","0.00","0.00","#Unknown!","13,787.00","555.55","2.12","310.10","#Unknown!"
"12/11/2016","12/14/2013","#Unknown!","2347.50","333.33","#Unknown!","0:00:00","0:00:00","0.00","0.00","#Unknown!","15,865.00","333.33","3.48","311.10","#Unknown!"
"12/1/2016","12/16/2013","#Unknown!","226.13","444.44","#Unknown!","0:00:00","0:00:00","0.00","0.00","#Unknown!","55,874.00","444.44","3.50","301.01","#Unknown!"
"12/2/2016","5/2/2013","#Unknown!","429.25","111.11","#Unknown!","0:00:00","0:00:00","0.00","0.00","#Unknown!","8,013.00","111.11","1.22","302.02","#Unknown!"
"12/3/2016","7/23/2013","#Unknown!","634.38","222.22","#Unknown!","0:00:00","0:00:00","0.00","0.00","#Unknown!","28,961.00","222.22","2.04","303.03","#Unknown!"
"12/4/2016","11/10/2013","#Unknown!","841.52","555.55","#Unknown!","0:00:00","0:00:00","0.00","0.00","#Unknown!","3,949.00","555.55","3.14","304.04","#Unknown!"
"12/5/2016","6/12/2013","#Unknown!","1050.65","333.33","#Unknown!","0:00:00","0:00:00","0.00","0.00","#Unknown!","485.00","333.33","1.63","305.05","#Unknown!"
"12/6/2016","8/21/2013","#Unknown!","1261.79","444.44","#Unknown!","0:00:00","0:00:00","0.00","0.00","#Unknown!","6,085.00","444.44","2.33","306.06","#Unknown!"
"12/7/2016","5/3/2013","#Unknown!","1474.92","111.11","#Unknown!","0:00:00","0:00:00","0.00","0.00","#Unknown!","8,926.00","111.11","1.23","307.07","#Unknown!"
"12/8/2016","11/23/2013","#Unknown!","1690.07","222.22","#Unknown!","0:00:00","0:00:00","0.00","0.00","#Unknown!","2,003.00","222.22","3.27","308.08","#Unknown!"
"12/9/2016","7/24/2013","#Unknown!","1907.21","555.55","#Unknown!","0:00:00","0:00:00","0.00","0.00","#Unknown!","11,292.00","555.55","2.05","309.09","#Unknown!"
"12/10/2016","3/18/2013","#Unknown!","2126.35","333.33","#Unknown!","0:00:00","0:00:00","0.00","0.00","#Unknown!","327.00","333.33","0.77","310.10","#Unknown!"
"12/11/2016","6/2/2013","#Unknown!","2347.50","444.44","#Unknown!","0:00:00","0:00:00","0.00","0.00","#Unknown!","7,542.00","444.44","1.53","311.10","#Unknown!"
"12/1/2016","6/3/2013","#Unknown!","226.13","111.11","#Unknown!","0:00:00","0:00:00","0.00","0.00","#Unknown!","13,457.00","111.11","1.54","301.01","#Unknown!"
"12/2/2016","7/25/2013","#Unknown!","429.25","222.22","#Unknown!","0:00:00","0:00:00","0.00","0.00","#Unknown!","24,932.00","222.22","2.06","302.02","#Unknown!"
"12/3/2016","2/5/2013","#Unknown!","634.38","555.55","#Unknown!","0:00:00","0:00:00","0.00","0.00","#Unknown!","1,838.00","555.55","0.36","303.03","#Unknown!"
"12/4/2016","9/13/2013","#Unknown!","841.52","333.33","#Unknown!","0:00:00","0:00:00","0.00","0.00","#Unknown!","24,070.00","333.33","2.56","304.04","#Unknown!"
"12/5/2016","10/25/2013","#Unknown!","1050.65","444.44","#Unknown!","0:00:00","0:00:00","0.00","0.00","#Unknown!","60,632.00","444.44","2.98","305.05","#Unknown!"
"12/6/2016","2/6/2013","#Unknown!","1261.79","111.11","#Unknown!","0:00:00","0:00:00","0.00","0.00","#Unknown!","9,872.00","111.11","0.37","306.06","#Unknown!"
"12/7/2016","11/11/2013","#Unknown!","1474.92","222.22","#Unknown!","0:00:00","0:00:00","0.00","0.00","#Unknown!","21,822.00","222.22","3.15","307.07","#Unknown!"
"12/8/2016","2/7/2013","#Unknown!","1690.07","555.55","#Unknown!","0:00:00","0:00:00","0.00","0.00","#Unknown!","5,135.00","555.55","0.38","308.08","#Unknown!"
"12/9/2016","4/16/2013","#Unknown!","1907.21","333.33","#Unknown!","0:00:00","0:00:00","0.00","0.00","#Unknown!","780.00","333.33","1.06","309.09","#Unknown!"
"12/10/2016","2/20/2013","#Unknown!","2126.35","444.44","#Unknown!","0:00:00","0:00:00","0.00","0.00","#Unknown!","538.00","444.44","0.51","310.10","#Unknown!"
"12/11/2016","10/27/2013","#Unknown!","2347.50","111.11","#Unknown!","0:00:00","0:00:00","0.00","0.00","#Unknown!","31,915.00","111.11","3.00","311.10","#Unknown!"
"12/1/2016","7/5/2013","#Unknown!","226.13","222.22","#Unknown!","0:00:00","0:00:00","0.00","0.00","#Unknown!","12,994.00","222.22","1.86","301.01","#Unknown!"
"12/2/2016","6/4/2013","#Unknown!","429.25","555.55","#Unknown!","0:00:00","0:00:00","0.00","0.00","#Unknown!","16,767.00","555.55","1.55","302.02","#Unknown!"
"12/3/2016","10/30/2013","#Unknown!","634.38","333.33","#Unknown!","0:00:00","0:00:00","0.00","0.00","#Unknown!","27,982.00","333.33","3.03","303.03","#Unknown!"
"12/4/2016","11/24/2013","#Unknown!","841.52","444.44","#Unknown!","0:00:00","0:00:00","0.00","0.00","#Unknown!","2,750.00","444.44","3.28","304.04","#Unknown!"
"12/5/2016","4/17/2013","#Unknown!","1050.65","111.11","#Unknown!","0:00:00","0:00:00","0.00","0.00","#Unknown!","848.00","111.11","1.07","305.05","#Unknown!"
"12/6/2016","8/22/2013","#Unknown!","1261.79","222.22","#Unknown!","0:00:00","0:00:00","0.00","0.00","#Unknown!","4,875.00","222.22","2.34","306.06","#Unknown!"
"12/7/2016","6/7/2013","#Unknown!","1474.92","555.55","#Unknown!","0:00:00","0:00:00","0.00","0.00","#Unknown!","7,669.00","555.55","1.58","307.07","#Unknown!"
"12/8/2016","10/21/2013","#Unknown!","1690.07","333.33","#Unknown!","0:00:00","0:00:00","0.00","0.00","#Unknown!","6,916.00","333.33","2.94","308.08","#Unknown!"
"12/9/2016","6/8/2013","#Unknown!","1907.21","444.44","#Unknown!","0:00:00","0:00:00","0.00","0.00","#Unknown!","3,701.00","444.44","1.59","309.09","#Unknown!"
"12/10/2016","8/23/2013","#Unknown!","2126.35","111.11","#Unknown!","0:00:00","0:00:00","0.00","0.00","#Unknown!","4,235.00","111.11","2.35","310.10","#Unknown!"
"12/11/2016","2/10/2013","#Unknown!","2347.50","222.22","#Unknown!","0:00:00","0:00:00","0.00","0.00","#Unknown!","28,391.00","222.22","0.41","311.10","#Unknown!"
"12/1/2016","3/19/2013","#Unknown!","226.13","555.55","#Unknown!","0:00:00","0:00:00","0.00","0.00","#Unknown!","1,306.00","555.55","0.78","301.01","#Unknown!"
"12/2/2016","11/12/2013","#Unknown!","429.25","333.33","#Unknown!","0:00:00","0:00:00","0.00","0.00","#Unknown!","2,740.00","333.33","3.16","302.02","#Unknown!"
"12/3/2016","6/6/2013","#Unknown!","634.38","444.44","#Unknown!","0:00:00","0:00:00","0.00","0.00","#Unknown!","18,272.00","444.44","1.57","303.03","#Unknown!"
"12/4/2016","2/8/2013","#Unknown!","841.52","111.11","#Unknown!","0:00:00","0:00:00","0.00","0.00","#Unknown!","41,094.00","111.11","0.39","304.04","#Unknown!"
"12/5/2016","7/26/2013","#Unknown!","1050.65","222.22","#Unknown!","0:00:00","0:00:00","0.00","0.00","#Unknown!","21,951.00","222.22","2.07","305.05","#Unknown!"
"12/6/2016","1/13/2013","#Unknown!","1261.79","555.55","#Unknown!","0:00:00","0:00:00","0.00","0.00","#Unknown!","1,607.00","555.55","0.13","306.06","#Unknown!"
"12/7/2016","4/23/2013","#Unknown!","1474.92","333.33","#Unknown!","0:00:00","0:00:00","0.00","0.00","#Unknown!","7,277.00","333.33","1.13","307.07","#Unknown!"
"12/8/2016","11/1/2013","#Unknown!","1690.07","444.44","#Unknown!","0:00:00","0:00:00","0.00","0.00","#Unknown!","11,261.00","444.44","3.05","308.08","#Unknown!"
"12/9/2016","12/17/2013","#Unknown!","1907.21","111.11","#Unknown!","0:00:00","0:00:00","0.00","0.00","#Unknown!","15,532.00","111.11","3.51","309.09","#Unknown!"
"12/10/2016","9/14/2013","#Unknown!","2126.35","222.22","#Unknown!","0:00:00","0:00:00","0.00","0.00","#Unknown!","14,618.00","222.22","2.57","310.10","#Unknown!"
"12/11/2016","9/30/2013","#Unknown!","2347.50","555.55","#Unknown!","0:00:00","0:00:00","0.00","0.00","#Unknown!","53,743.00","555.55","2.73","311.10","#Unknown!"
"12/1/2016","2/11/2013","#Unknown!","226.13","333.33","#Unknown!","0:00:00","0:00:00","0.00","0.00","#Unknown!","1,496.00","333.33","0.42","301.01","#Unknown!"
"12/2/2016","10/22/2013","#Unknown!","429.25","444.44","#Unknown!","0:00:00","0:00:00","0.00","0.00","#Unknown!","14,489.00","444.44","2.95","302.02","#Unknown!"
"12/3/2016","2/12/2013","#Unknown!","634.38","111.11","#Unknown!","0:00:00","0:00:00","0.00","0.00","#Unknown!","14,219.00","111.11","0.43","303.03","#Unknown!"
"12/4/2016","2/13/2013","#Unknown!","841.52","222.22","#Unknown!","0:00:00","0:00:00","0.00","0.00","#Unknown!","2,482.00","222.22","0.44","304.04","#Unknown!"
"12/5/2016","3/20/2013","#Unknown!","1050.65","555.55","#Unknown!","0:00:00","0:00:00","0.00","0.00","#Unknown!","7,754.00","555.55","0.79","305.05","#Unknown!"
"12/6/2016","7/27/2013","#Unknown!","1261.79","333.33","#Unknown!","0:00:00","0:00:00","0.00","0.00","#Unknown!","22,325.00","333.33","2.08","306.06","#Unknown!"
"12/7/2016","5/4/2013","#Unknown!","1474.92","444.44","#Unknown!","0:00:00","0:00:00","0.00","0.00","#Unknown!","10,300.00","444.44","1.24","307.07","#Unknown!"
"12/8/2016","7/28/2013","#Unknown!","1690.07","111.11","#Unknown!","0:00:00","0:00:00","0.00","0.00","#Unknown!","21,374.00","111.11","2.09","308.08","#Unknown!"
"12/9/2016","3/21/2013","#Unknown!","1907.21","222.22","#Unknown!","0:00:00","0:00:00","0.00","0.00","#Unknown!","899.00","222.22","0.80","309.09","#Unknown!"
"12/10/2016","9/23/2013","#Unknown!","2126.35","555.55","#Unknown!","0:00:00","0:00:00","0.00","0.00","#Unknown!","17,497.00","555.55","2.66","310.10","#Unknown!"
"12/11/2016","7/6/2013","#Unknown!","2347.50","333.33","#Unknown!","0:00:00","0:00:00","0.00","0.00","#Unknown!","38,120.00","333.33","1.87","311.10","#Unknown!"
"12/1/2016","6/10/2013","#Unknown!","226.13","444.44","#Unknown!","0:00:00","0:00:00","0.00","0.00","#Unknown!","181,045.00","444.44","1.61","301.01","#Unknown!"
"12/2/2016","2/14/2013","#Unknown!","429.25","111.11","#Unknown!","0:00:00","0:00:00","0.00","0.00","#Unknown!","1,156.00","111.11","0.45","302.02","#Unknown!"
"12/3/2016","9/15/2013","#Unknown!","634.38","222.22","#Unknown!","0:00:00","0:00:00","0.00","0.00","#Unknown!","10,955.00","222.22","2.58","303.03","#Unknown!"
"12/4/2016","11/22/2013","#Unknown!","841.52","555.55","#Unknown!","0:00:00","0:00:00","0.00","0.00","#Unknown!","23,793.00","555.55","3.26","304.04","#Unknown!"
"12/5/2016","10/14/2013","#Unknown!","1050.65","333.33","#Unknown!","0:00:00","0:00:00","0.00","0.00","#Unknown!","15,985.00","333.33","2.87","305.05","#Unknown!"
"12/6/2016","6/15/2013","#Unknown!","1261.79","444.44","#Unknown!","0:00:00","0:00:00","0.00","0.00","#Unknown!","21,924.00","444.44","1.66","306.06","#Unknown!"
"12/7/2016","12/6/2013","#Unknown!","1474.92","111.11","#Unknown!","0:00:00","0:00:00","0.00","0.00","#Unknown!","10,303.00","111.11","3.40","307.07","#Unknown!"
"12/8/2016","2/18/2013","#Unknown!","1690.07","222.22","#Unknown!","0:00:00","0:00:00","0.00","0.00","#Unknown!","8,485.00","222.22","0.49","308.08","#Unknown!"
"12/9/2016","1/1/2013","#Unknown!","1907.21","555.55","#Unknown!","0:00:00","0:00:00","0.00","0.00","#Unknown!","28,438.00","555.55","0.01","309.09","#Unknown!"
"12/10/2016","2/24/2013","#Unknown!","2126.35","333.33","#Unknown!","0:00:00","0:00:00","0.00","0.00","#Unknown!","494.00","333.33","0.55","310.10","#Unknown!"
"12/11/2016","8/2/2013","#Unknown!","2347.50","444.44","#Unknown!","0:00:00","0:00:00","0.00","0.00","#Unknown!","16,283.00","444.44","2.14","311.10","#Unknown!"
"12/1/2016","1/3/2013","#Unknown!","226.13","111.11","#Unknown!","0:00:00","0:00:00","0.00","0.00","#Unknown!","37,819.00","111.11","0.03","301.01","#Unknown!"
"12/2/2016","7/8/2013","#Unknown!","429.25","222.22","#Unknown!","0:00:00","0:00:00","0.00","0.00","#Unknown!","33,201.00","222.22","1.89","302.02","#Unknown!"
"12/3/2016","11/4/2013","#Unknown!","634.38","555.55","#Unknown!","0:00:00","0:00:00","0.00","0.00","#Unknown!","311.00","555.55","3.08","303.03","#Unknown!"
"12/4/2016","10/28/2013","#Unknown!","841.52","333.33","#Unknown!","0:00:00","0:00:00","0.00","0.00","#Unknown!","42,844.00","333.33","3.01","304.04","#Unknown!"
"12/5/2016","4/19/2013","#Unknown!","1050.65","444.44","#Unknown!","0:00:00","0:00:00","0.00","0.00","#Unknown!","6,081.00","444.44","1.09","305.05","#Unknown!"
"12/6/2016","4/20/2013","#Unknown!","1261.79","111.11","#Unknown!","0:00:00","0:00:00","0.00","0.00","#Unknown!","3,074.00","111.11","1.10","306.06","#Unknown!"
"12/7/2016","3/23/2013","#Unknown!","1474.92","222.22","#Unknown!","0:00:00","0:00:00","0.00","0.00","#Unknown!","1,737.00","222.22","0.82","307.07","#Unknown!"
"12/8/2016","6/16/2013","#Unknown!","1690.07","555.55","#Unknown!","0:00:00","0:00:00","0.00","0.00","#Unknown!","16,593.00","555.55","1.67","308.08","#Unknown!"
"12/9/2016","3/24/2013","#Unknown!","1907.21","333.33","#Unknown!","0:00:00","0:00:00","0.00","0.00","#Unknown!","11,584.00","333.33","0.83","309.09","#Unknown!"
"12/10/2016","11/26/2013","#Unknown!","2126.35","444.44","#Unknown!","0:00:00","0:00:00","0.00","0.00","#Unknown!","43,593.00","444.44","3.30","310.10","#Unknown!"
"12/11/2016","5/5/2013","#Unknown!","2347.50","111.11","#Unknown!","0:00:00","0:00:00","0.00","0.00","#Unknown!","16,188.00","111.11","1.25","311.10","#Unknown!"
"12/1/2016","10/2/2013","#Unknown!","226.13","222.22","#Unknown!","0:00:00","0:00:00","0.00","0.00","#Unknown!","4,356.00","222.22","2.75","301.01","#Unknown!"
"12/2/2016","4/21/2013","#Unknown!","429.25","555.55","#Unknown!","0:00:00","0:00:00","0.00","0.00","#Unknown!","7,427.00","555.55","1.11","302.02","#Unknown!"
"12/3/2016","11/13/2013","#Unknown!","634.38","333.33","#Unknown!","0:00:00","0:00:00","0.00","0.00","#Unknown!","45,193.00","333.33","3.17","303.03","#Unknown!"
"12/4/2016","1/4/2013","#Unknown!","841.52","444.44","#Unknown!","0:00:00","0:00:00","0.00","0.00","#Unknown!","5,398.00","444.44","0.04","304.04","#Unknown!"
"12/5/2016","2/19/2013","#Unknown!","1050.65","111.11","#Unknown!","0:00:00","0:00:00","0.00","0.00","#Unknown!","1,779.00","111.11","0.50","305.05","#Unknown!"
"12/6/2016","6/17/2013","#Unknown!","1261.79","222.22","#Unknown!","0:00:00","0:00:00","0.00","0.00","#Unknown!","13,320.00","222.22","1.68","306.06","#Unknown!"
"12/7/2016","1/5/2013","#Unknown!","1474.92","555.55","#Unknown!","0:00:00","0:00:00","0.00","0.00","#Unknown!","14,649.00","555.55","0.05","307.07","#Unknown!"
"12/8/2016","8/24/2013","#Unknown!","1690.07","333.33","#Unknown!","0:00:00","0:00:00","0.00","0.00","#Unknown!","16,332.00","333.33","2.36","308.08","#Unknown!"
"12/9/2016","10/29/2013","#Unknown!","1907.21","444.44","#Unknown!","0:00:00","0:00:00","0.00","0.00","#Unknown!","24,729.00","444.44","3.02","309.09","#Unknown!"
"12/10/2016","12/15/2013","#Unknown!","2126.35","111.11","#Unknown!","0:00:00","0:00:00","0.00","0.00","#Unknown!","6,411.00","111.11","3.49","310.10","#Unknown!"
"12/11/2016","5/6/2013","#Unknown!","2347.50","222.22","#Unknown!","0:00:00","0:00:00","0.00","0.00","#Unknown!","2,866.00","222.22","1.26","311.10","#Unknown!"
"12/1/2016","3/26/2013","#Unknown!","226.13","555.55","#Unknown!","0:00:00","0:00:00","0.00","0.00","#Unknown!","2,129.00","555.55","0.85","301.01","#Unknown!"
"12/2/2016","8/3/2013","#Unknown!","429.25","333.33","#Unknown!","0:00:00","0:00:00","0.00","0.00","#Unknown!","39,502.00","333.33","2.15","302.02","#Unknown!"
"12/3/2016","7/9/2013","#Unknown!","634.38","444.44","#Unknown!","0:00:00","0:00:00","0.00","0.00","#Unknown!","40,243.00","444.44","1.90","303.03","#Unknown!"
"12/4/2016","5/7/2013","#Unknown!","841.52","111.11","#Unknown!","0:00:00","0:00:00","0.00","0.00","#Unknown!","9,026.00","111.11","1.27","304.04","#Unknown!"
"12/5/2016","1/6/2013","#Unknown!","1050.65","222.22","#Unknown!","0:00:00","0:00:00","0.00","0.00","#Unknown!","1,233.00","222.22","0.06","305.05","#Unknown!"
"12/6/2016","6/18/2013","#Unknown!","1261.79","555.55","#Unknown!","0:00:00","0:00:00","0.00","0.00","#Unknown!","4,897.00","555.55","1.69","306.06","#Unknown!"
"12/7/2016","9/16/2013","#Unknown!","1474.92","333.33","#Unknown!","0:00:00","0:00:00","0.00","0.00","#Unknown!","617,594.00","333.33","2.59","307.07","#Unknown!"
"12/8/2016","11/2/2013","#Unknown!","1690.07","444.44","#Unknown!","0:00:00","0:00:00","0.00","0.00","#Unknown!","19,754.00","444.44","3.06","308.08","#Unknown!"
"12/9/2016","6/14/2013","#Unknown!","1907.21","111.11","#Unknown!","0:00:00","0:00:00","0.00","0.00","#Unknown!","4,996.00","111.11","1.65","309.09","#Unknown!"
"12/10/2016","8/4/2013","#Unknown!","2126.35","222.22","#Unknown!","0:00:00","0:00:00","0.00","0.00","#Unknown!","7,965.00","222.22","2.16","310.10","#Unknown!"
"12/11/2016","5/8/2013","#Unknown!","2347.50","555.55","#Unknown!","0:00:00","0:00:00","0.00","0.00","#Unknown!","4,355.00","555.55","1.28","311.10","#Unknown!"
"12/1/2016","9/28/2013","#Unknown!","226.13","333.33","#Unknown!","0:00:00","0:00:00","0.00","0.00","#Unknown!","35,744.00","333.33","2.71","301.01","#Unknown!"
"12/2/2016","11/14/2013","#Unknown!","429.25","444.44","#Unknown!","0:00:00","0:00:00","0.00","0.00","#Unknown!","9,820.00","444.44","3.18","302.02","#Unknown!"
"12/3/2016","10/3/2013","#Unknown!","634.38","111.11","#Unknown!","0:00:00","0:00:00","0.00","0.00","#Unknown!","26,563.00","111.11","2.76","303.03","#Unknown!"
"12/4/2016","1/7/2013","#Unknown!","841.52","222.22","#Unknown!","0:00:00","0:00:00","0.00","0.00","#Unknown!","3,609.00","222.22","0.07","304.04","#Unknown!"
"12/5/2016","10/1/2013","#Unknown!","1050.65","555.55","#Unknown!","0:00:00","0:00:00","0.00","0.00","#Unknown!","93,810.00","555.55","2.74","305.05","#Unknown!"
"12/6/2016","5/9/2013","#Unknown!","1261.79","333.33","#Unknown!","0:00:00","0:00:00","0.00","0.00","#Unknown!","3,390.00","333.33","1.29","306.06","#Unknown!"
"12/7/2016","10/24/2013","#Unknown!","1474.92","444.44","#Unknown!","0:00:00","0:00:00","0.00","0.00","#Unknown!","58,732.00","444.44","2.97","307.07","#Unknown!"
"12/8/2016","3/28/2013","#Unknown!","1690.07","111.11","#Unknown!","0:00:00","0:00:00","0.00","0.00","#Unknown!","1,902.00","111.11","0.87","308.08","#Unknown!"
"12/9/2016","7/7/2013","#Unknown!","1907.21","222.22","#Unknown!","0:00:00","0:00:00","0.00","0.00","#Unknown!","24,498.00","222.22","1.88","309.09","#Unknown!"
"12/10/2016","9/17/2013","#Unknown!","2126.35","555.55","#Unknown!","0:00:00","0:00:00","0.00","0.00","#Unknown!","105,162.00","555.55","2.60","310.10","#Unknown!"
"12/11/2016","8/25/2013","#Unknown!","2347.50","333.33","#Unknown!","0:00:00","0:00:00","0.00","0.00","#Unknown!","21,561.00","333.33","2.37","311.10","#Unknown!"
"12/1/2016","6/19/2013","#Unknown!","226.13","444.44","#Unknown!","0:00:00","0:00:00","0.00","0.00","#Unknown!","4,852.00","444.44","1.70","301.01","#Unknown!"
"12/2/2016","10/4/2013","#Unknown!","429.25","111.11","#Unknown!","0:00:00","0:00:00","0.00","0.00","#Unknown!","11,509.00","111.11","2.77","302.02","#Unknown!"
"12/3/2016","3/29/2013","#Unknown!","634.38","222.22","#Unknown!","0:00:00","0:00:00","0.00","0.00","#Unknown!","1,266.00","222.22","0.88","303.03","#Unknown!"
"12/4/2016","5/10/2013","#Unknown!","841.52","555.55","#Unknown!","0:00:00","0:00:00","0.00","0.00","#Unknown!","12,981.00","555.55","1.30","304.04","#Unknown!"
"12/5/2016","11/15/2013","#Unknown!","1050.65","333.33","#Unknown!","0:00:00","0:00:00","0.00","0.00","#Unknown!","6,125.00","333.33","3.19","305.05","#Unknown!"
"12/6/2016","7/10/2013","#Unknown!","1261.79","444.44","#Unknown!","0:00:00","0:00:00","0.00","0.00","#Unknown!","33,802.00","444.44","1.91","306.06","#Unknown!"
"12/7/2016","9/21/2013","#Unknown!","1474.92","111.11","#Unknown!","0:00:00","0:00:00","0.00","0.00","#Unknown!","35,177.00","111.11","2.64","307.07","#Unknown!"
"12/8/2016","2/21/2013","#Unknown!","1690.07","222.22","#Unknown!","0:00:00","0:00:00","0.00","0.00","#Unknown!","3,235.00","222.22","0.52","308.08","#Unknown!"
"12/9/2016","1/8/2013","#Unknown!","1907.21","555.55","#Unknown!","0:00:00","0:00:00","0.00","0.00","#Unknown!","1,337.00","555.55","0.08","309.09","#Unknown!"
"12/10/2016","1/9/2013","#Unknown!","2126.35","333.33","#Unknown!","0:00:00","0:00:00","0.00","0.00","#Unknown!","1,222.00","333.33","0.09","310.10","#Unknown!"
"12/11/2016","1/10/2013","#Unknown!","2347.50","444.44","#Unknown!","0:00:00","0:00:00","0.00","0.00","#Unknown!","55,298.00","444.44","0.10","311.10","#Unknown!"
"12/1/2016","11/3/2013","#Unknown!","226.13","111.11","#Unknown!","0:00:00","0:00:00","0.00","0.00","#Unknown!","866.00","111.11","3.07","301.01","#Unknown!"
"12/2/2016","3/8/2013","#Unknown!","429.25","222.22","#Unknown!","0:00:00","0:00:00","0.00","0.00","#Unknown!","1,702.00","222.22","0.67","302.02","#Unknown!"
"12/3/2016","5/11/2013","#Unknown!","634.38","555.55","#Unknown!","0:00:00","0:00:00","0.00","0.00","#Unknown!","13,606.00","555.55","1.31","303.03","#Unknown!"
"12/4/2016","8/26/2013","#Unknown!","841.52","333.33","#Unknown!","0:00:00","0:00:00","0.00","0.00","#Unknown!","7,542.00","333.33","2.38","304.04","#Unknown!"
"12/5/2016","3/31/2013","#Unknown!","1050.65","444.44","#Unknown!","0:00:00","0:00:00","0.00","0.00","#Unknown!","1,671.00","444.44","0.90","305.05","#Unknown!"
"12/6/2016","6/20/2013","#Unknown!","1261.79","111.11","#Unknown!","0:00:00","0:00:00","0.00","0.00","#Unknown!","17,668.00","111.11","1.71","306.06","#Unknown!"
"12/7/2016","4/1/2013","#Unknown!","1474.92","222.22","#Unknown!","0:00:00","0:00:00","0.00","0.00","#Unknown!","1,897.00","222.22","0.91","307.07","#Unknown!"
"12/8/2016","1/11/2013","#Unknown!","1690.07","555.55","#Unknown!","0:00:00","0:00:00","0.00","0.00","#Unknown!","872.00","555.55","0.11","308.08","#Unknown!"
"12/9/2016","2/22/2013","#Unknown!","1907.21","333.33","#Unknown!","0:00:00","0:00:00","0.00","0.00","#Unknown!","6,756.00","333.33","0.53","309.09","#Unknown!"
"12/10/2016","8/5/2013","#Unknown!","2126.35","444.44","#Unknown!","0:00:00","0:00:00","0.00","0.00","#Unknown!","26,493.00","444.44","2.17","310.10","#Unknown!"
"12/11/2016","11/28/2013","#Unknown!","2347.50","111.11","#Unknown!","0:00:00","0:00:00","0.00","0.00","#Unknown!","34,032.00","111.11","3.32","311.10","#Unknown!"
"12/1/2016","8/27/2013","#Unknown!","226.13","222.22","#Unknown!","0:00:00","0:00:00","0.00","0.00","#Unknown!","24,729.00","222.22","2.39","301.01","#Unknown!"
"12/2/2016","4/2/2013","#Unknown!","429.25","555.55","#Unknown!","0:00:00","0:00:00","0.00","0.00","#Unknown!","5,125.00","555.55","0.92","302.02","#Unknown!"
"12/3/2016","11/16/2013","#Unknown!","634.38","333.33","#Unknown!","0:00:00","0:00:00","0.00","0.00","#Unknown!","14,207.00","333.33","3.20","303.03","#Unknown!"
"12/4/2016","11/29/2013","#Unknown!","841.52","444.44","#Unknown!","0:00:00","0:00:00","0.00","0.00","#Unknown!","7,086.00","444.44","3.33","304.04","#Unknown!"
"12/5/2016","5/13/2013","#Unknown!","1050.65","111.11","#Unknown!","0:00:00","0:00:00","0.00","0.00","#Unknown!","8,471.00","111.11","1.33","305.05","#Unknown!"
"12/6/2016","8/28/2013","#Unknown!","1261.79","222.22","#Unknown!","0:00:00","0:00:00","0.00","0.00","#Unknown!","5,589.00","222.22","2.40","306.06","#Unknown!"
"12/7/2016","7/11/2013","#Unknown!","1474.92","555.55","#Unknown!","0:00:00","0:00:00","0.00","0.00","#Unknown!","29,457.00","555.55","1.92","307.07","#Unknown!"
"12/8/2016","6/5/2013","#Unknown!","1690.07","333.33","#Unknown!","0:00:00","0:00:00","0.00","0.00","#Unknown!","11,390.00","333.33","1.56","308.08","#Unknown!"
"12/9/2016","7/12/2013","#Unknown!","1907.21","444.44","#Unknown!","0:00:00","0:00:00","0.00","0.00","#Unknown!","3,179.00","444.44","1.93","309.09","#Unknown!"
"12/10/2016","10/5/2013","#Unknown!","2126.35","111.11","#Unknown!","0:00:00","0:00:00","0.00","0.00","#Unknown!","15,059.00","111.11","2.78","310.10","#Unknown!"
"12/11/2016","10/6/2013","#Unknown!","2347.50","222.22","#Unknown!","0:00:00","0:00:00","0.00","0.00","#Unknown!","13,794.00","222.22","2.79","311.10","#Unknown!"
"12/1/2016","5/12/2013","#Unknown!","226.13","555.55","#Unknown!","0:00:00","0:00:00","0.00","0.00","#Unknown!","2,183.00","555.55","1.32","301.01","#Unknown!"
"12/2/2016","1/14/2013","#Unknown!","429.25","333.33","#Unknown!","0:00:00","0:00:00","0.00","0.00","#Unknown!","15,720.00","333.33","0.14","302.02","#Unknown!"
"12/3/2016","11/17/2013","#Unknown!","634.38","444.44","#Unknown!","0:00:00","0:00:00","0.00","0.00","#Unknown!","4,956.00","444.44","3.21","303.03","#Unknown!"
"12/4/2016","1/12/2013","#Unknown!","841.52","111.11","#Unknown!","0:00:00","0:00:00","0.00","0.00","#Unknown!","16,053.00","111.11","0.12","304.04","#Unknown!"
"12/5/2016","10/7/2013","#Unknown!","1050.65","222.22","#Unknown!","0:00:00","0:00:00","0.00","0.00","#Unknown!","23,112.00","222.22","2.80","305.05","#Unknown!"
"12/6/2016","11/5/2013","#Unknown!","1261.79","555.55","#Unknown!","0:00:00","0:00:00","0.00","0.00","#Unknown!","4,067.00","555.55","3.09","306.06","#Unknown!"
"12/7/2016","3/16/2013","#Unknown!","1474.92","333.33","#Unknown!","0:00:00","0:00:00","0.00","0.00","#Unknown!","1,225.00","333.33","0.75","307.07","#Unknown!"
"12/8/2016","4/3/2013","#Unknown!","1690.07","444.44","#Unknown!","0:00:00","0:00:00","0.00","0.00","#Unknown!","1,800.00","444.44","0.93","308.08","#Unknown!"
"12/9/2016","8/6/2013","#Unknown!","1907.21","111.11","#Unknown!","0:00:00","0:00:00","0.00","0.00","#Unknown!","3,504.00","111.11","2.18","309.09","#Unknown!"
"12/10/2016","9/20/2013","#Unknown!","2126.35","222.22","#Unknown!","0:00:00","0:00:00","0.00","0.00","#Unknown!","41,667.00","222.22","2.63","310.10","#Unknown!"
"12/11/2016","11/30/2013","#Unknown!","2347.50","555.55","#Unknown!","0:00:00","0:00:00","0.00","0.00","#Unknown!","15,873.00","555.55","3.34","311.10","#Unknown!"
"12/1/2016","12/1/2013","#Unknown!","226.13","333.33","#Unknown!","0:00:00","0:00:00","0.00","0.00","#Unknown!","88,857.00","333.33","3.35","301.01","#Unknown!"
"12/2/2016","11/6/2013","#Unknown!","429.25","444.44","#Unknown!","0:00:00","0:00:00","0.00","0.00","#Unknown!","31,531.00","444.44","3.10","302.02","#Unknown!"
"12/3/2016","4/18/2013","#Unknown!","634.38","111.11","#Unknown!","0:00:00","0:00:00","0.00","0.00","#Unknown!","40,318.00","111.11","1.08","303.03","#Unknown!"
"12/4/2016","3/9/2013","#Unknown!","841.52","222.22","#Unknown!","0:00:00","0:00:00","0.00","0.00","#Unknown!","752.00","222.22","0.68","304.04","#Unknown!"
"12/5/2016","8/29/2013","#Unknown!","1050.65","555.55","#Unknown!","0:00:00","0:00:00","0.00","0.00","#Unknown!","16,865.00","555.55","2.41","305.05","#Unknown!"
"12/6/2016","6/13/2013","#Unknown!","1261.79","333.33","#Unknown!","0:00:00","0:00:00","0.00","0.00","#Unknown!","68,318.00","333.33","1.64","306.06","#Unknown!"
"12/7/2016","8/30/2013","#Unknown!","1474.92","444.44","#Unknown!","0:00:00","0:00:00","0.00","0.00","#Unknown!","31,635.00","444.44","2.42","307.07","#Unknown!"
"12/8/2016","11/25/2013","#Unknown!","1690.07","111.11","#Unknown!","0:00:00","0:00:00","0.00","0.00","#Unknown!","8,870.00","111.11","3.29","308.08","#Unknown!"
"12/9/2016","4/22/2013","#Unknown!","1907.21","222.22","#Unknown!","0:00:00","0:00:00","0.00","0.00","#Unknown!","20,228.00","222.22","1.12","309.09","#Unknown!"
"12/10/2016","7/14/2013","#Unknown!","2126.35","555.55","#Unknown!","0:00:00","0:00:00","0.00","0.00","#Unknown!","8,183.00","555.55","1.95","310.10","#Unknown!"
"12/11/2016","4/7/2013","#Unknown!","2347.50","333.33","#Unknown!","0:00:00","0:00:00","0.00","0.00","#Unknown!","1,500.00","333.33","0.97","311.10","#Unknown!"
"12/1/2016","8/7/2013","#Unknown!","226.13","444.44","#Unknown!","0:00:00","0:00:00","0.00","0.00","#Unknown!","28,789.00","444.44","2.19","301.01","#Unknown!"
"12/2/2016","1/15/2013","#Unknown!","429.25","111.11","#Unknown!","0:00:00","0:00:00","0.00","0.00","#Unknown!","1,054.00","111.11","0.15","302.02","#Unknown!"
"12/3/2016","11/27/2013","#Unknown!","634.38","222.22","#Unknown!","0:00:00","0:00:00","0.00","0.00","#Unknown!","75.00","222.22","3.31","303.03","#Unknown!"
"12/4/2016","5/14/2013","#Unknown!","841.52","555.55","#Unknown!","0:00:00","0:00:00","0.00","0.00","#Unknown!","17,765.00","555.55","1.34","304.04","#Unknown!"
"12/5/2016","1/16/2013","#Unknown!","1050.65","333.33","#Unknown!","0:00:00","0:00:00","0.00","0.00","#Unknown!","6,240.00","333.33","0.16","305.05","#Unknown!"
"12/6/2016","1/17/2013","#Unknown!","1261.79","444.44","#Unknown!","0:00:00","0:00:00","0.00","0.00","#Unknown!","1,566.00","444.44","0.17","306.06","#Unknown!"
"12/7/2016","2/23/2013","#Unknown!","1474.92","111.11","#Unknown!","0:00:00","0:00:00","0.00","0.00","#Unknown!","7,104.00","111.11","0.54","307.07","#Unknown!"
"12/8/2016","3/22/2013","#Unknown!","1690.07","222.22","#Unknown!","0:00:00","0:00:00","0.00","0.00","#Unknown!","17,456.00","222.22","0.81","308.08","#Unknown!"
"12/9/2016","4/24/2013","#Unknown!","1907.21","555.55","#Unknown!","0:00:00","0:00:00","0.00","0.00","#Unknown!","10,646.00","555.55","1.14","309.09","#Unknown!"
"12/10/2016","7/15/2013","#Unknown!","2126.35","333.33","#Unknown!","0:00:00","0:00:00","0.00","0.00","#Unknown!","6,459.00","333.33","1.96","310.10","#Unknown!"
"12/11/2016","1/18/2013","#Unknown!","2347.50","444.44","#Unknown!","0:00:00","0:00:00","0.00","0.00","#Unknown!","5,250.00","444.44","0.18","311.10","#Unknown!"
"12/1/2016","10/8/2013","#Unknown!","226.13","111.11","#Unknown!","0:00:00","0:00:00","0.00","0.00","#Unknown!","7,518.00","111.11","2.81","301.01","#Unknown!"
"12/2/2016","8/8/2013","#Unknown!","429.25","222.22","#Unknown!","0:00:00","0:00:00","0.00","0.00","#Unknown!","7,764.00","222.22","2.20","302.02","#Unknown!"
"12/3/2016","1/19/2013","#Unknown!","634.38","555.55","#Unknown!","0:00:00","0:00:00","0.00","0.00","#Unknown!","5,139.00","555.55","0.19","303.03","#Unknown!"
"12/4/2016","2/27/2013","#Unknown!","841.52","333.33","#Unknown!","0:00:00","0:00:00","0.00","0.00","#Unknown!","717.00","333.33","0.58","304.04","#Unknown!"
"12/5/2016","10/9/2013","#Unknown!","1050.65","444.44","#Unknown!","0:00:00","0:00:00","0.00","0.00","#Unknown!","13,879.00","444.44","2.82","305.05","#Unknown!"
"12/6/2016","10/10/2013","#Unknown!","1261.79","111.11","#Unknown!","0:00:00","0:00:00","0.00","0.00","#Unknown!","10,209.00","111.11","2.83","306.06","#Unknown!"
"12/7/2016","1/20/2013","#Unknown!","1474.92","222.22","#Unknown!","0:00:00","0:00:00","0.00","0.00","#Unknown!","2,990.00","222.22","0.20","307.07","#Unknown!"
"12/8/2016","4/25/2013","#Unknown!","1690.07","555.55","#Unknown!","0:00:00","0:00:00","0.00","0.00","#Unknown!","6,520.00","555.55","1.15","308.08","#Unknown!"
"12/9/2016","11/18/2013","#Unknown!","1907.21","333.33","#Unknown!","0:00:00","0:00:00","0.00","0.00","#Unknown!","12,243.00","333.33","3.22","309.09","#Unknown!"
"12/10/2016","1/21/2013","#Unknown!","2126.35","444.44","#Unknown!","0:00:00","0:00:00","0.00","0.00","#Unknown!","3,279.00","444.44","0.21","310.10","#Unknown!"
"12/11/2016","7/13/2013","#Unknown!","2347.50","111.11","#Unknown!","0:00:00","0:00:00","0.00","0.00","#Unknown!","60,879.00","111.11","1.94","311.10","#Unknown!"
"12/1/2016","3/30/2013","#Unknown!","226.13","222.22","#Unknown!","0:00:00","0:00:00","0.00","0.00","#Unknown!","337.00","222.22","0.89","301.01","#Unknown!"
"12/2/2016","4/4/2013","#Unknown!","429.25","555.55","#Unknown!","0:00:00","0:00:00","0.00","0.00","#Unknown!","706.00","555.55","0.94","302.02","#Unknown!"
"12/3/2016","8/31/2013","#Unknown!","634.38","333.33","#Unknown!","0:00:00","0:00:00","0.00","0.00","#Unknown!","22,157.00","333.33","2.43","303.03","#Unknown!"
"12/4/2016","2/25/2013","#Unknown!","841.52","444.44","#Unknown!","0:00:00","0:00:00","0.00","0.00","#Unknown!","2,032.00","444.44","0.56","304.04","#Unknown!"
"12/5/2016","10/11/2013","#Unknown!","1050.65","111.11","#Unknown!","0:00:00","0:00:00","0.00","0.00","#Unknown!","10,791.00","111.11","2.84","305.05","#Unknown!"
"12/6/2016","5/15/2013","#Unknown!","1261.79","222.22","#Unknown!","0:00:00","0:00:00","0.00","0.00","#Unknown!","17,346.00","222.22","1.35","306.06","#Unknown!"
"12/7/2016","5/16/2013","#Unknown!","1474.92","555.55","#Unknown!","0:00:00","0:00:00","0.00","0.00","#Unknown!","2,481.00","555.55","1.36","307.07","#Unknown!"
"12/8/2016","6/21/2013","#Unknown!","1690.07","333.33","#Unknown!","0:00:00","0:00:00","0.00","0.00","#Unknown!","13,547.00","333.33","1.72","308.08","#Unknown!"
"12/9/2016","1/22/2013","#Unknown!","1907.21","444.44","#Unknown!","0:00:00","0:00:00","0.00","0.00","#Unknown!","39,880.00","444.44","0.22","309.09","#Unknown!"
"12/10/2016","6/22/2013","#Unknown!","2126.35","111.11","#Unknown!","0:00:00","0:00:00","0.00","0.00","#Unknown!","5,911.00","111.11","1.73","310.10","#Unknown!"
"12/11/2016","6/23/2013","#Unknown!","2347.50","222.22","#Unknown!","0:00:00","0:00:00","0.00","0.00","#Unknown!","14,925.00","222.22","1.74","311.10","#Unknown!"
"12/1/2016","4/26/2013","#Unknown!","226.13","555.55","#Unknown!","0:00:00","0:00:00","0.00","0.00","#Unknown!","4,382.00","555.55","1.16","301.01","#Unknown!"
"12/2/2016","6/24/2013","#Unknown!","429.25","333.33","#Unknown!","0:00:00","0:00:00","0.00","0.00","#Unknown!","19,063.00","333.33","1.75","302.02","#Unknown!"
"12/3/2016","9/1/2013","#Unknown!","634.38","444.44","#Unknown!","0:00:00","0:00:00","0.00","0.00","#Unknown!","10,293.00","444.44","2.44","303.03","#Unknown!"
"12/4/2016","1/23/2013","#Unknown!","841.52","111.11","#Unknown!","0:00:00","0:00:00","0.00","0.00","#Unknown!","2,180.00","111.11","0.23","304.04","#Unknown!"
"12/5/2016","8/9/2013","#Unknown!","1050.65","222.22","#Unknown!","0:00:00","0:00:00","0.00","0.00","#Unknown!","13,175.00","222.22","2.21","305.05","#Unknown!"
"12/6/2016","10/17/2013","#Unknown!","1261.79","555.55","#Unknown!","0:00:00","0:00:00","0.00","0.00","#Unknown!","12,629.00","555.55","2.90","306.06","#Unknown!"
"12/7/2016","10/13/2013","#Unknown!","1474.92","333.33","#Unknown!","0:00:00","0:00:00","0.00","0.00","#Unknown!","10,602.00","333.33","2.86","307.07","#Unknown!"
"12/8/2016","5/17/2013","#Unknown!","1690.07","444.44","#Unknown!","0:00:00","0:00:00","0.00","0.00","#Unknown!","8,055.00","444.44","1.37","308.08","#Unknown!"
"12/9/2016","2/28/2013","#Unknown!","1907.21","111.11","#Unknown!","0:00:00","0:00:00","0.00","0.00","#Unknown!","3,091.00","111.11","0.59","309.09","#Unknown!"
"12/10/2016","7/16/2013","#Unknown!","2126.35","222.22","#Unknown!","0:00:00","0:00:00","0.00","0.00","#Unknown!","76,377.00","222.22","1.97","310.10","#Unknown!"
"12/11/2016","3/2/2013","#Unknown!","2347.50","555.55","#Unknown!","0:00:00","0:00:00","0.00","0.00","#Unknown!","5,943.00","555.55","0.61","311.10","#Unknown!"
"12/1/2016","5/18/2013","#Unknown!","226.13","333.33","#Unknown!","0:00:00","0:00:00","0.00","0.00","#Unknown!","10,970.00","333.33","1.38","301.01","#Unknown!"
"12/2/2016","3/3/2013","#Unknown!","429.25","444.44","#Unknown!","0:00:00","0:00:00","0.00","0.00","#Unknown!","5,025.00","444.44","0.62","302.02","#Unknown!"
"12/3/2016","4/27/2013","#Unknown!","634.38","111.11","#Unknown!","0:00:00","0:00:00","0.00","0.00","#Unknown!","40,759.00","111.11","1.17","303.03","#Unknown!"
"12/4/2016","1/24/2013","#Unknown!","841.52","222.22","#Unknown!","0:00:00","0:00:00","0.00","0.00","#Unknown!","1,851.00","222.22","0.24","304.04","#Unknown!"
"12/5/2016","10/23/2013","#Unknown!","1050.65","555.55","#Unknown!","0:00:00","0:00:00","0.00","0.00","#Unknown!","31,394.00","555.55","2.96","305.05","#Unknown!"
"12/6/2016","3/27/2013","#Unknown!","1261.79","333.33","#Unknown!","0:00:00","0:00:00","0.00","0.00","#Unknown!","711.00","333.33","0.86","306.06","#Unknown!"
"12/7/2016","7/2/2013","#Unknown!","1474.92","444.44","#Unknown!","0:00:00","0:00:00","0.00","0.00","#Unknown!","6,362.00","444.44","1.83","307.07","#Unknown!"
"12/8/2016","4/28/2013","#Unknown!","1690.07","111.11","#Unknown!","0:00:00","0:00:00","0.00","0.00","#Unknown!","8,924.00","111.11","1.18","308.08","#Unknown!"
"12/9/2016","2/16/2013","#Unknown!","1907.21","222.22","#Unknown!","0:00:00","0:00:00","0.00","0.00","#Unknown!","15,784.00","222.22","0.47","309.09","#Unknown!"
"12/10/2016","7/19/2013","#Unknown!","2126.35","555.55","#Unknown!","0:00:00","0:00:00","0.00","0.00","#Unknown!","106,519.00","555.55","2.00","310.10","#Unknown!"
"12/11/2016","1/25/2013","#Unknown!","2347.50","333.33","#Unknown!","0:00:00","0:00:00","0.00","0.00","#Unknown!","21,103.00","333.33","0.25","311.10","#Unknown!"
"12/1/2016","4/29/2013","#Unknown!","226.13","444.44","#Unknown!","0:00:00","0:00:00","0.00","0.00","#Unknown!","10,086.00","444.44","1.19","301.01","#Unknown!"
"12/2/2016","7/29/2013","#Unknown!","429.25","111.11","#Unknown!","0:00:00","0:00:00","0.00","0.00","#Unknown!","90,329.00","111.11","2.10","302.02","#Unknown!"
"12/3/2016","8/10/2013","#Unknown!","634.38","222.22","#Unknown!","0:00:00","0:00:00","0.00","0.00","#Unknown!","11,596.00","222.22","2.22","303.03","#Unknown!"
"12/4/2016","9/19/2013","#Unknown!","841.52","555.55","#Unknown!","0:00:00","0:00:00","0.00","0.00","#Unknown!","59,450.00","555.55","2.62","304.04","#Unknown!"
"12/5/2016","8/11/2013","#Unknown!","1050.65","333.33","#Unknown!","0:00:00","0:00:00","0.00","0.00","#Unknown!","5,136.00","333.33","2.23","305.05","#Unknown!"
"12/6/2016","9/2/2013","#Unknown!","1261.79","444.44","#Unknown!","0:00:00","0:00:00","0.00","0.00","#Unknown!","23,184.00","444.44","2.45","306.06","#Unknown!"
"12/7/2016","8/12/2013","#Unknown!","1474.92","111.11","#Unknown!","0:00:00","0:00:00","0.00","0.00","#Unknown!","19,808.00","111.11","2.24","307.07","#Unknown!"
"12/8/2016","12/3/2013","#Unknown!","1690.07","222.22","#Unknown!","0:00:00","0:00:00","0.00","0.00","#Unknown!","4,907.00","222.22","3.37","308.08","#Unknown!"
"12/9/2016","6/25/2013","#Unknown!","1907.21","555.55","#Unknown!","0:00:00","0:00:00","0.00","0.00","#Unknown!","38,499.00","555.55","1.76","309.09","#Unknown!"
"12/10/2016","9/3/2013","#Unknown!","2126.35","333.33","#Unknown!","0:00:00","0:00:00","0.00","0.00","#Unknown!","25,132.00","333.33","2.46","310.10","#Unknown!"
"12/11/2016","11/19/2013","#Unknown!","2347.50","444.44","#Unknown!","0:00:00","0:00:00","0.00","0.00","#Unknown!","14,006.00","444.44","3.23","311.10","#Unknown!"
"12/1/2016","12/4/2013","#Unknown!","226.13","111.11","#Unknown!","0:00:00","0:00:00","0.00","0.00","#Unknown!","6,045.00","111.11","3.38","301.01","#Unknown!"
"12/2/2016","6/26/2013","#Unknown!","429.25","222.22","#Unknown!","0:00:00","0:00:00","0.00","0.00","#Unknown!","10,106.00","222.22","1.77","302.02","#Unknown!"
"12/3/2016","9/4/2013","#Unknown!","634.38","555.55","#Unknown!","0:00:00","0:00:00","0.00","0.00","#Unknown!","12,024.00","555.55","2.47","303.03","#Unknown!"
"12/4/2016","9/24/2013","#Unknown!","841.52","333.33","#Unknown!","0:00:00","0:00:00","0.00","0.00","#Unknown!","56,173.00","333.33","2.67","304.04","#Unknown!"
"12/5/2016","9/5/2013","#Unknown!","1050.65","444.44","#Unknown!","0:00:00","0:00:00","0.00","0.00","#Unknown!","12,752.00","444.44","2.48","305.05","#Unknown!"
"12/6/2016","9/26/2013","#Unknown!","1261.79","111.11","#Unknown!","0:00:00","0:00:00","0.00","0.00","#Unknown!","26,983.00","111.11","2.69","306.06","#Unknown!"
"12/7/2016","6/27/2013","#Unknown!","1474.92","222.22","#Unknown!","0:00:00","0:00:00","0.00","0.00","#Unknown!","5,839.00","222.22","1.78","307.07","#Unknown!"
"12/8/2016","7/20/2013","#Unknown!","1690.07","555.55","#Unknown!","0:00:00","0:00:00","0.00","0.00","#Unknown!","6,338.00","555.55","2.01","308.08","#Unknown!"
"12/9/2016","7/17/2013","#Unknown!","1907.21","333.33","#Unknown!","0:00:00","0:00:00","0.00","0.00","#Unknown!","47,255.00","333.33","1.98","309.09","#Unknown!"
"12/10/2016","10/12/2013","#Unknown!","2126.35","444.44","#Unknown!","0:00:00","0:00:00","0.00","0.00","#Unknown!","23,116.00","444.44","2.85","310.10","#Unknown!"
"12/11/2016","3/4/2013","#Unknown!","2347.50","111.11","#Unknown!","0:00:00","0:00:00","0.00","0.00","#Unknown!","521.00","111.11","0.63","311.10","#Unknown!"
"12/1/2016","8/13/2013","#Unknown!","226.13","222.22","#Unknown!","0:00:00","0:00:00","0.00","0.00","#Unknown!","8,987.00","222.22","2.25","301.01","#Unknown!"
"12/2/2016","6/28/2013","#Unknown!","429.25","555.55","#Unknown!","0:00:00","0:00:00","0.00","0.00","#Unknown!","27,999.00","555.55","1.79","302.02","#Unknown!"
"12/3/2016","5/19/2013","#Unknown!","634.38","333.33","#Unknown!","0:00:00","0:00:00","0.00","0.00","#Unknown!","13,261.00","333.33","1.39","303.03","#Unknown!"
"12/4/2016","9/6/2013","#Unknown!","841.52","444.44","#Unknown!","0:00:00","0:00:00","0.00","0.00","#Unknown!","7,891.00","444.44","2.49","304.04","#Unknown!"
"12/5/2016","5/20/2013","#Unknown!","1050.65","111.11","#Unknown!","0:00:00","0:00:00","0.00","0.00","#Unknown!","3,190.00","111.11","1.40","305.05","#Unknown!"
"12/6/2016","9/29/2013","#Unknown!","1261.79","222.22","#Unknown!","0:00:00","0:00:00","0.00","0.00","#Unknown!","27,003.00","222.22","2.72","306.06","#Unknown!"
"12/7/2016","4/5/2013","#Unknown!","1474.92","555.55","#Unknown!","0:00:00","0:00:00","0.00","0.00","#Unknown!","121.00","555.55","0.95","307.07","#Unknown!"
"12/8/2016","1/26/2013","#Unknown!","1690.07","333.33","#Unknown!","0:00:00","0:00:00","0.00","0.00","#Unknown!","8,560.00","333.33","0.26","308.08","#Unknown!"
"12/9/2016","4/6/2013","#Unknown!","1907.21","444.44","#Unknown!","0:00:00","0:00:00","0.00","0.00","#Unknown!","8,437.00","444.44","0.96","309.09","#Unknown!"
"12/10/2016","3/6/2013","#Unknown!","2126.35","111.11","#Unknown!","0:00:00","0:00:00","0.00","0.00","#Unknown!","961.00","111.11","0.65","310.10","#Unknown!"
"12/11/2016","2/9/2013","#Unknown!","2347.50","222.22","#Unknown!","0:00:00","0:00:00","0.00","0.00","#Unknown!","838.00","222.22","0.40","311.10","#Unknown!"
"12/1/2016","3/15/2013","#Unknown!","226.13","555.55","#Unknown!","0:00:00","0:00:00","0.00","0.00","#Unknown!","167.00","555.55","0.74","301.01","#Unknown!"
"12/2/2016","8/1/2013","#Unknown!","429.25","333.33","#Unknown!","0:00:00","0:00:00","0.00","0.00","#Unknown!","3,410.00","333.33","2.13","302.02","#Unknown!"
"12/3/2016","11/7/2013","#Unknown!","634.38","444.44","#Unknown!","0:00:00","0:00:00","0.00","0.00","#Unknown!","10,172.00","444.44","3.11","303.03","#Unknown!"
"12/4/2016","6/29/2013","#Unknown!","841.52","111.11","#Unknown!","0:00:00","0:00:00","0.00","0.00","#Unknown!","33,006.00","111.11","1.80","304.04","#Unknown!"
"12/5/2016","10/31/2013","#Unknown!","1050.65","222.22","#Unknown!","0:00:00","0:00:00","0.00","0.00","#Unknown!","28,886.00","222.22","3.04","305.05","#Unknown!"
"12/6/2016","3/1/2013","#Unknown!","1261.79","555.55","#Unknown!","0:00:00","0:00:00","0.00","0.00","#Unknown!","228.00","555.55","0.60","306.06","#Unknown!"
"12/7/2016","12/5/2013","#Unknown!","1474.92","333.33","#Unknown!","0:00:00","0:00:00","0.00","0.00","#Unknown!","95,072.00","333.33","3.39","307.07","#Unknown!"
"12/8/2016","5/21/2013","#Unknown!","1690.07","444.44","#Unknown!","0:00:00","0:00:00","0.00","0.00","#Unknown!","999.00","444.44","1.41","308.08","#Unknown!"
"12/9/2016","3/5/2013","#Unknown!","1907.21","111.11","#Unknown!","0:00:00","0:00:00","0.00","0.00","#Unknown!","1,509.00","111.11","0.64","309.09","#Unknown!"
"12/10/2016","4/8/2013","#Unknown!","2126.35","222.22","#Unknown!","0:00:00","0:00:00","0.00","0.00","#Unknown!","990.00","222.22","0.98","310.10","#Unknown!"
"12/11/2016","8/15/2013","#Unknown!","2347.50","555.55","#Unknown!","0:00:00","0:00:00","0.00","0.00","#Unknown!","6,666.00","555.55","2.27","311.10","#Unknown!"
"12/1/2016","8/14/2013","#Unknown!","226.13","333.33","#Unknown!","0:00:00","0:00:00","0.00","0.00","#Unknown!","17,416.00","333.33","2.26","301.01","#Unknown!"
"12/2/2016","10/26/2013","#Unknown!","429.25","444.44","#Unknown!","0:00:00","0:00:00","0.00","0.00","#Unknown!","85,146.00","444.44","2.99","302.02","#Unknown!"
"12/3/2016","9/7/2013","#Unknown!","634.38","111.11","#Unknown!","0:00:00","0:00:00","0.00","0.00","#Unknown!","11,227.00","111.11","2.50","303.03","#Unknown!"
"12/4/2016","3/7/2013","#Unknown!","841.52","222.22","#Unknown!","0:00:00","0:00:00","0.00","0.00","#Unknown!","13,708.00","222.22","0.66","304.04","#Unknown!"
"12/5/2016","7/18/2013","#Unknown!","1050.65","555.55","#Unknown!","0:00:00","0:00:00","0.00","0.00","#Unknown!","28,352.00","555.55","1.99","305.05","#Unknown!"
"12/6/2016","12/7/2013","#Unknown!","1261.79","333.33","#Unknown!","0:00:00","0:00:00","0.00","0.00","#Unknown!","28,712.00","333.33","3.41","306.06","#Unknown!"
"12/7/2016","5/24/2013","#Unknown!","1474.92","444.44","#Unknown!","0:00:00","0:00:00","0.00","0.00","#Unknown!","4,680.00","444.44","1.44","307.07","#Unknown!"
"12/8/2016","7/21/2013","#Unknown!","1690.07","111.11","#Unknown!","0:00:00","0:00:00","0.00","0.00","#Unknown!","14,892.00","111.11","2.02","308.08","#Unknown!"
"12/9/2016","1/27/2013","#Unknown!","1907.21","222.22","#Unknown!","0:00:00","0:00:00","0.00","0.00","#Unknown!","28,549.00","222.22","0.27","309.09","#Unknown!"
"12/10/2016","5/22/2013","#Unknown!","2126.35","555.55","#Unknown!","0:00:00","0:00:00","0.00","0.00","#Unknown!","14,155.00","555.55","1.42","310.10","#Unknown!"
"12/11/2016","5/23/2013","#Unknown!","2347.50","333.33","#Unknown!","0:00:00","0:00:00","0.00","0.00","#Unknown!","15,707.00","333.33","1.43","311.10","#Unknown!"
"12/1/2016","4/9/2013","#Unknown!","226.13","444.44","#Unknown!","0:00:00","0:00:00","0.00","0.00","#Unknown!","3,032.00","444.44","0.99","301.01","#Unknown!"
"12/2/2016","12/9/2013","#Unknown!","429.25","111.11","#Unknown!","0:00:00","0:00:00","0.00","0.00","#Unknown!","19,031.00","111.11","3.43","302.02","#Unknown!"
"12/3/2016","9/8/2013","#Unknown!","634.38","222.22","#Unknown!","0:00:00","0:00:00","0.00","0.00","#Unknown!","10,506.00","222.22","2.51","303.03","#Unknown!"
"12/4/2016","9/9/2013","#Unknown!","841.52","555.55","#Unknown!","0:00:00","0:00:00","0.00","0.00","#Unknown!","28,602.00","555.55","2.52","304.04","#Unknown!"
"12/5/2016","11/8/2013","#Unknown!","1050.65","333.33","#Unknown!","0:00:00","0:00:00","0.00","0.00","#Unknown!","4,527.00","333.33","3.12","305.05","#Unknown!"
"12/6/2016","1/28/2013","#Unknown!","1261.79","444.44","#Unknown!","0:00:00","0:00:00","0.00","0.00","#Unknown!","1,902.00","444.44","0.28","306.06","#Unknown!"
"12/7/2016","4/10/2013","#Unknown!","1474.92","111.11","#Unknown!","0:00:00","0:00:00","0.00","0.00","#Unknown!","7,839.00","111.11","1.00","307.07","#Unknown!"
"12/8/2016","11/20/2013","#Unknown!","1690.07","222.22","#Unknown!","0:00:00","0:00:00","0.00","0.00","#Unknown!","5,890.00","222.22","3.24","308.08","#Unknown!"
"12/9/2016","3/10/2013","#Unknown!","1907.21","555.55","#Unknown!","0:00:00","0:00:00","0.00","0.00","#Unknown!","1,612.00","555.55","0.69","309.09","#Unknown!"
"12/10/2016","5/25/2013","#Unknown!","2126.35","333.33","#Unknown!","0:00:00","0:00:00","0.00","0.00","#Unknown!","13,709.00","333.33","1.45","310.10","#Unknown!"
"12/11/2016","1/29/2013","#Unknown!","2347.50","444.44","#Unknown!","0:00:00","0:00:00","0.00","0.00","#Unknown!","12,140.00","444.44","0.29","311.10","#Unknown!"
"12/1/2016","6/11/2013","#Unknown!","226.13","111.11","#Unknown!","0:00:00","0:00:00","0.00","0.00","#Unknown!","4,806.00","111.11","1.62","301.01","#Unknown!"
"12/2/2016","8/17/2013","#Unknown!","429.25","222.22","#Unknown!","0:00:00","0:00:00","0.00","0.00","#Unknown!","51,251.00","222.22","2.29","302.02","#Unknown!"
"12/3/2016","1/2/2013","#Unknown!","634.38","555.55","#Unknown!","0:00:00","0:00:00","0.00","0.00","#Unknown!","1,321.00","555.55","0.02","303.03","#Unknown!"
"12/4/2016","10/15/2013","#Unknown!","841.52","333.33","#Unknown!","0:00:00","0:00:00","0.00","0.00","#Unknown!","17,837.00","333.33","2.88","304.04","#Unknown!"
"12/5/2016","4/30/2013","#Unknown!","1050.65","444.44","#Unknown!","0:00:00","0:00:00","0.00","0.00","#Unknown!","11,497.00","444.44","1.20","305.05","#Unknown!"
"12/6/2016","2/26/2013","#Unknown!","1261.79","111.11","#Unknown!","0:00:00","0:00:00","0.00","0.00","#Unknown!","847.00","111.11","0.57","306.06","#Unknown!"
"12/7/2016","4/11/2013","#Unknown!","1474.92","222.22","#Unknown!","0:00:00","0:00:00","0.00","0.00","#Unknown!","1,234.00","222.22","1.01","307.07","#Unknown!"
"12/8/2016","3/25/2013","#Unknown!","1690.07","555.55","#Unknown!","0:00:00","0:00:00","0.00","0.00","#Unknown!","1,682.00","555.55","0.84","308.08","#Unknown!"
"12/9/2016","2/17/2013","#Unknown!","1907.21","333.33","#Unknown!","0:00:00","0:00:00","0.00","0.00","#Unknown!","44,737.00","333.33","0.48","309.09","#Unknown!"
"12/10/2016","1/30/2013","#Unknown!","2126.35","444.44","#Unknown!","0:00:00","0:00:00","0.00","0.00","#Unknown!","648.00","444.44","0.30","310.10","#Unknown!"
"12/11/2016","12/8/2013","#Unknown!","2347.50","111.11","#Unknown!","0:00:00","0:00:00","0.00","0.00","#Unknown!","8,264.00","111.11","3.42","311.10","#Unknown!"
"12/1/2016","10/16/2013","#Unknown!","226.13","222.22","#Unknown!","0:00:00","0:00:00","0.00","0.00","#Unknown!","56,468.00","222.22","2.89","301.01","#Unknown!"
"12/2/2016","10/18/2013","#Unknown!","429.25","555.55","#Unknown!","0:00:00","0:00:00","0.00","0.00","#Unknown!","2,820.00","555.55","2.91","302.02","#Unknown!"
"12/3/2016","5/26/2013","#Unknown!","634.38","333.33","#Unknown!","0:00:00","0:00:00","0.00","0.00","#Unknown!","3,413.00","333.33","1.46","303.03","#Unknown!"
"12/4/2016","11/21/2013","#Unknown!","841.52","444.44","#Unknown!","0:00:00","0:00:00","0.00","0.00","#Unknown!","2,942.00","444.44","3.25","304.04","#Unknown!"
"12/5/2016","9/25/2013","#Unknown!","1050.65","111.11","#Unknown!","0:00:00","0:00:00","0.00","0.00","#Unknown!","92,271.00","111.11","2.68","305.05","#Unknown!"
"12/6/2016","10/19/2013","#Unknown!","1261.79","222.22","#Unknown!","0:00:00","0:00:00","0.00","0.00","#Unknown!","32,112.00","222.22","2.92","306.06","#Unknown!"
"12/7/2016","12/10/2013","#Unknown!","1474.92","555.55","#Unknown!","0:00:00","0:00:00","0.00","0.00","#Unknown!","13,383.00","555.55","3.44","307.07","#Unknown!"
"12/8/2016","7/22/2013","#Unknown!","1690.07","333.33","#Unknown!","0:00:00","0:00:00","0.00","0.00","#Unknown!","24,747.00","333.33","2.03","308.08","#Unknown!"
"12/9/2016","12/11/2013","#Unknown!","1907.21","444.44","#Unknown!","0:00:00","0:00:00","0.00","0.00","#Unknown!","11,608.00","444.44","3.45","309.09","#Unknown!"
"12/10/2016","9/22/2013","#Unknown!","2126.35","111.11","#Unknown!","0:00:00","0:00:00","0.00","0.00","#Unknown!","51,755.00","111.11","2.65","310.10","#Unknown!"
"12/11/2016","3/11/2013","#Unknown!","2347.50","222.22","#Unknown!","0:00:00","0:00:00","0.00","0.00","#Unknown!","1,475.00","222.22","0.70","311.10","#Unknown!"
"12/1/2016","12/12/2013","#Unknown!","226.13","555.55","#Unknown!","0:00:00","0:00:00","0.00","0.00","#Unknown!","5,232.00","555.55","3.46","301.01","#Unknown!"
"12/2/2016","10/20/2013","#Unknown!","429.25","333.33","#Unknown!","0:00:00","0:00:00","0.00","0.00","#Unknown!","17,489.00","333.33","2.93","302.02","#Unknown!"
"12/3/2016","8/18/2013","#Unknown!","634.38","444.44","#Unknown!","0:00:00","0:00:00","0.00","0.00","#Unknown!","6,952.00","444.44","2.30","303.03","#Unknown!"
"12/4/2016","4/12/2013","#Unknown!","841.52","111.11","#Unknown!","0:00:00","0:00:00","0.00","0.00","#Unknown!","393.00","111.11","1.02","304.04","#Unknown!"
"12/5/2016","8/19/2013","#Unknown!","1050.65","222.22","#Unknown!","0:00:00","0:00:00","0.00","0.00","#Unknown!","5,856.00","222.22","2.31","305.05","#Unknown!"
"12/6/2016","4/13/2013","#Unknown!","1261.79","555.55","#Unknown!","0:00:00","0:00:00","0.00","0.00","#Unknown!","1,258.00","555.55","1.03","306.06","#Unknown!"
"12/7/2016","1/31/2013","#Unknown!","1474.92","333.33","#Unknown!","0:00:00","0:00:00","0.00","0.00","#Unknown!","1,775.00","333.33","0.31","307.07","#Unknown!"
"12/8/2016","5/27/2013","#Unknown!","1690.07","444.44","#Unknown!","0:00:00","0:00:00","0.00","0.00","#Unknown!","7,973.00","444.44","1.47","308.08","#Unknown!"
"12/9/2016","8/20/2013","#Unknown!","1907.21","111.11","#Unknown!","0:00:00","0:00:00","0.00","0.00","#Unknown!","41,340.00","111.11","2.32","309.09","#Unknown!"
"12/10/2016","8/16/2013","#Unknown!","2126.35","222.22","#Unknown!","0:00:00","0:00:00","0.00","0.00","#Unknown!","8,283.00","222.22","2.28","310.10","#Unknown!"
"12/11/2016","3/12/2013","#Unknown!","2347.50","555.55","#Unknown!","0:00:00","0:00:00","0.00","0.00","#Unknown!","915.00","555.55","0.71","311.10","#Unknown!"
"12/1/2016","11/9/2013","#Unknown!","226.13","333.33","#Unknown!","0:00:00","0:00:00","0.00","0.00","#Unknown!","20,675.00","333.33","3.13","301.01","#Unknown!"
"12/2/2016","7/30/2013","#Unknown!","429.25","444.44","#Unknown!","0:00:00","0:00:00","0.00","0.00","#Unknown!","26,628.00","444.44","2.11","302.02","#Unknown!"
"12/3/2016","3/13/2013","#Unknown!","634.38","111.11","#Unknown!","0:00:00","0:00:00","0.00","0.00","#Unknown!","692.00","111.11","0.72","303.03","#Unknown!"
"12/4/2016","9/10/2013","#Unknown!","841.52","222.22","#Unknown!","0:00:00","0:00:00","0.00","0.00","#Unknown!","18,133.00","222.22","2.53","304.04","#Unknown!"
"12/5/2016","12/13/2013","#Unknown!","1050.65","555.55","#Unknown!","0:00:00","0:00:00","0.00","0.00","#Unknown!","13,722.00","555.55","3.47","305.05","#Unknown!"
"12/6/2016","9/11/2013","#Unknown!","1261.79","333.33","#Unknown!","0:00:00","0:00:00","0.00","0.00","#Unknown!","17,612.00","333.33","2.54","306.06","#Unknown!"
"12/7/2016","3/14/2013","#Unknown!","1474.92","444.44","#Unknown!","0:00:00","0:00:00","0.00","0.00","#Unknown!","3,257.00","444.44","0.73","307.07","#Unknown!"
"12/8/2016","4/14/2013","#Unknown!","1690.07","111.11","#Unknown!","0:00:00","0:00:00","0.00","0.00","#Unknown!","1,893.00","111.11","1.04","308.08","#Unknown!"
"12/9/2016","6/30/2013","#Unknown!","1907.21","222.22","#Unknown!","0:00:00","0:00:00","0.00","0.00","#Unknown!","4,119.00","222.22","1.81","309.09","#Unknown!"
"12/10/2016","5/1/2013","#Unknown!","2126.35","555.55","#Unknown!","0:00:00","0:00:00","0.00","0.00","#Unknown!","7,211.00","555.55","1.21","310.10","#Unknown!"
"12/11/2016","5/28/2013","#Unknown!","2347.50","333.33","#Unknown!","0:00:00","0:00:00","0.00","0.00","#Unknown!","35,608.00","333.33","1.48","311.10","#Unknown!"
"12/1/2016","2/1/2013","#Unknown!","226.13","444.44","#Unknown!","0:00:00","0:00:00","0.00","0.00","#Unknown!","1,771.00","444.44","0.32","301.01","#Unknown!"
"12/2/2016","12/2/2013","#Unknown!","429.25","111.11","#Unknown!","0:00:00","0:00:00","0.00","0.00","#Unknown!","18,165.00","111.11","3.36","302.02","#Unknown!"
"12/3/2016","9/18/2013","#Unknown!","634.38","222.22","#Unknown!","0:00:00","0:00:00","0.00","0.00","#Unknown!","75,754.00","222.22","2.61","303.03","#Unknown!"
"12/4/2016","2/3/2013","#Unknown!","841.52","555.55","#Unknown!","0:00:00","0:00:00","0.00","0.00","#Unknown!","17,514.00","555.55","0.34","304.04","#Unknown!"
"12/5/2016","2/2/2013","#Unknown!","1050.65","333.33","#Unknown!","0:00:00","0:00:00","0.00","0.00","#Unknown!","5,792.00","333.33","0.33","305.05","#Unknown!"
"12/6/2016","7/1/2013","#Unknown!","1261.79","444.44","#Unknown!","0:00:00","0:00:00","0.00","0.00","#Unknown!","9,767.00","444.44","1.82","306.06","#Unknown!"
"12/7/2016","5/29/2013","#Unknown!","1474.92","111.11","#Unknown!","0:00:00","0:00:00","0.00","0.00","#Unknown!","16,719.00","111.11","1.49","307.07","#Unknown!"
"12/8/2016","2/4/2013","#Unknown!","1690.07","222.22","#Unknown!","0:00:00","0:00:00","0.00","0.00","#Unknown!","9,502.00","222.22","0.35","308.08","#Unknown!"
"12/9/2016","5/30/2013","#Unknown!","1907.21","555.55","#Unknown!","0:00:00","0:00:00","0.00","0.00","#Unknown!","11,688.00","555.55","1.50","309.09","#Unknown!"
"12/10/2016","2/15/2013","#Unknown!","2126.35","333.33","#Unknown!","0:00:00","0:00:00","0.00","0.00","#Unknown!","153,060.00","333.33","0.46","310.10","#Unknown!"
"12/11/2016","5/31/2013","#Unknown!","2347.50","444.44","#Unknown!","0:00:00","0:00:00","0.00","0.00","#Unknown!","7,808.00","444.44","1.51","311.10","#Unknown!"
"12/1/2016","3/17/2013","#Unknown!","226.13","111.11","#Unknown!","0:00:00","0:00:00","0.00","0.00","#Unknown!","1,947.00","111.11","0.76","301.01","#Unknown!"
"12/2/2016","9/27/2013","#Unknown!","429.25","222.22","#Unknown!","0:00:00","0:00:00","0.00","0.00","#Unknown!","21,437.00","222.22","2.70","302.02","#Unknown!"
"12/3/2016","9/12/2013","#Unknown!","634.38","555.55","#Unknown!","0:00:00","0:00:00","0.00","0.00","#Unknown!","26,962.00","555.55","2.55","303.03","#Unknown!"
"12/4/2016","7/3/2013","#Unknown!","841.52","333.33","#Unknown!","0:00:00","0:00:00","0.00","0.00","#Unknown!","6,590.00","333.33","1.84","304.04","#Unknown!"
"12/5/2016","6/1/2013","#Unknown!","1050.65","444.44","#Unknown!","0:00:00","0:00:00","0.00","0.00","#Unknown!","9,268.00","444.44","1.52","305.05","#Unknown!"
"12/6/2016","7/4/2013","#Unknown!","1261.79","111.11","#Unknown!","0:00:00","0:00:00","0.00","0.00","#Unknown!","17,659.00","111.11","1.85","306.06","#Unknown!"
"12/7/2016","4/15/2013","#Unknown!","1474.92","222.22","#Unknown!","0:00:00","0:00:00","0.00","0.00","#Unknown!","3,684.00","222.22","1.05","307.07","#Unknown!"
"12/8/2016","6/9/2013","#Unknown!","1690.07","555.55","#Unknown!","0:00:00","0:00:00","0.00","0.00","#Unknown!","8,963.00","555.55","1.60","308.08","#Unknown!"
"12/9/2016","7/31/2013","#Unknown!","1907.21","333.33","#Unknown!","0:00:00","0:00:00","0.00","0.00","#Unknown!","13,787.00","333.33","2.12","309.09","#Unknown!"
"12/10/2016","12/14/2013","#Unknown!","2126.35","444.44","#Unknown!","0:00:00","0:00:00","0.00","0.00","#Unknown!","15,865.00","444.44","3.48","310.10","#Unknown!"
"12/11/2016","12/16/2013","#Unknown!","2347.50","111.11","#Unknown!","0:00:00","0:00:00","0.00","0.00","#Unknown!","55,874.00","111.11","3.50","311.10","#Unknown!"
"12/1/2016","5/2/2013","#Unknown!","226.13","222.22","#Unknown!","0:00:00","0:00:00","0.00","0.00","#Unknown!","8,013.00","222.22","1.22","301.01","#Unknown!"
"12/2/2016","7/23/2013","#Unknown!","429.25","555.55","#Unknown!","0:00:00","0:00:00","0.00","0.00","#Unknown!","28,961.00","555.55","2.04","302.02","#Unknown!"
"12/3/2016","11/10/2013","#Unknown!","634.38","333.33","#Unknown!","0:00:00","0:00:00","0.00","0.00","#Unknown!","3,949.00","333.33","3.14","303.03","#Unknown!"
"12/4/2016","6/12/2013","#Unknown!","841.52","444.44","#Unknown!","0:00:00","0:00:00","0.00","0.00","#Unknown!","485.00","444.44","1.63","304.04","#Unknown!"
"12/5/2016","8/21/2013","#Unknown!","1050.65","111.11","#Unknown!","0:00:00","0:00:00","0.00","0.00","#Unknown!","6,085.00","111.11","2.33","305.05","#Unknown!"
"12/6/2016","5/3/2013","#Unknown!","1261.79","222.22","#Unknown!","0:00:00","0:00:00","0.00","0.00","#Unknown!","8,926.00","222.22","1.23","306.06","#Unknown!"
"12/7/2016","11/23/2013","#Unknown!","1474.92","555.55","#Unknown!","0:00:00","0:00:00","0.00","0.00","#Unknown!","2,003.00","555.55","3.27","307.07","#Unknown!"
"12/8/2016","7/24/2013","#Unknown!","1690.07","333.33","#Unknown!","0:00:00","0:00:00","0.00","0.00","#Unknown!","11,292.00","333.33","2.05","308.08","#Unknown!"
"12/9/2016","3/18/2013","#Unknown!","1907.21","444.44","#Unknown!","0:00:00","0:00:00","0.00","0.00","#Unknown!","327.00","444.44","0.77","309.09","#Unknown!"
"12/10/2016","6/2/2013","#Unknown!","2126.35","111.11","#Unknown!","0:00:00","0:00:00","0.00","0.00","#Unknown!","7,542.00","111.11","1.53","310.10","#Unknown!"
"12/11/2016","6/3/2013","#Unknown!","2347.50","222.22","#Unknown!","0:00:00","0:00:00","0.00","0.00","#Unknown!","13,457.00","222.22","1.54","311.10","#Unknown!"
"12/1/2016","7/25/2013","#Unknown!","226.13","555.55","#Unknown!","0:00:00","0:00:00","0.00","0.00","#Unknown!","24,932.00","555.55","2.06","301.01","#Unknown!"
"12/2/2016","2/5/2013","#Unknown!","429.25","333.33","#Unknown!","0:00:00","0:00:00","0.00","0.00","#Unknown!","1,838.00","333.33","0.36","302.02","#Unknown!"
"12/3/2016","9/13/2013","#Unknown!","634.38","444.44","#Unknown!","0:00:00","0:00:00","0.00","0.00","#Unknown!","24,070.00","444.44","2.56","303.03","#Unknown!"
"12/4/2016","10/25/2013","#Unknown!","841.52","111.11","#Unknown!","0:00:00","0:00:00","0.00","0.00","#Unknown!","60,632.00","111.11","2.98","304.04","#Unknown!"
"12/5/2016","2/6/2013","#Unknown!","1050.65","222.22","#Unknown!","0:00:00","0:00:00","0.00","0.00","#Unknown!","9,872.00","222.22","0.37","305.05","#Unknown!"
"12/6/2016","11/11/2013","#Unknown!","1261.79","555.55","#Unknown!","0:00:00","0:00:00","0.00","0.00","#Unknown!","21,822.00","555.55","3.15","306.06","#Unknown!"
"12/7/2016","2/7/2013","#Unknown!","1474.92","333.33","#Unknown!","0:00:00","0:00:00","0.00","0.00","#Unknown!","5,135.00","333.33","0.38","307.07","#Unknown!"
"12/8/2016","4/16/2013","#Unknown!","1690.07","444.44","#Unknown!","0:00:00","0:00:00","0.00","0.00","#Unknown!","780.00","444.44","1.06","308.08","#Unknown!"
"12/9/2016","2/20/2013","#Unknown!","1907.21","111.11","#Unknown!","0:00:00","0:00:00","0.00","0.00","#Unknown!","538.00","111.11","0.51","309.09","#Unknown!"
"12/10/2016","10/27/2013","#Unknown!","2126.35","222.22","#Unknown!","0:00:00","0:00:00","0.00","0.00","#Unknown!","31,915.00","222.22","3.00","310.10","#Unknown!"
"12/11/2016","7/5/2013","#Unknown!","2347.50","555.55","#Unknown!","0:00:00","0:00:00","0.00","0.00","#Unknown!","12,994.00","555.55","1.86","311.10","#Unknown!"
"12/1/2016","6/4/2013","#Unknown!","226.13","333.33","#Unknown!","0:00:00","0:00:00","0.00","0.00","#Unknown!","16,767.00","333.33","1.55","301.01","#Unknown!"
"12/2/2016","10/30/2013","#Unknown!","429.25","444.44","#Unknown!","0:00:00","0:00:00","0.00","0.00","#Unknown!","27,982.00","444.44","3.03","302.02","#Unknown!"
"12/3/2016","11/24/2013","#Unknown!","634.38","111.11","#Unknown!","0:00:00","0:00:00","0.00","0.00","#Unknown!","2,750.00","111.11","3.28","303.03","#Unknown!"
"12/4/2016","4/17/2013","#Unknown!","841.52","222.22","#Unknown!","0:00:00","0:00:00","0.00","0.00","#Unknown!","848.00","222.22","1.07","304.04","#Unknown!"
"12/5/2016","8/22/2013","#Unknown!","1050.65","555.55","#Unknown!","0:00:00","0:00:00","0.00","0.00","#Unknown!","4,875.00","555.55","2.34","305.05","#Unknown!"
"12/6/2016","6/7/2013","#Unknown!","1261.79","333.33","#Unknown!","0:00:00","0:00:00","0.00","0.00","#Unknown!","7,669.00","333.33","1.58","306.06","#Unknown!"
"12/7/2016","10/21/2013","#Unknown!","1474.92","444.44","#Unknown!","0:00:00","0:00:00","0.00","0.00","#Unknown!","6,916.00","444.44","2.94","307.07","#Unknown!"
"12/8/2016","6/8/2013","#Unknown!","1690.07","111.11","#Unknown!","0:00:00","0:00:00","0.00","0.00","#Unknown!","3,701.00","111.11","1.59","308.08","#Unknown!"
"12/9/2016","8/23/2013","#Unknown!","1907.21","222.22","#Unknown!","0:00:00","0:00:00","0.00","0.00","#Unknown!","4,235.00","222.22","2.35","309.09","#Unknown!"
"12/10/2016","2/10/2013","#Unknown!","2126.35","555.55","#Unknown!","0:00:00","0:00:00","0.00","0.00","#Unknown!","28,391.00","555.55","0.41","310.10","#Unknown!"
"12/11/2016","3/19/2013","#Unknown!","2347.50","333.33","#Unknown!","0:00:00","0:00:00","0.00","0.00","#Unknown!","1,306.00","333.33","0.78","311.10","#Unknown!"
"12/1/2016","11/12/2013","#Unknown!","226.13","444.44","#Unknown!","0:00:00","0:00:00","0.00","0.00","#Unknown!","2,740.00","444.44","3.16","301.01","#Unknown!"
"12/2/2016","6/6/2013","#Unknown!","429.25","111.11","#Unknown!","0:00:00","0:00:00","0.00","0.00","#Unknown!","18,272.00","111.11","1.57","302.02","#Unknown!"
"12/3/2016","2/8/2013","#Unknown!","634.38","222.22","#Unknown!","0:00:00","0:00:00","0.00","0.00","#Unknown!","41,094.00","222.22","0.39","303.03","#Unknown!"
"12/4/2016","7/26/2013","#Unknown!","841.52","555.55","#Unknown!","0:00:00","0:00:00","0.00","0.00","#Unknown!","21,951.00","555.55","2.07","304.04","#Unknown!"
"12/5/2016","1/13/2013","#Unknown!","1050.65","333.33","#Unknown!","0:00:00","0:00:00","0.00","0.00","#Unknown!","1,607.00","333.33","0.13","305.05","#Unknown!"
"12/6/2016","4/23/2013","#Unknown!","1261.79","444.44","#Unknown!","0:00:00","0:00:00","0.00","0.00","#Unknown!","7,277.00","444.44","1.13","306.06","#Unknown!"
"12/7/2016","11/1/2013","#Unknown!","1474.92","111.11","#Unknown!","0:00:00","0:00:00","0.00","0.00","#Unknown!","11,261.00","111.11","3.05","307.07","#Unknown!"
"12/8/2016","12/17/2013","#Unknown!","1690.07","222.22","#Unknown!","0:00:00","0:00:00","0.00","0.00","#Unknown!","15,532.00","222.22","3.51","308.08","#Unknown!"
"12/9/2016","9/14/2013","#Unknown!","1907.21","555.55","#Unknown!","0:00:00","0:00:00","0.00","0.00","#Unknown!","14,618.00","555.55","2.57","309.09","#Unknown!"
"12/10/2016","9/30/2013","#Unknown!","2126.35","333.33","#Unknown!","0:00:00","0:00:00","0.00","0.00","#Unknown!","53,743.00","333.33","2.73","310.10","#Unknown!"
"12/11/2016","2/11/2013","#Unknown!","2347.50","444.44","#Unknown!","0:00:00","0:00:00","0.00","0.00","#Unknown!","1,496.00","444.44","0.42","311.10","#Unknown!"
"12/1/2016","10/22/2013","#Unknown!","226.13","111.11","#Unknown!","0:00:00","0:00:00","0.00","0.00","#Unknown!","14,489.00","111.11","2.95","301.01","#Unknown!"
"12/2/2016","2/12/2013","#Unknown!","429.25","222.22","#Unknown!","0:00:00","0:00:00","0.00","0.00","#Unknown!","14,219.00","222.22","0.43","302.02","#Unknown!"
"12/3/2016","2/13/2013","#Unknown!","634.38","555.55","#Unknown!","0:00:00","0:00:00","0.00","0.00","#Unknown!","2,482.00","555.55","0.44","303.03","#Unknown!"
"12/4/2016","3/20/2013","#Unknown!","841.52","333.33","#Unknown!","0:00:00","0:00:00","0.00","0.00","#Unknown!","7,754.00","333.33","0.79","304.04","#Unknown!"
"12/5/2016","7/27/2013","#Unknown!","1050.65","444.44","#Unknown!","0:00:00","0:00:00","0.00","0.00","#Unknown!","22,325.00","444.44","2.08","305.05","#Unknown!"
"12/6/2016","5/4/2013","#Unknown!","1261.79","111.11","#Unknown!","0:00:00","0:00:00","0.00","0.00","#Unknown!","10,300.00","111.11","1.24","306.06","#Unknown!"
"12/7/2016","7/28/2013","#Unknown!","1474.92","222.22","#Unknown!","0:00:00","0:00:00","0.00","0.00","#Unknown!","21,374.00","222.22","2.09","307.07","#Unknown!"
"12/8/2016","3/21/2013","#Unknown!","1690.07","555.55","#Unknown!","0:00:00","0:00:00","0.00","0.00","#Unknown!","899.00","555.55","0.80","308.08","#Unknown!"
"12/9/2016","9/23/2013","#Unknown!","1907.21","333.33","#Unknown!","0:00:00","0:00:00","0.00","0.00","#Unknown!","17,497.00","333.33","2.66","309.09","#Unknown!"
"12/10/2016","7/6/2013","#Unknown!","2126.35","444.44","#Unknown!","0:00:00","0:00:00","0.00","0.00","#Unknown!","38,120.00","444.44","1.87","310.10","#Unknown!"
"12/11/2016","6/10/2013","#Unknown!","2347.50","111.11","#Unknown!","0:00:00","0:00:00","0.00","0.00","#Unknown!","181,045.00","111.11","1.61","311.10","#Unknown!"
"12/1/2016","2/14/2013","#Unknown!","226.13","222.22","#Unknown!","0:00:00","0:00:00","0.00","0.00","#Unknown!","1,156.00","222.22","0.45","301.01","#Unknown!"
"12/2/2016","9/15/2013","#Unknown!","429.25","555.55","#Unknown!","0:00:00","0:00:00","0.00","0.00","#Unknown!","10,955.00","555.55","2.58","302.02","#Unknown!"
"12/3/2016","11/22/2013","#Unknown!","634.38","333.33","#Unknown!","0:00:00","0:00:00","0.00","0.00","#Unknown!","23,793.00","333.33","3.26","303.03","#Unknown!"
"1/9/2015","7/30/2013","#Unknown!","395.80","222.22","#Unknown!","1:50:24","0:00:00","215.11","92.04","#Unknown!","26,628.00","222.22","2.11","909.09","#Unknown!"
"1/9/2015","8/17/2013","#Unknown!","296.85","222.22","#Unknown!","1:22:48","0:00:00","215.11","69.03","#Unknown!","51,251.00","222.22","2.29","909.09","#Unknown!"
"1/8/2015","1/3/2013","#Unknown!","845.26","333.33","#Unknown!","8:12:00","0:45:00","103.08","410.25","#Unknown!","37,819.00","333.33","0.03","808.08","#Unknown!"
"1/5/2015","2/24/2013","#Unknown!","530.71","222.22","#Unknown!","5:12:00","0:45:00","102.06","260.10","#Unknown!","494.00","222.22","0.55","505.05","#Unknown!"
"1/9/2015","7/8/2013","#Unknown!","957.63","444.44","#Unknown!","9:12:00","0:45:00","104.09","460.37","#Unknown!","33,201.00","444.44","1.89","909.09","#Unknown!"
"1/7/2015","8/2/2013","#Unknown!","756.50","555.55","#Unknown!","7:12:00","0:45:00","105.07","360.36","#Unknown!","16,283.00","555.55","2.14","707.07","#Unknown!"
"1/10/2015","11/4/2013","#Unknown!","1031.22","111.11","#Unknown!","10:12:00","0:45:00","101.10","510.10","#Unknown!","311.00","111.11","3.08","1,010.10","#Unknown!"
"1/8/2015","7/30/2013","#Unknown!","352.78","555.55","#Unknown!","1:38:24","0:00:00","215.11","82.08","#Unknown!","26,628.00","555.55","2.11","808.08","#Unknown!"
"1/8/2015","8/17/2013","#Unknown!","264.58","555.55","#Unknown!","1:13:48","0:00:00","215.11","61.56","#Unknown!","51,251.00","555.55","2.29","808.08","#Unknown!"
"1/8/2015","1/3/2013","#Unknown!","845.26","333.33","#Unknown!","8:12:00","0:45:00","103.08","410.25","#Unknown!","37,819.00","333.33","0.03","808.08","#Unknown!"
"1/5/2015","2/24/2013","#Unknown!","530.71","222.22","#Unknown!","5:12:00","0:45:00","102.06","260.10","#Unknown!","494.00","222.22","0.55","505.05","#Unknown!"
"1/9/2015","7/8/2013","#Unknown!","957.63","444.44","#Unknown!","9:12:00","0:45:00","104.09","460.37","#Unknown!","33,201.00","444.44","1.89","909.09","#Unknown!"
"1/7/2015","8/2/2013","#Unknown!","756.50","555.55","#Unknown!","7:12:00","0:45:00","105.07","360.36","#Unknown!","16,283.00","555.55","2.14","707.07","#Unknown!"
"1/10/2015","11/4/2013","#Unknown!","1031.22","111.11","#Unknown!","10:12:00","0:45:00","101.10","510.10","#Unknown!","311.00","111.11","3.08","1,010.10","#Unknown!"
"1/8/2015","1/3/2013","#Unknown!","845.26","333.33","#Unknown!","8:12:00","0:45:00","103.08","410.25","#Unknown!","37,819.00","333.33","0.03","808.08","#Unknown!"
"1/5/2015","2/24/2013","#Unknown!","530.71","222.22","#Unknown!","5:12:00","0:45:00","102.06","260.10","#Unknown!","494.00","222.22","0.55","505.05","#Unknown!"
"1/9/2015","7/8/2013","#Unknown!","957.63","444.44","#Unknown!","9:12:00","0:45:00","104.09","460.37","#Unknown!","33,201.00","444.44","1.89","909.09","#Unknown!"
"1/7/2015","8/2/2013","#Unknown!","756.50","555.55","#Unknown!","7:12:00","0:45:00","105.07","360.36","#Unknown!","16,283.00","555.55","2.14","707.07","#Unknown!"
"1/10/2015","11/4/2013","#Unknown!","1031.22","111.11","#Unknown!","10:12:00","0:45:00","101.10","510.10","#Unknown!","311.00","111.11","3.08","1,010.10","#Unknown!"
"12/3/2016","1/1/2013","#Unknown!","634.38","555.55","#Unknown!","0:00:00","0:00:00","0.00","0.00","#Unknown!","28,438.00","555.55","0.01","303.03","#Unknown!"
"12/7/2016","7/30/2013","#Unknown!","368.73","333.33","#Unknown!","0:00:00","0:00:00","0.00","0.00","#Unknown!","26,628.00","333.33","2.11","307.07","#Unknown!"
"12/7/2016","8/17/2013","#Unknown!","294.98","333.33","#Unknown!","0:00:00","0:00:00","0.00","0.00","#Unknown!","51,251.00","333.33","2.29","307.07","#Unknown!"
"1/8/2015","1/3/2013","#Unknown!","845.26","333.33","#Unknown!","8:12:00","0:45:00","103.08","410.25","#Unknown!","37,819.00","333.33","0.03","808.08","#Unknown!"
"12/6/2016","1/3/2013","#Unknown!","1261.79","111.11","#Unknown!","0:00:00","0:00:00","0.00","0.00","#Unknown!","37,819.00","111.11","0.03","306.06","#Unknown!"
"12/2/2016","2/18/2013","#Unknown!","429.25","222.22","#Unknown!","0:00:00","0:00:00","0.00","0.00","#Unknown!","8,485.00","222.22","0.49","302.02","#Unknown!"
"1/5/2015","2/24/2013","#Unknown!","530.71","222.22","#Unknown!","5:12:00","0:45:00","102.06","260.10","#Unknown!","494.00","222.22","0.55","505.05","#Unknown!"
"12/4/2016","2/24/2013","#Unknown!","841.52","333.33","#Unknown!","0:00:00","0:00:00","0.00","0.00","#Unknown!","494.00","333.33","0.55","304.04","#Unknown!"
"1/9/2015","7/8/2013","#Unknown!","957.63","444.44","#Unknown!","9:12:00","0:45:00","104.09","460.37","#Unknown!","33,201.00","444.44","1.89","909.09","#Unknown!"
"1/7/2015","8/2/2013","#Unknown!","756.50","555.55","#Unknown!","7:12:00","0:45:00","105.07","360.36","#Unknown!","16,283.00","555.55","2.14","707.07","#Unknown!"
"12/5/2016","8/2/2013","#Unknown!","1050.65","444.44","#Unknown!","0:00:00","0:00:00","0.00","0.00","#Unknown!","16,283.00","444.44","2.14","305.05","#Unknown!"
"1/10/2015","11/4/2013","#Unknown!","1031.22","111.11","#Unknown!","10:12:00","0:45:00","101.10","510.10","#Unknown!","311.00","111.11","3.08","1,010.10","#Unknown!"
