"Abington","Invoice Charges","127.31","1225.25","1.99","2337.64","2102.83","885.37","26.35","790.58","29.50","28.19","1178.66","32.01","8765.68","Payments","101.01","126.03","103.02","149.10","126.09","126.11","126.13","126.15","126.17","124.62","127.78","25.11","1387.32","Credits","1.01","2.02","3.03","4.04","5.05","6.06","7.07","8.08","9.09","10.10","11.11","0.00","66.66","Write Offs","0.00","0.00","0.00","0.00","0.00","0.00","0.00","0.00","0.00","0.00","0.00","0.00","0.00","Refunds","0.00","0.00","0.00","0.00","0.00","0.00","0.00","0.00","0.00","0.00","0.00","0.00","0.00","Transfers","0.00","0.00","0.00","0.00","0.00","0.00","0.00","0.00","0.00","0.00","0.00","0.00","0.00"
"Acton","Invoice Charges","240.28","132.13","3.13","2572.91","2340.64","998.91","25.71","921.65","1643.84","34.70","35.32","33.86","8983.08","Payments","102.01","127.03","105.16","148.96","127.09","127.11","127.13","127.15","127.17","127.19","127.21","25.11","1398.32","Credits","1.01","2.02","3.03","4.04","5.05","6.06","7.07","8.08","9.09","10.10","11.11","0.00","66.66","Write Offs","0.00","0.00","0.00","0.00","0.00","0.00","0.00","0.00","0.00","0.00","0.00","0.00","0.00","Refunds","0.00","0.00","0.00","0.00","0.00","0.00","0.00","0.00","0.00","0.00","0.00","0.00","0.00","Transfers","0.00","0.00","0.00","0.00","0.00","0.00","0.00","0.00","0.00","0.00","0.00","0.00","0.00"
"Acushnet","Invoice Charges","342.89","243.02","4.51","253.38","2575.05","15.83","15.00","1000.70","1868.48","25.14","1639.89","30.84","8014.73","Payments","103.01","128.03","107.54","148.58","128.09","118.89","118.07","147.43","128.17","128.19","128.21","25.11","1409.32","Credits","1.01","2.02","3.03","4.04","5.05","6.06","7.07","8.08","9.09","10.10","11.11","0.00","66.66","Write Offs","0.00","0.00","0.00","0.00","0.00","0.00","0.00","0.00","0.00","0.00","0.00","0.00","0.00","Refunds","0.00","0.00","0.00","0.00","0.00","0.00","0.00","0.00","0.00","0.00","0.00","0.00","0.00","Transfers","0.00","0.00","0.00","0.00","0.00","0.00","0.00","0.00","0.00","0.00","0.00","0.00","0.00"
"Adams","Invoice Charges","670.85","343.65","6.76","179.98","426.34","1380.35","185.12","185.64","2273.52","194.30","2045.14","202.35","8094.00","Payments","104.01","129.03","110.79","147.33","129.09","129.11","129.13","129.15","129.17","129.19","129.21","25.11","1420.32","Credits","1.01","2.02","3.03","4.04","5.05","6.06","7.07","8.08","9.09","10.10","11.11","0.00","66.66","Write Offs","0.00","0.00","0.00","0.00","0.00","0.00","0.00","0.00","0.00","0.00","0.00","0.00","0.00","Refunds","0.00","0.00","0.00","0.00","0.00","0.00","0.00","0.00","0.00","0.00","0.00","0.00","0.00","Transfers","0.00","0.00","0.00","0.00","0.00","0.00","0.00","0.00","0.00","0.00","0.00","0.00","0.00"
"Agawam","Invoice Charges","441.39","665.43","6.87","11.66","478.54","139.93","9.97","1186.65","2341.57","22.80","2110.55","30.41","7445.77","Payments","105.01","130.03","111.90","116.70","161.61","130.11","115.04","145.24","130.17","127.90","132.50","25.11","1431.32","Credits","1.01","2.02","3.03","4.04","5.05","6.06","7.07","8.08","9.09","10.10","11.11","0.00","66.66","Write Offs","0.00","0.00","0.00","0.00","0.00","0.00","0.00","0.00","0.00","0.00","0.00","0.00","0.00","Refunds","0.00","0.00","0.00","0.00","0.00","0.00","0.00","0.00","0.00","0.00","0.00","0.00","0.00","Transfers","0.00","0.00","0.00","0.00","0.00","0.00","0.00","0.00","0.00","0.00","0.00","0.00","0.00"
"Alford","Invoice Charges","0.00","458.90","0.00","388.99","388.35","621.32","392.50","521.67","2966.15","407.90","2737.95","420.83","9304.56","Payments","0.00","0.00","0.00","106.04","0.00","0.00","25.06","0.00","106.09","0.00","0.00","0.00","237.19","Credits","0.00","0.00","3.03","0.00","0.00","0.00","0.00","0.00","0.00","0.00","0.00","0.00","3.03","Write Offs","0.00","0.00","0.00","0.00","0.00","0.00","0.00","0.00","0.00","0.00","0.00","0.00","0.00","Refunds","0.00","0.00","0.00","0.00","0.00","0.00","0.00","0.00","0.00","0.00","0.00","0.00","0.00","Transfers","0.00","0.00","0.00","0.00","0.00","0.00","0.00","0.00","0.00","0.00","0.00","0.00","0.00"
"Amesbury","Invoice Charges","299.41","300.68","300.56","2013.81","2941.98","2373.39","2042.57","2292.74","2309.16","2069.44","4649.87","2097.00","23690.61","Payments","0.00","0.00","107.03","0.00","0.00","25.05","0.00","107.08","0.00","0.00","0.00","25.11","264.27","Credits","0.00","2.02","0.00","0.00","0.00","0.00","0.00","0.00","0.00","0.00","11.11","0.00","13.13","Write Offs","0.00","0.00","0.00","0.00","0.00","0.00","0.00","0.00","0.00","0.00","0.00","0.00","0.00","Refunds","0.00","0.00","0.00","0.00","0.00","0.00","0.00","0.00","0.00","0.00","0.00","0.00","0.00","Transfers","0.00","0.00","0.00","0.00","0.00","0.00","0.00","0.00","0.00","0.00","0.00","0.00","0.00"
"Amherst","Invoice Charges","346.23","1127.05","347.14","357.82","1504.80","1038.86","365.08","709.85","839.69","372.51","622.45","376.45","8007.93","Payments","0.00","108.02","0.00","0.00","25.04","0.00","108.07","0.00","0.00","0.00","25.10","0.00","266.23","Credits","1.01","0.00","0.00","0.00","0.00","0.00","0.00","0.00","0.00","10.10","0.00","0.00","11.11","Write Offs","0.00","0.00","0.00","0.00","0.00","0.00","0.00","0.00","0.00","0.00","0.00","0.00","0.00","Refunds","0.00","0.00","0.00","0.00","0.00","0.00","0.00","0.00","0.00","0.00","0.00","0.00","0.00","Transfers","0.00","0.00","0.00","0.00","0.00","0.00","0.00","0.00","0.00","0.00","0.00","0.00","0.00"
"Andover","Invoice Charges","1436.69","2304.42","1441.78","3081.57","1470.10","1927.76","1483.62","2162.65","1500.67","1504.73","1983.15","1518.52","21815.66","Payments","109.01","0.00","0.00","25.03","0.00","109.06","0.00","0.00","0.00","25.09","109.11","0.00","377.30","Credits","0.00","0.00","0.00","0.00","0.00","0.00","0.00","0.00","9.09","0.00","0.00","0.00","9.09","Write Offs","0.00","0.00","0.00","0.00","0.00","0.00","0.00","0.00","0.00","0.00","0.00","0.00","0.00","Refunds","0.00","0.00","0.00","0.00","0.00","0.00","0.00","0.00","0.00","0.00","0.00","0.00","0.00","Transfers","0.00","0.00","0.00","0.00","0.00","0.00","0.00","0.00","0.00","0.00","0.00","0.00","0.00"
"Aquinnah","Invoice Charges","0.00","976.89","0.00","1857.89","1626.04","18.37","17.85","460.12","941.59","23.55","23.97","23.29","5969.56","Payments","0.00","0.00","0.00","25.02","110.05","0.00","0.00","0.00","25.08","110.10","0.00","0.00","270.25","Credits","0.00","0.00","0.00","0.00","0.00","0.00","0.00","8.08","0.00","0.00","0.00","0.00","8.08","Write Offs","0.00","0.00","0.00","0.00","0.00","0.00","0.00","0.00","0.00","0.00","0.00","0.00","0.00","Refunds","0.00","0.00","0.00","0.00","0.00","0.00","0.00","0.00","0.00","0.00","0.00","0.00","0.00","Transfers","0.00","0.00","0.00","0.00","0.00","0.00","0.00","0.00","0.00","0.00","0.00","0.00","0.00"
"Arlington","Invoice Charges","1189.38","5.05","4.56","2092.73","1862.96","778.42","23.82","24.69","1174.76","28.26","950.47","32.28","8167.38","Payments","0.00","5.05","4.56","126.44","0.00","0.00","0.00","24.69","111.47","0.00","0.00","0.00","272.21","Credits","0.00","0.00","0.00","0.00","0.00","0.00","7.07","0.00","0.00","0.00","0.00","0.00","7.07","Write Offs","0.00","0.00","0.00","0.00","0.00","0.00","0.00","0.00","0.00","0.00","0.00","0.00","0.00","Refunds","0.00","0.00","0.00","0.00","0.00","0.00","0.00","0.00","0.00","0.00","0.00","0.00","0.00","Transfers","0.00","0.00","0.00","0.00","0.00","0.00","0.00","0.00","0.00","0.00","0.00","0.00","0.00"
"Ashburnham","Invoice Charges","131.19","1201.70","0.50","2337.36","2102.30","894.92","26.92","814.95","30.81","29.94","1181.14","34.92","8786.65","Payments","0.00","0.00","112.03","0.00","0.00","0.00","25.06","112.08","0.00","0.00","0.00","0.00","249.17","Credits","0.00","0.00","0.00","0.00","0.00","6.06","0.00","0.00","0.00","0.00","0.00","0.00","6.06","Write Offs","0.00","0.00","0.00","0.00","0.00","0.00","0.00","0.00","0.00","0.00","0.00","0.00","0.00","Refunds","0.00","0.00","0.00","0.00","0.00","0.00","0.00","0.00","0.00","0.00","0.00","0.00","0.00","Transfers","0.00","0.00","0.00","0.00","0.00","0.00","0.00","0.00","0.00","0.00","0.00","0.00","0.00"
"Ashby","Invoice Charges","235.97","130.96","0.47","2571.22","2339.17","1027.80","25.33","905.30","1644.13","35.44","36.77","35.74","8988.30","Payments","0.00","113.02","0.00","0.00","0.00","25.05","113.07","0.00","0.00","0.00","0.00","25.11","276.25","Credits","0.00","0.00","0.00","0.00","5.05","0.00","0.00","0.00","0.00","0.00","0.00","0.00","5.05","Write Offs","0.00","0.00","0.00","0.00","0.00","0.00","0.00","0.00","0.00","0.00","0.00","0.00","0.00","Refunds","0.00","0.00","0.00","0.00","0.00","0.00","0.00","0.00","0.00","0.00","0.00","0.00","0.00","Transfers","0.00","0.00","0.00","0.00","0.00","0.00","0.00","0.00","0.00","0.00","0.00","0.00","0.00"
"Ashfield","Invoice Charges","346.58","232.40","0.89","250.40","2572.57","13.84","12.98","1009.88","1867.75","24.86","1640.29","31.13","8003.57","Payments","114.01","0.00","0.00","0.00","25.04","114.06","0.00","0.00","0.00","0.00","139.21","0.00","392.32","Credits","0.00","0.00","0.00","4.04","0.00","0.00","0.00","0.00","0.00","0.00","0.00","0.00","4.04","Write Offs","0.00","0.00","0.00","0.00","0.00","0.00","0.00","0.00","0.00","0.00","0.00","0.00","0.00","Refunds","0.00","0.00","0.00","0.00","0.00","0.00","0.00","0.00","0.00","0.00","0.00","0.00","0.00","Transfers","0.00","0.00","0.00","0.00","0.00","0.00","0.00","0.00","0.00","0.00","0.00","0.00","0.00"
"Ashland","Invoice Charges","652.22","342.73","2.50","475.41","253.47","1219.86","11.52","11.95","2099.68","20.24","1870.42","27.44","6987.44","Payments","0.00","0.00","0.00","25.03","115.05","0.00","0.00","0.00","0.00","135.34","4.85","0.00","280.27","Credits","0.00","0.00","3.03","0.00","0.00","0.00","0.00","0.00","0.00","0.00","0.00","0.00","3.03","Write Offs","0.00","0.00","0.00","0.00","0.00","0.00","0.00","0.00","0.00","0.00","0.00","0.00","0.00","Refunds","0.00","0.00","0.00","0.00","0.00","0.00","0.00","0.00","0.00","0.00","0.00","0.00","0.00","Transfers","0.00","0.00","0.00","0.00","0.00","0.00","0.00","0.00","0.00","0.00","0.00","0.00","0.00"
"Athol","Invoice Charges","446.23","679.96","1.71","7.37","474.01","132.48","6.57","1196.78","2339.46","20.55","2109.00","29.26","7443.38","Payments","0.00","0.00","1.71","123.41","15.94","0.00","0.00","0.00","141.17","0.00","0.00","0.00","282.23","Credits","0.00","2.02","0.00","0.00","0.00","0.00","0.00","0.00","0.00","0.00","11.11","0.00","13.13","Write Offs","0.00","0.00","0.00","0.00","0.00","0.00","0.00","0.00","0.00","0.00","0.00","0.00","0.00","Refunds","0.00","0.00","0.00","0.00","0.00","0.00","0.00","0.00","0.00","0.00","0.00","0.00","0.00","Transfers","0.00","0.00","0.00","0.00","0.00","0.00","0.00","0.00","0.00","0.00","0.00","0.00","0.00"
"Attleboro","Invoice Charges","0.00","450.64","0.00","923.59","5.06","239.01","6.06","137.54","2575.91","16.65","2344.80","26.32","6725.58","Payments","0.00","25.01","117.03","0.00","0.00","0.00","0.00","142.15","0.00","0.00","0.00","0.00","284.19","Credits","1.01","0.00","0.00","0.00","0.00","0.00","0.00","0.00","0.00","10.10","0.00","0.00","11.11","Write Offs","0.00","0.00","0.00","0.00","0.00","0.00","0.00","0.00","0.00","0.00","0.00","0.00","0.00","Refunds","0.00","0.00","0.00","0.00","0.00","0.00","0.00","0.00","0.00","0.00","0.00","0.00","0.00","Transfers","0.00","0.00","0.00","0.00","0.00","0.00","0.00","0.00","0.00","0.00","0.00","0.00","0.00"
"Auburn","Invoice Charges","772.62","3.28","2.51","1152.89","928.60","361.68","12.75","248.76","261.21","14.28","14.81","14.40","3787.79","Payments","0.00","118.02","0.00","0.00","0.00","0.00","130.82","12.31","0.00","0.00","0.00","0.00","261.15","Credits","0.00","0.00","0.00","0.00","0.00","0.00","0.00","0.00","9.09","0.00","0.00","0.00","9.09","Write Offs","0.00","0.00","0.00","0.00","0.00","0.00","0.00","0.00","0.00","0.00","0.00","0.00","0.00","Refunds","0.00","0.00","0.00","0.00","0.00","0.00","0.00","0.00","0.00","0.00","0.00","0.00","0.00","Transfers","0.00","0.00","0.00","0.00","0.00","0.00","0.00","0.00","0.00","0.00","0.00","0.00","0.00"
"Avon","Invoice Charges","888.53","760.98","2.95","9.43","1156.41","676.83","13.28","360.53","15.28","14.85","262.94","15.50","4177.51","Payments","119.01","0.00","0.00","0.00","0.00","144.11","0.00","0.00","0.00","0.00","119.11","15.50","397.73","Credits","0.00","0.00","0.00","0.00","0.00","0.00","0.00","8.08","0.00","0.00","0.00","0.00","8.08","Write Offs","0.00","0.00","0.00","0.00","0.00","0.00","0.00","0.00","0.00","0.00","0.00","0.00","0.00","Refunds","0.00","0.00","0.00","0.00","0.00","0.00","0.00","0.00","0.00","0.00","0.00","0.00","0.00","Transfers","0.00","0.00","0.00","0.00","0.00","0.00","0.00","0.00","0.00","0.00","0.00","0.00","0.00"
"Ayer","Invoice Charges","968.28","875.67","3.71","1625.70","14.27","469.39","15.67","16.22","16.29","15.83","485.79","17.30","4524.12","Payments","0.00","0.00","0.00","0.00","134.32","10.77","0.00","0.00","0.00","120.10","25.10","0.00","290.29","Credits","0.00","0.00","0.00","0.00","0.00","0.00","7.07","0.00","0.00","0.00","0.00","0.00","7.07","Write Offs","0.00","0.00","0.00","0.00","0.00","0.00","0.00","0.00","0.00","0.00","0.00","0.00","0.00","Refunds","0.00","0.00","0.00","0.00","0.00","0.00","0.00","0.00","0.00","0.00","0.00","0.00","0.00","Transfers","0.00","0.00","0.00","0.00","0.00","0.00","0.00","0.00","0.00","0.00","0.00","0.00","0.00"
"Barnstable","Invoice Charges","0.00","3033.15","0.00","1874.50","1634.06","27.16","26.37","1412.06","954.51","35.71","36.94","35.90","9070.36","Payments","0.00","0.00","0.00","146.07","0.00","0.00","0.00","0.00","121.09","25.09","0.00","0.00","292.25","Credits","0.00","0.00","0.00","0.00","0.00","6.06","0.00","0.00","0.00","0.00","0.00","0.00","6.06","Write Offs","0.00","0.00","0.00","0.00","0.00","0.00","0.00","0.00","0.00","0.00","0.00","0.00","0.00","Refunds","0.00","0.00","0.00","0.00","0.00","0.00","0.00","0.00","0.00","0.00","0.00","0.00","0.00","Transfers","0.00","0.00","0.00","0.00","0.00","0.00","0.00","0.00","0.00","0.00","0.00","0.00","0.00"
"Barre","Invoice Charges","46.82","0.20","0.18","2087.68","8.17","8.45","38.32","8.65","1158.24","12.56","934.19","16.46","4319.92","Payments","0.00","0.00","122.21","24.84","0.00","0.00","0.00","122.08","25.08","0.00","0.00","0.00","294.21","Credits","0.00","0.00","0.00","0.00","5.05","0.00","0.00","0.00","0.00","0.00","0.00","0.00","5.05","Write Offs","0.00","0.00","0.00","0.00","0.00","0.00","0.00","0.00","0.00","0.00","0.00","0.00","0.00","Refunds","0.00","0.00","0.00","0.00","0.00","0.00","0.00","0.00","0.00","0.00","0.00","0.00","0.00","Transfers","0.00","0.00","0.00","0.00","0.00","0.00","0.00","0.00","0.00","0.00","0.00","0.00","0.00"
"Becket","Invoice Charges","62.44","583.02","0.00","4.02","2089.72","10.99","437.34","387.00","13.90","13.51","1164.09","18.35","4784.38","Payments","0.00","148.03","0.00","0.00","0.00","0.00","123.07","25.07","0.00","0.00","0.00","0.00","296.17","Credits","0.00","0.00","0.00","4.04","0.00","0.00","0.00","0.00","0.00","0.00","0.00","0.00","4.04","Write Offs","0.00","0.00","0.00","0.00","0.00","0.00","0.00","0.00","0.00","0.00","0.00","0.00","0.00","Refunds","0.00","0.00","0.00","0.00","0.00","0.00","0.00","0.00","0.00","0.00","0.00","0.00","0.00","Transfers","0.00","0.00","0.00","0.00","0.00","0.00","0.00","0.00","0.00","0.00","0.00","0.00","0.00"
"Bedford","Invoice Charges","384.48","1.11","1.00","2570.76","2339.19","21.95","1628.63","1461.38","1649.02","40.20","41.71","65.01","10204.44","Payments","124.01","0.00","0.00","0.00","0.00","124.06","25.06","0.00","0.00","0.00","124.11","0.00","397.24","Credits","0.00","0.00","3.03","0.00","0.00","0.00","0.00","0.00","0.00","0.00","0.00","0.00","3.03","Write Offs","0.00","0.00","0.00","0.00","0.00","0.00","0.00","0.00","0.00","0.00","0.00","0.00","0.00","Refunds","0.00","0.00","0.00","0.00","0.00","0.00","0.00","0.00","0.00","0.00","0.00","0.00","0.00","Transfers","0.00","0.00","0.00","0.00","0.00","0.00","0.00","0.00","0.00","0.00","0.00","0.00","0.00"
"Belchertown","Invoice Charges","0.00","11.55","0.00","247.61","2570.70","11.48","11.11","59.80","1861.71","18.99","1659.66","25.33","6477.94","Payments","0.00","0.00","0.00","0.00","125.05","11.48","11.11","2.46","0.00","125.10","0.00","25.11","300.31","Credits","0.00","2.02","0.00","0.00","0.00","0.00","0.00","0.00","0.00","0.00","11.11","0.00","13.13","Write Offs","0.00","0.00","0.00","0.00","0.00","0.00","0.00","0.00","0.00","0.00","0.00","0.00","0.00","Refunds","0.00","0.00","0.00","0.00","0.00","0.00","0.00","0.00","0.00","0.00","0.00","0.00","0.00","Transfers","0.00","0.00","0.00","0.00","0.00","0.00","0.00","0.00","0.00","0.00","0.00","0.00","0.00"
"Bellingham","Invoice Charges","1522.11","792.07","5.83","482.76","258.53","12.35","2761.63","24.13","2111.92","58.61","1882.87","39.45","9952.26","Payments","0.00","0.00","0.00","126.04","25.04","0.00","0.00","0.00","126.09","0.00","25.10","0.00","302.27","Credits","1.01","0.00","0.00","0.00","0.00","0.00","0.00","0.00","0.00","10.10","0.00","0.00","11.11","Write Offs","0.00","0.00","0.00","0.00","0.00","0.00","0.00","0.00","0.00","0.00","0.00","0.00","0.00","Refunds","0.00","0.00","0.00","0.00","0.00","0.00","0.00","0.00","0.00","0.00","0.00","0.00","0.00","Transfers","0.00","0.00","0.00","0.00","0.00","0.00","0.00","0.00","0.00","0.00","0.00","0.00","0.00"
"Belmont","Invoice Charges","1319.44","1953.34","5.06","20.87","482.82","15.41","391.96","3535.65","2387.17","40.37","2129.46","49.18","12330.73","Payments","0.00","0.00","127.03","20.87","4.16","0.00","0.00","127.08","0.00","25.09","0.00","0.00","304.23","Credits","0.00","0.00","0.00","0.00","0.00","0.00","0.00","0.00","9.09","0.00","0.00","0.00","9.09","Write Offs","0.00","0.00","0.00","0.00","0.00","0.00","0.00","0.00","0.00","0.00","0.00","0.00","0.00","Refunds","0.00","0.00","0.00","0.00","0.00","0.00","0.00","0.00","0.00","0.00","0.00","0.00","0.00","Transfers","0.00","0.00","0.00","0.00","0.00","0.00","0.00","0.00","0.00","0.00","0.00","0.00","0.00"
"Berkley","Invoice Charges","0.00","1524.79","0.00","932.44","9.47","9.83","808.25","477.41","2584.39","24.79","2353.28","34.56","8759.21","Payments","0.00","128.02","0.00","25.02","0.00","0.00","128.07","0.00","25.08","0.00","0.00","0.00","306.19","Credits","0.00","0.00","0.00","0.00","0.00","0.00","0.00","8.08","0.00","0.00","0.00","0.00","8.08","Write Offs","0.00","0.00","0.00","0.00","0.00","0.00","0.00","0.00","0.00","0.00","0.00","0.00","0.00","Refunds","0.00","0.00","0.00","0.00","0.00","0.00","0.00","0.00","0.00","0.00","0.00","0.00","0.00","Transfers","0.00","0.00","0.00","0.00","0.00","0.00","0.00","0.00","0.00","0.00","0.00","0.00","0.00"
"Berlin","Invoice Charges","944.16","3.46","3.13","1153.53","929.16","12.23","460.97","302.16","262.37","15.44","2585.66","25.59","6697.86","Payments","129.01","3.46","3.13","18.42","0.00","129.06","0.00","25.07","0.00","0.00","129.11","0.00","437.26","Credits","0.00","0.00","0.00","0.00","0.00","0.00","7.07","0.00","0.00","0.00","0.00","0.00","7.07","Write Offs","0.00","0.00","0.00","0.00","0.00","0.00","0.00","0.00","0.00","0.00","0.00","0.00","0.00","Refunds","0.00","0.00","0.00","0.00","0.00","0.00","0.00","0.00","0.00","0.00","0.00","0.00","0.00","Transfers","0.00","0.00","0.00","0.00","0.00","0.00","0.00","0.00","0.00","0.00","0.00","0.00","0.00"
"Bernardston","Invoice Charges","725.73","640.31","2.78","8.27","1155.73","41.19","558.74","295.83","483.75","15.42","262.97","16.03","4206.75","Payments","0.00","0.00","0.00","0.00","130.05","0.00","25.06","0.00","0.00","130.10","0.00","0.00","285.21","Credits","0.00","0.00","0.00","0.00","0.00","6.06","0.00","0.00","0.00","0.00","0.00","0.00","6.06","Write Offs","0.00","0.00","0.00","0.00","0.00","0.00","0.00","0.00","0.00","0.00","0.00","0.00","0.00","Refunds","0.00","0.00","0.00","0.00","0.00","0.00","0.00","0.00","0.00","0.00","0.00","0.00","0.00","Transfers","0.00","0.00","0.00","0.00","0.00","0.00","0.00","0.00","0.00","0.00","0.00","0.00","0.00"
"Beverly","Invoice Charges","1337.81","1198.08","5.13","903.37","45.61","14.24","624.53","918.43","20.75","19.63","278.80","20.85","5387.23","Payments","0.00","0.00","0.00","131.04","0.00","14.24","10.81","0.00","131.09","0.00","0.00","20.85","308.03","Credits","0.00","0.00","0.00","0.00","5.05","0.00","0.00","0.00","0.00","0.00","0.00","0.00","5.05","Write Offs","0.00","0.00","0.00","0.00","0.00","0.00","0.00","0.00","0.00","0.00","0.00","0.00","0.00","Refunds","0.00","0.00","0.00","0.00","0.00","0.00","0.00","0.00","0.00","0.00","0.00","0.00","0.00","Transfers","0.00","0.00","0.00","0.00","0.00","0.00","0.00","0.00","0.00","0.00","0.00","0.00","0.00"
"Billerica","Invoice Charges","0.00","1819.06","0.00","1896.38","1629.20","22.01","21.39","852.64","946.41","28.33","29.40","28.47","7273.29","Payments","0.00","0.00","132.03","0.00","25.04","0.00","0.00","132.08","0.00","0.00","25.10","0.00","314.25","Credits","0.00","0.00","0.00","4.04","0.00","0.00","0.00","0.00","0.00","0.00","0.00","0.00","4.04","Write Offs","0.00","0.00","0.00","0.00","0.00","0.00","0.00","0.00","0.00","0.00","0.00","0.00","0.00","Refunds","0.00","0.00","0.00","0.00","0.00","0.00","0.00","0.00","0.00","0.00","0.00","0.00","0.00","Transfers","0.00","0.00","0.00","0.00","0.00","0.00","0.00","0.00","0.00","0.00","0.00","0.00","0.00"
"Blackstone","Invoice Charges","1480.81","6.28","39.15","2093.57","1864.17","22.56","973.87","26.21","1176.38","30.29","952.46","34.21","8699.96","Payments","0.00","133.02","0.00","25.03","0.00","0.00","133.07","0.00","0.00","25.09","0.00","0.00","316.21","Credits","0.00","0.00","3.03","0.00","0.00","0.00","0.00","0.00","0.00","0.00","0.00","0.00","3.03","Write Offs","2.01","2.02","2.03","2.04","2.05","2.06","2.07","2.08","2.09","2.10","2.11","0.00","22.66","Refunds","0.00","0.00","0.00","0.00","0.00","0.00","0.00","0.00","0.00","0.00","0.00","0.00","0.00","Transfers","0.00","0.00","0.00","0.00","0.00","0.00","0.00","0.00","0.00","0.00","0.00","0.00","0.00"
"Blandford","Invoice Charges","7.66","106.51","0.00","2327.56","2097.05","18.59","69.88","64.38","18.67","18.07","1168.79","22.32","5919.48","Payments","134.01","0.00","0.00","25.02","0.00","134.06","0.00","0.00","18.67","6.41","134.11","0.00","452.28","Credits","0.00","2.02","0.00","0.00","0.00","0.00","0.00","0.00","0.00","0.00","11.11","0.00","13.13","Write Offs","0.00","0.00","0.00","0.00","0.00","0.00","0.00","0.00","0.00","0.00","0.00","0.00","0.00","Refunds","0.00","0.00","0.00","0.00","0.00","0.00","0.00","0.00","0.00","0.00","0.00","0.00","0.00","Transfers","0.00","0.00","0.00","0.00","0.00","0.00","0.00","0.00","0.00","0.00","0.00","0.00","0.00"
"Bolton","Invoice Charges","387.02","212.74","1.48","2572.80","2340.50","22.73","1640.52","1472.31","1650.43","41.57","42.51","41.31","10425.92","Payments","0.00","25.01","0.00","0.00","135.05","0.00","0.00","25.07","0.00","135.10","0.00","0.00","320.23","Credits","1.01","0.00","0.00","0.00","0.00","0.00","0.00","0.00","0.00","10.10","0.00","0.00","11.11","Write Offs","0.00","0.00","0.00","0.00","0.00","0.00","0.00","0.00","0.00","0.00","0.00","0.00","0.00","Refunds","0.00","0.00","0.00","0.00","0.00","0.00","0.00","0.00","0.00","0.00","0.00","0.00","0.00","Transfers","0.00","0.00","0.00","0.00","0.00","0.00","0.00","0.00","0.00","0.00","0.00","0.00","0.00"
"Boston","Invoice Charges","862.48","596.62","3.31","256.03","2576.14","17.66","17.16","2497.37","1878.30","34.52","1650.30","41.44","10431.33","Payments","0.00","0.00","0.00","136.04","0.00","0.00","17.16","7.90","136.09","0.00","0.00","0.00","297.19","Credits","0.00","0.00","0.00","0.00","0.00","0.00","0.00","0.00","9.09","0.00","0.00","0.00","9.09","Write Offs","0.00","0.00","0.00","0.00","0.00","0.00","0.00","0.00","0.00","0.00","0.00","0.00","0.00","Refunds","0.00","0.00","0.00","0.00","0.00","0.00","0.00","0.00","0.00","0.00","0.00","0.00","0.00","Transfers","0.00","0.00","0.00","0.00","0.00","0.00","0.00","0.00","0.00","0.00","0.00","0.00","0.00"
"Bourne","Invoice Charges","1974.18","1027.31","7.57","486.01","261.33","15.37","3581.13","30.54","2117.73","37.78","1889.19","45.70","11473.84","Payments","0.00","0.00","137.03","0.00","0.00","15.37","9.68","137.08","0.00","0.00","0.00","25.11","324.27","Credits","0.00","0.00","0.00","0.00","0.00","0.00","0.00","8.08","0.00","0.00","0.00","0.00","8.08","Write Offs","0.00","0.00","0.00","0.00","0.00","0.00","0.00","0.00","0.00","0.00","0.00","0.00","0.00","Refunds","0.00","0.00","0.00","0.00","0.00","0.00","0.00","0.00","0.00","0.00","0.00","0.00","0.00","Transfers","0.00","0.00","0.00","0.00","0.00","0.00","0.00","0.00","0.00","0.00","0.00","0.00","0.00"
"Boxborough","Invoice Charges","721.51","1068.14","2.24","11.12","476.71","8.99","214.89","1933.34","2345.09","26.60","2115.28","35.30","8959.21","Payments","0.00","138.02","0.00","0.00","25.04","0.00","138.07","0.00","0.00","0.00","25.10","0.00","326.23","Credits","0.00","0.00","0.00","0.00","0.00","0.00","7.07","0.00","0.00","0.00","0.00","0.00","7.07","Write Offs","0.00","0.00","0.00","0.00","0.00","0.00","0.00","0.00","0.00","0.00","0.00","0.00","0.00","Refunds","0.00","0.00","0.00","0.00","0.00","0.00","0.00","0.00","0.00","0.00","0.00","0.00","0.00","Transfers","0.00","0.00","0.00","0.00","0.00","0.00","0.00","0.00","0.00","0.00","0.00","0.00","0.00"
"Boxford","Invoice Charges","0.00","944.32","0.00","927.66","7.02","7.28","501.12","278.64","2579.65","20.29","2348.52","29.35","7643.85","Payments","139.01","0.00","0.00","25.03","0.00","139.06","0.00","0.00","0.00","20.29","143.91","0.00","467.30","Credits","0.00","0.00","0.00","0.00","0.00","6.06","0.00","0.00","0.00","0.00","0.00","0.00","6.06","Write Offs","0.00","0.00","0.00","0.00","0.00","0.00","0.00","0.00","0.00","0.00","0.00","0.00","0.00","Refunds","0.00","0.00","0.00","0.00","0.00","0.00","0.00","0.00","0.00","0.00","0.00","0.00","0.00","Transfers","0.00","0.00","0.00","0.00","0.00","0.00","0.00","0.00","0.00","0.00","0.00","0.00","0.00"
"Boylston","Invoice Charges","959.96","4.08","3.68","1154.18","929.77","12.24","438.54","307.47","262.99","15.94","2585.58","26.05","6700.48","Payments","0.00","0.00","3.68","21.34","140.05","0.00","0.00","0.00","25.08","140.10","0.00","0.00","330.25","Credits","0.00","0.00","0.00","0.00","5.05","0.00","0.00","0.00","0.00","0.00","0.00","0.00","5.05","Write Offs","0.00","0.00","0.00","0.00","0.00","0.00","0.00","0.00","0.00","0.00","0.00","0.00","0.00","Refunds","0.00","0.00","0.00","0.00","0.00","0.00","0.00","0.00","0.00","0.00","0.00","0.00","0.00","Transfers","0.00","0.00","0.00","0.00","0.00","0.00","0.00","0.00","0.00","0.00","0.00","0.00","0.00"
"Braintree","Invoice Charges","921.11","805.20","3.53","10.23","1156.52","11.58","694.80","357.40","485.86","16.89","265.06","18.05","4746.23","Payments","0.00","25.01","0.00","141.04","0.00","0.00","0.00","25.07","141.09","0.00","0.00","0.00","332.21","Credits","0.00","0.00","0.00","4.04","0.00","0.00","0.00","0.00","0.00","0.00","0.00","0.00","4.04","Write Offs","0.00","0.00","0.00","0.00","0.00","0.00","0.00","0.00","0.00","0.00","0.00","0.00","0.00","Refunds","0.00","0.00","0.00","0.00","0.00","0.00","0.00","0.00","0.00","0.00","0.00","0.00","0.00","Transfers","0.00","0.00","0.00","0.00","0.00","0.00","0.00","0.00","0.00","0.00","0.00","0.00","0.00"
"Brewster","Invoice Charges","1043.10","925.62","4.00","1625.80","14.19","14.73","468.67","700.28","19.04","18.51","489.07","20.59","5343.60","Payments","0.00","0.00","142.03","0.00","0.00","0.00","25.06","142.08","0.00","0.00","0.00","0.00","309.17","Credits","0.00","0.00","3.03","0.00","0.00","0.00","0.00","0.00","0.00","0.00","0.00","0.00","3.03","Write Offs","0.00","0.00","0.00","0.00","0.00","0.00","0.00","0.00","0.00","0.00","0.00","0.00","0.00","Refunds","0.00","0.00","0.00","0.00","0.00","0.00","0.00","0.00","0.00","0.00","0.00","0.00","0.00","Transfers","0.00","0.00","0.00","0.00","0.00","0.00","0.00","0.00","0.00","0.00","0.00","0.00","0.00"
"Bridgewater","Invoice Charges","0.00","1043.20","0.00","1857.25","1625.81","18.61","18.01","472.46","941.20","23.27","24.15","23.42","6047.38","Payments","0.00","143.02","0.00","0.00","0.00","18.61","149.51","0.00","0.00","0.00","0.00","23.42","334.56","Credits","0.00","2.02","0.00","0.00","0.00","0.00","0.00","0.00","0.00","0.00","11.11","0.00","13.13","Write Offs","0.00","0.00","0.00","0.00","0.00","0.00","0.00","0.00","0.00","0.00","0.00","0.00","0.00","Refunds","0.00","0.00","0.00","0.00","0.00","0.00","0.00","0.00","0.00","0.00","0.00","0.00","0.00","Transfers","0.00","0.00","0.00","0.00","0.00","0.00","0.00","0.00","0.00","0.00","0.00","0.00","0.00"
"Brimfield","Invoice Charges","1293.40","4.88","4.40","2092.61","1863.35","21.61","821.93","24.58","24.68","23.99","946.00","27.24","7148.67","Payments","144.01","0.00","0.00","0.00","25.04","144.06","0.00","0.00","0.00","0.00","169.21","0.00","482.32","Credits","1.01","0.00","0.00","0.00","0.00","0.00","0.00","0.00","0.00","10.10","0.00","0.00","11.11","Write Offs","0.00","0.00","0.00","0.00","0.00","0.00","0.00","0.00","0.00","0.00","0.00","0.00","0.00","Refunds","0.00","0.00","0.00","0.00","0.00","0.00","0.00","0.00","0.00","0.00","0.00","0.00","0.00","Transfers","0.00","0.00","0.00","0.00","0.00","0.00","0.00","0.00","0.00","0.00","0.00","0.00","0.00"
"Brockton","Invoice Charges","126.11","1294.05","0.48","2338.56","2103.03","24.17","944.94","28.29","28.41","27.57","1177.95","31.83","8125.39","Payments","0.00","0.00","0.00","25.03","145.05","0.00","0.00","0.00","0.00","170.19","0.00","0.00","340.27","Credits","0.00","0.00","0.00","0.00","0.00","0.00","0.00","0.00","9.09","0.00","0.00","0.00","9.09","Write Offs","0.00","0.00","0.00","0.00","0.00","0.00","0.00","0.00","0.00","0.00","0.00","0.00","0.00","Refunds","0.00","0.00","0.00","0.00","0.00","0.00","0.00","0.00","0.00","0.00","0.00","0.00","0.00","Transfers","0.00","0.00","0.00","0.00","0.00","0.00","0.00","0.00","0.00","0.00","0.00","0.00","0.00"
"Brookfield","Invoice Charges","233.51","127.11","0.90","2571.66","2338.91","21.66","21.05","943.37","1640.31","31.02","32.19","31.28","7992.97","Payments","0.00","0.00","0.90","170.16","0.00","0.00","0.00","0.00","171.17","0.00","0.00","0.00","342.23","Credits","0.00","0.00","0.00","0.00","0.00","0.00","0.00","8.08","0.00","0.00","0.00","0.00","8.08","Write Offs","0.00","0.00","0.00","0.00","0.00","0.00","0.00","0.00","0.00","0.00","0.00","0.00","0.00","Refunds","0.00","0.00","0.00","0.00","0.00","0.00","0.00","0.00","0.00","0.00","0.00","0.00","0.00","Transfers","0.00","0.00","0.00","0.00","0.00","0.00","0.00","0.00","0.00","0.00","0.00","0.00","0.00"
"Brookline","Invoice Charges","343.01","234.99","1.32","250.06","2.70","2.80","2.72","1046.39","1856.50","13.93","1628.94","20.68","5404.04","Payments","0.00","25.01","147.03","0.00","0.00","0.00","0.00","172.15","0.00","0.00","0.00","0.00","344.19","Credits","0.00","0.00","0.00","0.00","0.00","0.00","7.07","0.00","0.00","0.00","0.00","0.00","7.07","Write Offs","0.00","0.00","0.00","0.00","0.00","0.00","0.00","0.00","0.00","0.00","0.00","0.00","0.00","Refunds","0.00","0.00","0.00","0.00","0.00","0.00","0.00","0.00","0.00","0.00","0.00","0.00","0.00","Transfers","0.00","0.00","0.00","0.00","0.00","0.00","0.00","0.00","0.00","0.00","0.00","0.00","0.00"
"Buckland","Invoice Charges","684.01","345.95","2.06","5.08","251.18","4.84","1298.55","9.62","2097.34","17.96","1868.63","25.72","6610.94","Payments","0.00","148.02","0.00","0.00","0.00","0.00","173.13","0.00","0.00","0.00","0.00","0.00","321.15","Credits","0.00","0.00","0.00","0.00","0.00","6.06","0.00","0.00","0.00","0.00","0.00","0.00","6.06","Write Offs","0.00","0.00","0.00","0.00","0.00","0.00","0.00","0.00","0.00","0.00","0.00","0.00","0.00","Refunds","0.00","0.00","0.00","0.00","0.00","0.00","0.00","0.00","0.00","0.00","0.00","0.00","0.00","Transfers","0.00","0.00","0.00","0.00","0.00","0.00","0.00","0.00","0.00","0.00","0.00","0.00","0.00"
"Burlington","Invoice Charges","454.67","1.30","1.17","1.31","471.14","3.29","128.73","1297.09","2336.18","17.95","2106.30","26.06","6845.19","Payments","149.01","0.00","0.00","0.00","0.00","152.35","21.76","0.00","0.00","0.00","149.11","25.11","497.34","Credits","0.00","0.00","0.00","0.00","5.05","0.00","0.00","0.00","0.00","0.00","0.00","0.00","5.05","Write Offs","0.00","0.00","0.00","0.00","0.00","0.00","0.00","0.00","0.00","0.00","0.00","0.00","0.00","Refunds","0.00","0.00","0.00","0.00","0.00","0.00","0.00","0.00","0.00","0.00","0.00","0.00","0.00","Transfers","0.00","0.00","0.00","0.00","0.00","0.00","0.00","0.00","0.00","0.00","0.00","0.00","0.00"
"Cambridge","Invoice Charges","0.00","454.71","0.00","924.83","5.65","5.20","238.64","132.33","2576.36","17.09","2344.65","26.08","6725.54","Payments","0.00","0.00","0.00","0.00","155.70","5.20","14.19","0.00","0.00","150.10","25.10","0.00","350.29","Credits","0.00","0.00","0.00","4.04","0.00","0.00","0.00","0.00","0.00","0.00","0.00","0.00","4.04","Write Offs","0.00","0.00","0.00","0.00","0.00","0.00","0.00","0.00","0.00","0.00","0.00","0.00","0.00","Refunds","0.00","0.00","0.00","0.00","0.00","0.00","0.00","0.00","0.00","0.00","0.00","0.00","0.00","Transfers","0.00","0.00","0.00","0.00","0.00","0.00","0.00","0.00","0.00","0.00","0.00","0.00","0.00"
"Canton","Invoice Charges","802.04","3.41","3.08","1153.50","928.48","11.51","354.34","246.70","261.65","14.11","2584.22","24.69","6387.73","Payments","0.00","0.00","0.00","176.07","0.00","0.00","0.00","0.00","151.09","14.11","10.98","0.00","352.25","Credits","0.00","0.00","3.03","0.00","0.00","0.00","0.00","0.00","0.00","0.00","0.00","0.00","3.03","Write Offs","0.00","0.00","0.00","0.00","0.00","0.00","0.00","0.00","0.00","0.00","0.00","0.00","0.00","Refunds","0.00","0.00","0.00","0.00","0.00","0.00","0.00","0.00","0.00","0.00","0.00","0.00","0.00","Transfers","0.00","0.00","0.00","0.00","0.00","0.00","0.00","0.00","0.00","0.00","0.00","0.00","0.00"
"Carlisle","Invoice Charges","922.04","806.03","3.54","9.77","1156.54","11.55","695.48","357.73","485.29","16.82","264.98","17.93","4747.70","Payments","0.00","0.00","155.57","9.77","11.71","0.00","0.00","152.08","25.08","0.00","0.00","0.00","354.21","Credits","0.00","2.02","0.00","0.00","0.00","0.00","0.00","0.00","0.00","0.00","11.11","0.00","13.13","Write Offs","0.00","0.00","0.00","0.00","0.00","0.00","0.00","0.00","0.00","0.00","0.00","0.00","0.00","Refunds","0.00","0.00","0.00","0.00","0.00","0.00","0.00","0.00","0.00","0.00","0.00","0.00","0.00","Transfers","0.00","0.00","0.00","0.00","0.00","0.00","0.00","0.00","0.00","0.00","0.00","0.00","0.00"
"Carver","Invoice Charges","1044.16","926.56","3.40","1625.52","14.01","14.52","468.94","700.23","18.75","18.21","488.71","20.23","5343.24","Payments","0.00","178.03","0.00","0.00","0.00","0.00","153.07","25.07","0.00","0.00","0.00","0.00","356.17","Credits","1.01","0.00","0.00","0.00","0.00","0.00","0.00","0.00","0.00","10.10","0.00","0.00","11.11","Write Offs","3.01","3.02","3.03","3.04","3.05","3.06","3.07","3.08","3.09","3.10","3.11","0.00","33.66","Refunds","0.00","0.00","0.00","0.00","0.00","0.00","0.00","0.00","0.00","0.00","0.00","0.00","0.00","Transfers","0.00","0.00","0.00","0.00","0.00","0.00","0.00","0.00","0.00","0.00","0.00","0.00","0.00"
"Charlemont","Invoice Charges","0.00","1044.25","0.00","1857.19","1625.78","18.57","17.42","472.89","941.12","23.16","24.03","22.72","6047.13","Payments","154.01","0.00","0.00","0.00","0.00","154.06","17.42","7.64","0.00","0.00","154.11","0.00","487.24","Credits","0.00","0.00","0.00","0.00","0.00","0.00","0.00","0.00","9.09","0.00","0.00","0.00","9.09","Write Offs","0.00","0.00","0.00","0.00","0.00","0.00","0.00","0.00","0.00","0.00","0.00","0.00","0.00","Refunds","0.00","0.00","0.00","0.00","0.00","0.00","0.00","0.00","0.00","0.00","0.00","0.00","0.00","Transfers","0.00","0.00","0.00","0.00","0.00","0.00","0.00","0.00","0.00","0.00","0.00","0.00","0.00"
"Charlton","Invoice Charges","1294.68","5.50","4.97","2093.24","1863.96","21.69","823.33","25.17","25.24","1174.60","950.83","32.63","8315.84","Payments","0.00","0.00","0.00","0.00","155.05","21.69","3.36","0.00","0.00","155.10","0.00","25.11","360.31","Credits","0.00","0.00","0.00","0.00","0.00","0.00","0.00","8.08","0.00","0.00","0.00","0.00","8.08","Write Offs","0.00","0.00","0.00","0.00","0.00","0.00","0.00","0.00","0.00","0.00","0.00","0.00","0.00","Refunds","0.00","0.00","0.00","0.00","0.00","0.00","0.00","0.00","0.00","0.00","0.00","0.00","0.00","Transfers","0.00","0.00","0.00","0.00","0.00","0.00","0.00","0.00","0.00","0.00","0.00","0.00","0.00"
"Chatham","Invoice Charges","126.25","1295.33","0.48","2338.57","2102.49","24.13","945.84","830.63","31.75","30.21","1181.42","35.09","8942.19","Payments","0.00","0.00","0.00","156.04","25.04","0.00","0.00","0.00","156.09","0.00","25.10","0.00","362.27","Credits","0.00","0.00","0.00","0.00","0.00","0.00","7.07","0.00","0.00","0.00","0.00","0.00","7.07","Write Offs","0.00","0.00","0.00","0.00","0.00","0.00","0.00","0.00","0.00","0.00","0.00","0.00","0.00","Refunds","0.00","0.00","0.00","0.00","0.00","0.00","0.00","0.00","0.00","0.00","0.00","0.00","0.00","Transfers","0.00","0.00","0.00","0.00","0.00","0.00","0.00","0.00","0.00","0.00","0.00","0.00","0.00"
"Chelmsford","Invoice Charges","233.76","127.25","0.90","2571.00","2338.86","21.61","1065.51","948.67","29.57","1643.22","36.56","35.53","9052.44","Payments","0.00","0.00","157.03","25.03","0.00","0.00","0.00","157.08","0.00","25.09","0.00","0.00","364.23","Credits","0.00","0.00","0.00","0.00","0.00","6.06","0.00","0.00","0.00","0.00","0.00","0.00","6.06","Write Offs","0.00","0.00","0.00","0.00","0.00","0.00","0.00","0.00","0.00","0.00","0.00","0.00","0.00","Refunds","0.00","0.00","0.00","0.00","0.00","0.00","0.00","0.00","0.00","0.00","0.00","0.00","0.00","Transfers","0.00","0.00","0.00","0.00","0.00","0.00","0.00","0.00","0.00","0.00","0.00","0.00","0.00"
"Chelsea","Invoice Charges","343.39","235.25","0.71","250.22","2572.30","13.65","13.26","1057.73","17.58","1867.01","1639.97","31.40","8042.47","Payments","0.00","158.02","0.71","24.31","0.00","0.00","158.07","0.00","17.58","7.50","0.00","0.00","366.19","Credits","0.00","0.00","0.00","0.00","5.05","0.00","0.00","0.00","0.00","0.00","0.00","0.00","5.05","Write Offs","0.00","0.00","0.00","0.00","0.00","0.00","0.00","0.00","0.00","0.00","0.00","0.00","0.00","Refunds","0.00","0.00","0.00","0.00","0.00","0.00","0.00","0.00","0.00","0.00","0.00","0.00","0.00","Transfers","0.00","0.00","0.00","0.00","0.00","0.00","0.00","0.00","0.00","0.00","0.00","0.00","0.00"
"Cheshire","Invoice Charges","684.72","345.65","2.02","474.70","252.95","6.68","1300.97","11.55","11.55","2098.86","1870.45","86.82","7146.92","Payments","159.01","25.01","0.00","0.00","0.00","159.06","0.00","11.55","11.55","1.97","159.11","0.00","527.26","Credits","0.00","0.00","0.00","4.04","0.00","0.00","0.00","0.00","0.00","0.00","0.00","0.00","4.04","Write Offs","0.00","0.00","0.00","0.00","0.00","0.00","0.00","0.00","0.00","0.00","0.00","0.00","0.00","Refunds","0.00","0.00","0.00","0.00","0.00","0.00","0.00","0.00","0.00","0.00","0.00","0.00","0.00","Transfers","0.00","0.00","0.00","0.00","0.00","0.00","0.00","0.00","0.00","0.00","0.00","0.00","0.00"
"Chester","Invoice Charges","455.15","686.71","1.75","7.48","474.59","6.21","132.34","1301.95","12.22","2339.44","2170.20","29.75","7617.79","Payments","0.00","0.00","0.00","0.00","160.05","0.00","25.06","0.00","0.00","160.10","0.00","0.00","345.21","Credits","0.00","0.00","3.03","0.00","0.00","0.00","0.00","0.00","0.00","0.00","0.00","0.00","3.03","Write Offs","0.00","0.00","0.00","0.00","0.00","0.00","0.00","0.00","0.00","0.00","0.00","0.00","0.00","Refunds","0.00","0.00","0.00","0.00","0.00","0.00","0.00","0.00","0.00","0.00","0.00","0.00","0.00","Transfers","0.00","0.00","0.00","0.00","0.00","0.00","0.00","0.00","0.00","0.00","0.00","0.00","0.00"
"Chesterfield","Invoice Charges","0.00","458.68","0.00","924.84","5.02","5.20","236.15","133.43","6.69","2637.47","2344.79","26.27","6778.54","Payments","0.00","0.00","0.00","161.04","0.00","5.20","19.85","0.00","161.09","0.00","0.00","25.11","372.29","Credits","0.00","2.02","0.00","0.00","0.00","0.00","0.00","0.00","0.00","0.00","11.11","0.00","13.13","Write Offs","0.00","0.00","0.00","0.00","0.00","0.00","0.00","0.00","0.00","0.00","0.00","0.00","0.00","Refunds","0.00","0.00","0.00","0.00","0.00","0.00","0.00","0.00","0.00","0.00","0.00","0.00","0.00","Transfers","0.00","0.00","0.00","0.00","0.00","0.00","0.00","0.00","0.00","0.00","0.00","0.00","0.00"
"Chicopee","Invoice Charges","786.39","3.34","3.01","1152.76","928.48","11.41","350.60","253.22","76.32","260.74","2584.36","24.76","6435.39","Payments","0.00","0.00","162.03","0.00","25.04","0.00","0.00","162.08","0.00","0.00","25.10","0.00","374.25","Credits","1.01","0.00","0.00","0.00","0.00","0.00","0.00","0.00","0.00","10.10","0.00","0.00","11.11","Write Offs","0.00","0.00","0.00","0.00","0.00","0.00","0.00","0.00","0.00","0.00","0.00","0.00","0.00","Refunds","0.00","0.00","0.00","0.00","0.00","0.00","0.00","0.00","0.00","0.00","0.00","0.00","0.00","Transfers","0.00","0.00","0.00","0.00","0.00","0.00","0.00","0.00","0.00","0.00","0.00","0.00","0.00"
"Chilmark","Invoice Charges","878.64","782.71","2.74","9.38","1156.24","11.22","688.14","420.38","15.28","484.68","264.79","17.79","4731.99","Payments","0.00","163.02","0.00","9.38","15.65","0.00","163.07","0.00","0.00","25.09","0.00","0.00","376.21","Credits","0.00","0.00","0.00","0.00","0.00","0.00","0.00","0.00","9.09","0.00","0.00","0.00","9.09","Write Offs","0.00","0.00","0.00","0.00","0.00","0.00","0.00","0.00","0.00","0.00","0.00","0.00","0.00","Refunds","0.00","0.00","0.00","0.00","0.00","0.00","0.00","0.00","0.00","0.00","0.00","0.00","0.00","Transfers","0.00","0.00","0.00","0.00","0.00","0.00","0.00","0.00","0.00","0.00","0.00","0.00","0.00"
"Clarksburg","Invoice Charges","995.46","865.20","3.19","1625.01","13.56","14.07","528.07","686.53","18.56","17.96","488.48","19.34","5275.43","Payments","164.01","0.00","3.19","21.83","0.00","164.06","0.00","0.00","18.56","6.52","164.11","0.00","542.28","Credits","0.00","0.00","0.00","0.00","0.00","0.00","0.00","8.08","0.00","0.00","0.00","0.00","8.08","Write Offs","0.00","0.00","0.00","0.00","0.00","0.00","0.00","0.00","0.00","0.00","0.00","0.00","0.00","Refunds","0.00","0.00","0.00","0.00","0.00","0.00","0.00","0.00","0.00","0.00","0.00","0.00","0.00","Transfers","0.00","0.00","0.00","0.00","0.00","0.00","0.00","0.00","0.00","0.00","0.00","0.00","0.00"
"Clinton","Invoice Charges","0.00","976.41","0.00","1857.68","1626.03","84.12","17.89","459.93","20.38","940.96","23.76","23.10","6030.26","Payments","0.00","25.01","0.00","0.00","165.05","0.00","0.00","25.07","0.00","165.10","0.00","0.00","380.23","Credits","0.00","0.00","0.00","0.00","0.00","0.00","7.07","0.00","0.00","0.00","0.00","0.00","7.07","Write Offs","0.00","0.00","0.00","0.00","0.00","0.00","0.00","0.00","0.00","0.00","0.00","0.00","0.00","Refunds","0.00","0.00","0.00","0.00","0.00","0.00","0.00","0.00","0.00","0.00","0.00","0.00","0.00","Transfers","0.00","0.00","0.00","0.00","0.00","0.00","0.00","0.00","0.00","0.00","0.00","0.00","0.00"
"Cohasset","Invoice Charges","1188.79","5.05","4.56","2092.79","1929.82","21.47","777.58","24.73","24.83","1173.52","950.37","32.18","8225.69","Payments","0.00","0.00","0.00","166.04","0.00","0.00","25.06","0.00","166.09","0.00","0.00","0.00","357.19","Credits","0.00","0.00","0.00","0.00","0.00","6.06","0.00","0.00","0.00","0.00","0.00","0.00","6.06","Write Offs","0.00","0.00","0.00","0.00","0.00","0.00","0.00","0.00","0.00","0.00","0.00","0.00","0.00","Refunds","0.00","0.00","0.00","0.00","0.00","0.00","0.00","0.00","0.00","0.00","0.00","0.00","0.00","Transfers","0.00","0.00","0.00","0.00","0.00","0.00","0.00","0.00","0.00","0.00","0.00","0.00","0.00"
"Colrain","Invoice Charges","131.12","1201.12","0.50","2404.81","2102.35","24.07","893.74","814.62","30.61","29.75","1180.94","34.72","8848.35","Payments","0.00","0.00","167.03","0.00","0.00","24.07","0.98","167.08","0.00","0.00","0.00","25.11","384.27","Credits","0.00","0.00","0.00","0.00","5.05","0.00","0.00","0.00","0.00","0.00","0.00","0.00","5.05","Write Offs","0.00","0.00","0.00","0.00","0.00","0.00","0.00","0.00","0.00","0.00","0.00","0.00","0.00","Refunds","0.00","0.00","0.00","0.00","0.00","0.00","0.00","0.00","0.00","0.00","0.00","0.00","0.00","Transfers","0.00","0.00","0.00","0.00","0.00","0.00","0.00","0.00","0.00","0.00","0.00","0.00","0.00"
"Concord","Invoice Charges","235.85","130.90","69.25","2571.28","2339.21","21.87","1026.66","904.68","29.45","1643.11","36.55","35.42","9044.23","Payments","0.00","168.02","0.00","0.00","25.04","0.00","168.07","0.00","0.00","0.00","25.10","0.00","386.23","Credits","0.00","0.00","0.00","4.04","0.00","0.00","0.00","0.00","0.00","0.00","0.00","0.00","4.04","Write Offs","0.00","0.00","0.00","0.00","0.00","0.00","0.00","0.00","0.00","0.00","0.00","0.00","0.00","Refunds","0.00","0.00","0.00","0.00","0.00","0.00","0.00","0.00","0.00","0.00","0.00","0.00","0.00","Transfers","0.00","0.00","0.00","0.00","0.00","0.00","0.00","0.00","0.00","0.00","0.00","0.00","0.00"
"Conway","Invoice Charges","346.41","302.04","0.68","250.72","2572.53","13.91","12.82","1009.24","17.59","17.10","1632.15","23.07","6198.26","Payments","169.01","0.00","0.00","25.03","0.00","169.06","0.00","0.00","0.00","17.10","177.10","0.00","557.30","Credits","0.00","0.00","3.03","0.00","0.00","0.00","0.00","0.00","0.00","0.00","0.00","0.00","3.03","Write Offs","0.00","0.00","0.00","0.00","0.00","0.00","0.00","0.00","0.00","0.00","0.00","0.00","0.00","Refunds","0.00","0.00","0.00","0.00","0.00","0.00","0.00","0.00","0.00","0.00","0.00","0.00","0.00","Transfers","0.00","0.00","0.00","0.00","0.00","0.00","0.00","0.00","0.00","0.00","0.00","0.00","0.00"
"Cummington","Invoice Charges","651.89","342.56","2.50","475.39","253.47","6.49","1218.87","11.70","11.75","2099.05","1869.87","47.57","6991.11","Payments","0.00","0.00","2.50","22.52","170.05","0.00","0.00","0.00","11.75","183.43","(170.10)","0.00","220.15","Credits","0.00","2.02","0.00","0.00","0.00","0.00","0.00","0.00","0.00","0.00","11.11","0.00","13.13","Write Offs","0.00","0.00","0.00","0.00","0.00","0.00","0.00","0.00","0.00","0.00","0.00","0.00","0.00","Refunds","0.00","0.00","0.00","0.00","0.00","0.00","0.00","0.00","0.00","0.00","0.00","0.00","0.00","Transfers","0.00","0.00","0.00","0.00","0.00","0.00","0.00","0.00","0.00","0.00","0.00","0.00","0.00"
"Dalton","Invoice Charges","446.01","679.64","1.71","7.19","473.72","5.99","5.82","1195.42","11.01","2337.56","2128.61","29.02","7321.70","Payments","0.00","25.01","0.00","171.04","0.00","0.00","0.00","25.07","171.09","(171.09)","0.00","0.00","221.12","Credits","1.01","0.00","0.00","0.00","0.00","0.00","0.00","0.00","0.00","10.10","0.00","0.00","11.11","Write Offs","0.00","0.00","0.00","0.00","0.00","0.00","0.00","0.00","0.00","0.00","0.00","0.00","0.00","Refunds","0.00","0.00","0.00","0.00","0.00","0.00","0.00","0.00","0.00","0.00","0.00","0.00","0.00","Transfers","0.00","0.00","0.00","0.00","0.00","0.00","0.00","0.00","0.00","0.00","0.00","0.00","0.00"
"Danvers","Invoice Charges","0.00","450.42","0.00","923.36","4.94","5.12","238.63","137.24","5.91","2596.05","2345.21","26.72","6733.60","Payments","0.00","0.00","172.03","0.00","0.00","0.00","25.06","172.08","(172.08)","0.00","0.00","0.00","197.09","Credits","0.00","0.00","0.00","0.00","0.00","0.00","0.00","0.00","9.09","0.00","0.00","0.00","9.09","Write Offs","0.00","0.00","0.00","0.00","0.00","0.00","0.00","0.00","0.00","0.00","0.00","0.00","0.00","Refunds","0.00","0.00","0.00","0.00","0.00","0.00","0.00","0.00","0.00","0.00","0.00","0.00","0.00","Transfers","0.00","0.00","0.00","0.00","0.00","0.00","0.00","0.00","0.00","0.00","0.00","0.00","0.00"
"Dartmouth","Invoice Charges","772.24","3.28","2.30","2.58","923.65","6.50","356.17","243.17","28.92","256.29","2579.78","20.42","5195.30","Payments","0.00","173.02","0.00","0.00","0.00","6.50","191.62","(173.07)","0.00","0.00","0.00","20.42","218.49","Credits","0.00","0.00","0.00","0.00","0.00","0.00","0.00","8.08","0.00","0.00","0.00","0.00","8.08","Write Offs","0.00","0.00","0.00","0.00","0.00","0.00","0.00","0.00","0.00","0.00","0.00","0.00","0.00","Refunds","0.00","0.00","0.00","0.00","0.00","0.00","0.00","0.00","0.00","0.00","0.00","0.00","0.00","Transfers","0.00","0.00","0.00","0.00","0.00","0.00","0.00","0.00","0.00","0.00","0.00","0.00","0.00"
"Dedham","Invoice Charges","888.11","3.03","2.74","3.07","1153.04","7.86","671.97","377.29","12.32","481.84","261.95","14.21","3877.43","Payments","174.01","0.00","0.00","0.00","25.04","174.06","(174.06)","0.00","0.00","0.00","199.21","0.00","398.26","Credits","0.00","0.00","0.00","0.00","0.00","0.00","7.07","0.00","0.00","0.00","0.00","0.00","7.07","Write Offs","0.00","0.00","0.00","0.00","0.00","0.00","0.00","0.00","0.00","0.00","0.00","0.00","0.00","Refunds","0.00","0.00","0.00","0.00","0.00","0.00","0.00","0.00","0.00","0.00","0.00","0.00","0.00","Transfers","0.00","0.00","0.00","0.00","0.00","0.00","0.00","0.00","0.00","0.00","0.00","0.00","0.00"
"Deerfield","Invoice Charges","0.00","871.14","0.00","1621.53","10.14","9.78","485.12","664.82","15.42","14.99","484.61","16.22","4193.77","Payments","0.00","0.00","0.00","25.03","175.05","(175.05)","0.00","0.00","0.00","190.09","10.10","0.00","225.22","Credits","0.00","0.00","0.00","0.00","0.00","6.06","0.00","0.00","0.00","0.00","0.00","0.00","6.06","Write Offs","0.00","0.00","0.00","0.00","0.00","0.00","0.00","0.00","0.00","0.00","0.00","0.00","0.00","Refunds","0.00","0.00","0.00","0.00","0.00","0.00","0.00","0.00","0.00","0.00","0.00","0.00","0.00","Transfers","0.00","0.00","0.00","0.00","0.00","0.00","0.00","0.00","0.00","0.00","0.00","0.00","0.00"
"Dennis","Invoice Charges","0.00","1006.17","0.00","1858.12","1625.43","38.93","18.49","465.41","21.16","940.90","24.39","23.70","6022.70","Payments","0.00","0.00","0.00","201.06","(176.04)","0.00","0.00","0.00","197.25","3.92","0.00","0.00","226.19","Credits","0.00","0.00","0.00","0.00","5.05","0.00","0.00","0.00","0.00","0.00","0.00","0.00","5.05","Write Offs","0.00","0.00","0.00","0.00","0.00","0.00","0.00","0.00","0.00","0.00","0.00","0.00","0.00","Refunds","0.00","0.00","0.00","0.00","0.00","0.00","0.00","0.00","0.00","0.00","0.00","0.00","0.00","Transfers","0.00","0.00","0.00","0.00","0.00","0.00","0.00","0.00","0.00","0.00","0.00","0.00","0.00"
"Dighton","Invoice Charges","1225.02","5.20","4.70","2092.13","1883.53","22.00","786.42","25.44","24.69","1174.06","950.93","32.72","8226.84","Payments","0.00","5.20","181.73","(161.92)","0.00","0.00","0.00","202.15","0.00","0.00","0.00","0.00","227.16","Credits","0.00","0.00","0.00","4.04","0.00","0.00","0.00","0.00","0.00","0.00","0.00","0.00","4.04","Write Offs","0.00","0.00","0.00","0.00","0.00","0.00","0.00","0.00","0.00","0.00","0.00","0.00","0.00","Refunds","0.00","0.00","0.00","0.00","0.00","0.00","0.00","0.00","0.00","0.00","0.00","0.00","0.00","Transfers","0.00","0.00","0.00","0.00","0.00","0.00","0.00","0.00","0.00","0.00","0.00","0.00","0.00"
"Douglas","Invoice Charges","128.77","1214.04","0.00","2357.88","2102.88","24.63","920.92","800.41","31.18","30.31","1181.52","35.29","8827.83","Payments","0.00","178.02","(178.02)","0.00","0.00","0.00","203.13","0.00","0.00","0.00","0.00","0.00","203.13","Credits","0.00","0.00","3.03","0.00","0.00","0.00","0.00","0.00","0.00","0.00","0.00","0.00","3.03","Write Offs","0.00","0.00","0.00","0.00","0.00","0.00","0.00","0.00","0.00","0.00","0.00","0.00","0.00","Refunds","0.00","0.00","0.00","0.00","0.00","0.00","0.00","0.00","0.00","0.00","0.00","0.00","0.00","Transfers","0.00","0.00","0.00","0.00","0.00","0.00","0.00","0.00","0.00","0.00","0.00","0.00","0.00"
"Dover","Invoice Charges","238.39","126.54","20.90","2571.75","2339.71","22.49","1008.35","914.53","29.88","1643.53","36.99","35.16","8988.22","Payments","179.01","(179.01)","0.00","0.00","0.00","201.55","2.56","0.00","0.00","0.00","179.11","25.11","408.33","Credits","0.00","2.02","0.00","0.00","0.00","0.00","0.00","0.00","0.00","0.00","11.11","0.00","13.13","Write Offs","0.00","0.00","0.00","0.00","0.00","0.00","0.00","0.00","0.00","0.00","0.00","0.00","0.00","Refunds","0.00","0.00","0.00","0.00","0.00","0.00","0.00","0.00","0.00","0.00","0.00","0.00","0.00","Transfers","0.00","0.00","0.00","0.00","0.00","0.00","0.00","0.00","0.00","0.00","0.00","0.00","0.00"
"Dracut","Invoice Charges","336.79","235.26","1.29","250.86","2573.02","13.55","13.17","981.94","17.83","1867.32","1639.52","30.86","7961.41","Payments","0.00","0.00","0.00","0.00","205.09","0.00","0.00","0.00","0.00","180.10","25.10","0.00","410.29","Credits","1.01","0.00","0.00","0.00","0.00","0.00","0.00","0.00","0.00","10.10","0.00","0.00","11.11","Write Offs","0.00","0.00","0.00","0.00","0.00","0.00","0.00","0.00","0.00","0.00","0.00","0.00","0.00","Refunds","0.00","0.00","0.00","0.00","0.00","0.00","0.00","0.00","0.00","0.00","0.00","0.00","0.00","Transfers","0.00","0.00","0.00","0.00","0.00","0.00","0.00","0.00","0.00","0.00","0.00","0.00","0.00"
"Dudley","Invoice Charges","1005.95","523.47","3.86","478.39","254.95","8.75","1825.70","16.54","16.61","2103.04","1874.69","31.61","8143.56","Payments","0.00","0.00","0.00","206.07","0.00","0.00","0.00","0.00","181.09","25.09","0.00","0.00","412.25","Credits","0.00","0.00","0.00","0.00","0.00","0.00","0.00","0.00","9.09","0.00","0.00","0.00","9.09","Write Offs","0.00","0.00","0.00","0.00","0.00","0.00","0.00","0.00","0.00","0.00","0.00","0.00","0.00","Refunds","0.00","0.00","0.00","0.00","0.00","0.00","0.00","0.00","0.00","0.00","0.00","0.00","0.00","Transfers","0.00","0.00","0.00","0.00","0.00","0.00","0.00","0.00","0.00","0.00","0.00","0.00","0.00"
"Dunstable","Invoice Charges","843.11","1248.17","3.23","12.90","477.72","10.10","250.69","2259.50","19.99","2346.91","2117.62","37.68","9627.62","Payments","0.00","0.00","185.26","12.90","8.89","0.00","0.00","182.08","19.99","5.09","0.00","0.00","414.21","Credits","0.00","0.00","0.00","0.00","0.00","0.00","0.00","8.08","0.00","0.00","0.00","0.00","8.08","Write Offs","0.00","0.00","0.00","0.00","0.00","0.00","0.00","0.00","0.00","0.00","0.00","0.00","0.00","Refunds","0.00","0.00","0.00","0.00","0.00","0.00","0.00","0.00","0.00","0.00","0.00","0.00","0.00","Transfers","0.00","0.00","0.00","0.00","0.00","0.00","0.00","0.00","0.00","0.00","0.00","0.00","0.00"
"Duxbury","Invoice Charges","0.00","1214.44","0.00","929.28","7.95","8.25","644.16","357.21","11.63","2580.94","2350.20","31.57","8135.63","Payments","0.00","208.03","0.00","0.00","0.00","0.00","183.07","25.07","0.00","0.00","0.00","0.00","416.17","Credits","0.00","0.00","0.00","0.00","0.00","0.00","7.07","0.00","0.00","0.00","0.00","0.00","7.07","Write Offs","0.00","0.00","0.00","0.00","0.00","0.00","0.00","0.00","0.00","0.00","0.00","0.00","0.00","Refunds","0.00","0.00","0.00","0.00","0.00","0.00","0.00","0.00","0.00","0.00","0.00","0.00","0.00","Transfers","0.00","0.00","0.00","0.00","0.00","0.00","0.00","0.00","0.00","0.00","0.00","0.00","0.00"
"East.Bridgewater","Invoice Charges","2089.45","8.87","8.01","1158.94","932.44","14.89","943.03","655.80","19.40","266.31","2589.04","28.46","8714.64","Payments","184.01","184.02","184.03","184.04","184.05","184.06","209.13","184.08","184.09","184.10","184.11","0.00","2049.72","Credits","0.00","0.00","0.00","0.00","0.00","6.06","0.00","0.00","0.00","0.00","0.00","0.00","6.06","Write Offs","0.00","0.00","0.00","0.00","0.00","0.00","0.00","0.00","0.00","0.00","0.00","0.00","0.00","Refunds","0.00","0.00","0.00","0.00","0.00","0.00","0.00","0.00","0.00","0.00","0.00","0.00","0.00","Transfers","11.01","11.02","11.03","11.04","11.05","11.06","11.07","11.08","11.09","11.10","11.11","0.00","121.66"
"East.Brookfield","Invoice Charges","1126.12","993.57","4.32","12.72","1158.74","12.97","864.02","455.96","18.39","487.69","267.97","20.84","5423.31","Payments","196.02","196.04","196.06","196.08","196.10","198.04","219.27","196.16","196.18","196.20","196.22","9.73","2192.10","Credits","0.00","0.00","0.00","0.00","5.05","0.00","0.00","0.00","0.00","0.00","0.00","0.00","5.05","Write Offs","0.00","0.00","0.00","0.00","0.00","0.00","0.00","0.00","0.00","0.00","0.00","0.00","0.00","Refunds","0.00","0.00","0.00","0.00","0.00","0.00","0.00","0.00","0.00","0.00","0.00","0.00","0.00","Transfers","185.01","185.02","6.70","172.31","185.05","185.06","185.07","185.08","185.09","185.10","185.11","0.00","1844.60"
"East.Longmeadow","Invoice Charges","134.52","120.47","0.52","1615.06","5.36","5.54","66.77","96.20","5.54","4.59","474.62","4.59","2533.78","Payments","0.00","120.47","0.52","441.78","5.36","5.54","66.77","96.20","191.63","4.59","474.62","4.59","1412.07","Credits","0.00","0.00","0.00","4.04","0.00","0.00","0.00","0.00","0.00","0.00","0.00","0.00","4.04","Write Offs","0.00","0.00","0.00","0.00","0.00","0.00","0.00","0.00","0.00","0.00","0.00","0.00","0.00","Refunds","0.00","0.00","0.00","0.00","0.00","0.00","0.00","0.00","0.00","0.00","0.00","0.00","0.00","Transfers","0.00","0.00","0.00","0.00","0.00","0.00","0.00","0.00","0.00","0.00","0.00","0.00","0.00"
"Eastham","Invoice Charges","0.00","3071.99","0.00","1872.89","1633.93","27.02","26.26","1429.68","32.53","952.76","36.60","35.57","9119.23","Payments","0.00","0.00","187.03","25.03","0.00","0.00","0.00","187.08","0.00","25.09","0.00","0.00","424.23","Credits","0.00","0.00","3.03","0.00","0.00","0.00","0.00","0.00","0.00","0.00","0.00","0.00","3.03","Write Offs","0.00","0.00","0.00","0.00","0.00","0.00","0.00","0.00","0.00","0.00","0.00","0.00","0.00","Refunds","0.00","0.00","0.00","0.00","0.00","0.00","0.00","0.00","0.00","0.00","0.00","0.00","0.00","Transfers","0.00","0.00","0.00","0.00","0.00","0.00","0.00","0.00","0.00","0.00","0.00","0.00","0.00"
"Easthampton","Invoice Charges","140.71","0.60","0.00","2087.68","1858.27","16.44","106.44","16.17","16.24","1165.78","942.30","24.29","6374.92","Payments","0.00","188.02","0.00","25.02","0.00","0.00","188.07","0.00","16.24","8.84","0.00","0.00","426.19","Credits","0.00","2.02","0.00","0.00","0.00","0.00","0.00","0.00","0.00","0.00","11.11","0.00","13.13","Write Offs","0.00","0.00","0.00","0.00","0.00","0.00","0.00","0.00","0.00","0.00","0.00","0.00","0.00","Refunds","0.00","0.00","0.00","0.00","0.00","0.00","0.00","0.00","0.00","0.00","0.00","0.00","0.00","Transfers","0.00","0.00","0.00","0.00","0.00","0.00","0.00","0.00","0.00","0.00","0.00","0.00","0.00"
"Easton","Invoice Charges","349.55","3263.17","0.61","2354.41","2111.32","33.40","2420.29","2140.33","51.99","50.53","1202.46","54.86","14032.92","Payments","189.01","25.01","0.00","0.00","0.00","189.06","0.00","25.07","0.00","0.00","189.11","0.00","617.26","Credits","1.01","0.00","0.00","0.00","0.00","0.00","0.00","0.00","0.00","10.10","0.00","0.00","11.11","Write Offs","0.00","0.00","0.00","0.00","0.00","0.00","0.00","0.00","0.00","0.00","0.00","0.00","0.00","Refunds","0.00","0.00","0.00","0.00","0.00","0.00","0.00","0.00","0.00","0.00","0.00","0.00","0.00","Transfers","0.00","0.00","0.00","0.00","0.00","0.00","0.00","0.00","0.00","0.00","0.00","0.00","0.00"
"Edgartown","Invoice Charges","707.22","388.76","2.71","2575.80","2342.66","24.75","2981.52","2673.41","48.76","1661.84","55.18","53.62","13516.23","Payments","0.00","0.00","0.00","0.00","190.05","0.00","25.06","0.00","0.00","190.10","0.00","0.00","405.21","Credits","0.00","0.00","0.00","0.00","0.00","0.00","0.00","0.00","9.09","0.00","0.00","0.00","9.09","Write Offs","0.00","0.00","0.00","0.00","0.00","0.00","0.00","0.00","0.00","0.00","0.00","0.00","0.00","Refunds","0.00","0.00","0.00","0.00","0.00","0.00","0.00","0.00","0.00","0.00","0.00","0.00","0.00","Transfers","0.00","0.00","0.00","0.00","0.00","0.00","0.00","0.00","0.00","0.00","0.00","0.00","0.00"
"Egremont","Invoice Charges","249.96","172.91","0.96","249.99","2571.62","12.97","12.55","731.62","16.05","1864.80","1637.71","29.20","7550.34","Payments","0.00","0.00","0.00","191.04","0.00","12.97","12.08","0.00","191.09","0.00","0.00","25.11","432.29","Credits","0.00","0.00","0.00","0.00","0.00","0.00","0.00","8.08","0.00","0.00","0.00","0.00","8.08","Write Offs","0.00","0.00","0.00","0.00","0.00","0.00","0.00","0.00","0.00","0.00","0.00","0.00","0.00","Refunds","0.00","0.00","0.00","0.00","0.00","0.00","0.00","0.00","0.00","0.00","0.00","0.00","0.00","Transfers","0.00","0.00","0.00","0.00","0.00","0.00","0.00","0.00","0.00","0.00","0.00","0.00","0.00"
"Erving","Invoice Charges","600.43","312.45","2.30","474.14","252.45","6.05","1090.54","10.68","9.91","2097.31","1868.85","25.82","6750.93","Payments","0.00","0.00","192.03","0.00","25.04","0.00","0.00","192.08","0.00","0.00","25.10","0.00","434.25","Credits","0.00","0.00","0.00","0.00","0.00","0.00","7.07","0.00","0.00","0.00","0.00","0.00","7.07","Write Offs","0.00","0.00","0.00","0.00","0.00","0.00","0.00","0.00","0.00","0.00","0.00","0.00","0.00","Refunds","0.00","0.00","0.00","0.00","0.00","0.00","0.00","0.00","0.00","0.00","0.00","0.00","0.00","Transfers","0.00","0.00","0.00","0.00","0.00","0.00","0.00","0.00","0.00","0.00","0.00","0.00","0.00"
"Essex","Invoice Charges","952.80","1410.56","2.91","14.64","478.80","11.22","283.11","2552.40","22.46","2349.39","32.43","31.51","8142.23","Payments","0.00","193.02","0.00","14.64","10.39","0.00","193.07","0.00","0.00","25.09","0.00","0.00","436.21","Credits","0.00","0.00","0.00","0.00","0.00","6.06","0.00","0.00","0.00","0.00","0.00","0.00","6.06","Write Offs","0.00","0.00","0.00","0.00","0.00","0.00","0.00","0.00","0.00","0.00","0.00","0.00","0.00","Refunds","0.00","0.00","0.00","0.00","0.00","0.00","0.00","0.00","0.00","0.00","0.00","0.00","0.00","Transfers","0.00","0.00","0.00","0.00","0.00","0.00","0.00","0.00","0.00","0.00","0.00","0.00","0.00"
"Everett","Invoice Charges","0.00","1149.40","0.00","928.87","7.64","7.91","608.96","338.10","11.14","10.78","2338.70","114.57","5516.07","Payments","194.01","0.00","0.00","25.02","0.00","194.06","0.00","0.00","11.14","10.78","197.27","0.00","632.28","Credits","0.00","0.00","0.00","0.00","5.05","0.00","0.00","0.00","0.00","0.00","0.00","0.00","5.05","Write Offs","0.00","0.00","0.00","0.00","0.00","0.00","0.00","0.00","0.00","0.00","0.00","0.00","0.00","Refunds","0.00","0.00","0.00","0.00","0.00","0.00","0.00","0.00","0.00","0.00","0.00","0.00","0.00","Transfers","0.00","0.00","0.00","0.00","0.00","0.00","0.00","0.00","0.00","0.00","0.00","0.00","0.00"
"Fairhaven","Invoice Charges","2502.12","10.63","9.60","1160.70","936.17","18.66","1130.19","23.54","23.54","270.40","2689.59","55.03","8830.17","Payments","0.00","10.63","9.60","4.78","195.05","0.00","0.00","23.54","1.53","195.10","(195.10)","0.00","245.13","Credits","0.00","0.00","0.00","4.04","0.00","0.00","0.00","0.00","0.00","0.00","0.00","0.00","4.04","Write Offs","0.00","0.00","0.00","0.00","0.00","0.00","0.00","0.00","0.00","0.00","0.00","0.00","0.00","Refunds","0.00","0.00","0.00","0.00","0.00","0.00","0.00","0.00","0.00","0.00","0.00","0.00","0.00","Transfers","0.00","0.00","0.00","0.00","0.00","0.00","0.00","0.00","0.00","0.00","0.00","0.00","0.00"
"Fall River","Invoice Charges","2858.24","2521.82","10.96","32.55","1171.54","27.16","26.40","1142.69","32.13","597.28","302.33","34.93","8758.03","Payments","0.00","0.00","0.00","196.04","0.00","0.00","25.06","0.00","196.09","(196.09)","0.00","0.00","221.10","Credits","0.00","0.00","3.03","0.00","0.00","0.00","0.00","0.00","0.00","0.00","0.00","0.00","3.03","Write Offs","0.00","0.00","0.00","0.00","0.00","0.00","0.00","0.00","0.00","0.00","0.00","0.00","0.00","Refunds","0.00","0.00","0.00","0.00","0.00","0.00","0.00","0.00","0.00","0.00","0.00","0.00","0.00","Transfers","0.00","0.00","0.00","0.00","0.00","0.00","0.00","0.00","0.00","0.00","0.00","0.00","0.00"
"Falmouth","Invoice Charges","2967.70","2657.73","11.38","1647.77","29.12","30.21","1384.08","2036.08","141.91","63.89","515.50","46.23","11531.60","Payments","0.00","0.00","197.03","0.00","0.00","25.05","0.00","197.08","(197.08)","0.00","0.00","25.11","247.19","Credits","0.00","2.02","0.00","0.00","0.00","0.00","0.00","0.00","0.00","0.00","11.11","0.00","13.13","Write Offs","0.00","0.00","0.00","0.00","0.00","0.00","0.00","0.00","0.00","0.00","0.00","0.00","0.00","Refunds","0.00","0.00","0.00","0.00","0.00","0.00","0.00","0.00","0.00","0.00","0.00","0.00","0.00","Transfers","0.00","0.00","0.00","0.00","0.00","0.00","0.00","0.00","0.00","0.00","0.00","0.00","0.00"
"Fitchburg","Invoice Charges","0.00","1035.07","0.00","6.76","1617.95","10.34","10.05","581.11","32.89","933.77","16.96","16.41","4261.31","Payments","0.00","198.02","0.00","0.00","25.04","0.00","198.07","(198.07)","0.00","0.00","16.96","8.14","248.16","Credits","1.01","0.00","0.00","0.00","0.00","0.00","0.00","0.00","0.00","10.10","0.00","0.00","11.11","Write Offs","0.00","0.00","0.00","0.00","0.00","0.00","0.00","0.00","0.00","0.00","0.00","0.00","0.00","Refunds","0.00","0.00","0.00","0.00","0.00","0.00","0.00","0.00","0.00","0.00","0.00","0.00","0.00","Transfers","0.00","0.00","0.00","0.00","0.00","0.00","0.00","0.00","0.00","0.00","0.00","0.00","0.00"
"Florida","Invoice Charges","794.28","2.53","2.28","2090.24","1860.94","19.22","628.46","41.96","22.15","1171.56","948.22","29.28","7611.12","Payments","199.01","0.00","0.00","25.03","0.00","199.06","(199.06)","0.00","0.00","25.09","199.11","0.00","448.24","Credits","0.00","0.00","0.00","0.00","0.00","0.00","0.00","0.00","9.09","0.00","0.00","0.00","9.09","Write Offs","0.00","0.00","0.00","0.00","0.00","0.00","0.00","0.00","0.00","0.00","0.00","0.00","0.00","Refunds","0.00","0.00","0.00","0.00","0.00","0.00","0.00","0.00","0.00","0.00","0.00","0.00","0.00","Transfers","0.00","0.00","0.00","0.00","0.00","0.00","0.00","0.00","0.00","0.00","0.00","0.00","0.00"
"Foxborough","Invoice Charges","0.00","2809.50","0.00","2350.27","2108.78","130.90","2107.25","1846.37","48.07","46.61","1197.59","50.91","12696.25","Payments","0.00","0.00","0.00","25.02","200.05","(200.05)","0.00","0.00","25.08","200.10","0.00","0.00","250.20","Credits","0.00","0.00","0.00","0.00","0.00","0.00","0.00","8.08","0.00","0.00","0.00","0.00","8.08","Write Offs","0.00","0.00","0.00","0.00","0.00","0.00","0.00","0.00","0.00","0.00","0.00","0.00","0.00","Refunds","0.00","0.00","0.00","0.00","0.00","0.00","0.00","0.00","0.00","0.00","0.00","0.00","0.00","Transfers","0.00","0.00","0.00","0.00","0.00","0.00","0.00","0.00","0.00","0.00","0.00","0.00","0.00"
"Framingham","Invoice Charges","233.40","127.05","0.90","2571.46","2440.67","42.70","1065.17","948.50","31.31","1644.09","37.57","36.51","9179.33","Payments","0.00","25.01","0.00","201.04","(201.04)","0.00","0.00","25.07","201.09","0.00","0.00","0.00","251.17","Credits","0.00","0.00","0.00","0.00","0.00","0.00","7.07","0.00","0.00","0.00","0.00","0.00","7.07","Write Offs","0.00","0.00","0.00","0.00","0.00","0.00","0.00","0.00","0.00","0.00","0.00","0.00","0.00","Refunds","0.00","0.00","0.00","0.00","0.00","0.00","0.00","0.00","0.00","0.00","0.00","0.00","0.00","Transfers","0.00","0.00","0.00","0.00","0.00","0.00","0.00","0.00","0.00","0.00","0.00","0.00","0.00"
"Franklin","Invoice Charges","342.85","234.88","1.32","353.02","2593.46","14.97","14.53","1058.11","18.60","1868.07","1641.10","32.50","8173.41","Payments","0.00","0.00","202.03","(202.03)","0.00","0.00","14.53","212.61","0.00","0.00","0.00","0.00","227.14","Credits","0.00","0.00","0.00","0.00","0.00","6.06","0.00","0.00","0.00","0.00","0.00","0.00","6.06","Write Offs","0.00","0.00","0.00","0.00","0.00","0.00","0.00","0.00","0.00","0.00","0.00","0.00","0.00","Refunds","0.00","0.00","0.00","0.00","0.00","0.00","0.00","0.00","0.00","0.00","0.00","0.00","0.00","Transfers","0.00","0.00","0.00","0.00","0.00","0.00","0.00","0.00","0.00","0.00","0.00","0.00","0.00"
"Freetown","Invoice Charges","683.69","345.79","105.83","496.01","254.23","7.99","1301.01","12.58","12.63","2099.95","1871.59","28.60","7219.90","Payments","0.00","203.02","(203.02)","0.00","0.00","7.99","220.13","0.00","0.00","0.00","0.00","25.11","253.23","Credits","0.00","0.00","0.00","0.00","5.05","0.00","0.00","0.00","0.00","0.00","0.00","0.00","5.05","Write Offs","0.00","0.00","0.00","0.00","0.00","0.00","0.00","0.00","0.00","0.00","0.00","0.00","0.00","Refunds","0.00","0.00","0.00","0.00","0.00","0.00","0.00","0.00","0.00","0.00","0.00","0.00","0.00","Transfers","0.00","0.00","0.00","0.00","0.00","0.00","0.00","0.00","0.00","0.00","0.00","0.00","0.00"
"Gardner","Invoice Charges","454.45","789.80","21.73","8.41","475.09","7.31","132.36","1300.43","12.55","2339.76","2110.22","29.55","7681.66","Payments","204.01","(204.01)","0.00","0.00","25.04","204.06","0.00","0.00","0.00","0.00","229.21","0.00","458.31","Credits","0.00","0.00","0.00","4.04","0.00","0.00","0.00","0.00","0.00","0.00","0.00","0.00","4.04","Write Offs","0.00","0.00","0.00","0.00","0.00","0.00","0.00","0.00","0.00","0.00","0.00","0.00","0.00","Refunds","0.00","0.00","0.00","0.00","0.00","0.00","0.00","0.00","0.00","0.00","0.00","0.00","0.00","Transfers","0.00","0.00","0.00","0.00","0.00","0.00","0.00","0.00","0.00","0.00","0.00","0.00","0.00"
"Georgetown","Invoice Charges","0.00","454.49","0.00","924.80","5.55","4.89","238.24","132.03","6.48","2575.94","2344.03","25.57","6712.02","Payments","0.00","0.00","0.00","25.03","205.05","0.00","0.00","0.00","0.00","230.19","0.00","0.00","460.27","Credits","0.00","0.00","3.03","0.00","0.00","0.00","0.00","0.00","0.00","0.00","0.00","0.00","3.03","Write Offs","0.00","0.00","0.00","0.00","0.00","0.00","0.00","0.00","0.00","0.00","0.00","0.00","0.00","Refunds","0.00","0.00","0.00","0.00","0.00","0.00","0.00","0.00","0.00","0.00","0.00","0.00","0.00","Transfers","0.00","0.00","0.00","0.00","0.00","0.00","0.00","0.00","0.00","0.00","0.00","0.00","0.00"
"Gill","Invoice Charges","801.66","3.40","3.07","1153.49","928.25","11.28","353.94","246.34","13.88","260.11","2583.70","24.18","6383.30","Payments","0.00","0.00","3.07","227.99","0.00","0.00","0.00","0.00","219.97","11.20","0.00","0.00","462.23","Credits","0.00","2.02","0.00","0.00","0.00","0.00","0.00","0.00","0.00","0.00","11.11","0.00","13.13","Write Offs","0.00","0.00","0.00","0.00","0.00","0.00","0.00","0.00","0.00","0.00","0.00","0.00","0.00","Refunds","0.00","0.00","0.00","0.00","0.00","0.00","0.00","0.00","0.00","0.00","0.00","0.00","0.00","Transfers","0.00","0.00","0.00","0.00","0.00","0.00","0.00","0.00","0.00","0.00","0.00","0.00","0.00"
"Gloucester","Invoice Charges","921.62","805.65","3.53","9.35","1156.26","11.31","694.93","357.32","14.84","484.29","264.45","17.46","4741.01","Payments","0.00","25.01","207.03","0.00","0.00","0.00","0.00","232.15","0.00","0.00","0.00","0.00","464.19","Credits","1.01","0.00","0.00","0.00","0.00","0.00","0.00","0.00","0.00","10.10","0.00","0.00","11.11","Write Offs","0.00","0.00","0.00","0.00","0.00","0.00","0.00","0.00","0.00","0.00","0.00","0.00","0.00","Refunds","0.00","0.00","0.00","0.00","0.00","0.00","0.00","0.00","0.00","0.00","0.00","0.00","0.00","Transfers","0.00","0.00","0.00","0.00","0.00","0.00","0.00","0.00","0.00","0.00","0.00","0.00","0.00"
"Goshen","Invoice Charges","1043.68","926.14","3.21","1625.54","13.93","14.46","468.68","699.53","18.49","17.93","488.48","20.01","5340.08","Payments","0.00","208.02","0.00","0.00","0.00","0.00","233.13","0.00","0.00","0.00","0.00","0.00","441.15","Credits","0.00","0.00","0.00","0.00","0.00","0.00","0.00","0.00","9.09","0.00","0.00","0.00","9.09","Write Offs","0.00","0.00","0.00","0.00","0.00","0.00","0.00","0.00","0.00","0.00","0.00","0.00","0.00","Refunds","0.00","0.00","0.00","0.00","0.00","0.00","0.00","0.00","0.00","0.00","0.00","0.00","0.00","Transfers","0.00","0.00","0.00","0.00","0.00","0.00","0.00","0.00","0.00","0.00","0.00","0.00","0.00"
"Gosnold","Invoice Charges","0.00","1043.78","0.00","1856.74","1625.55","18.33","16.88","472.16","19.46","940.06","23.53","22.01","6038.50","Payments","209.01","0.00","0.00","0.00","0.00","227.39","6.72","0.00","0.00","0.00","209.11","22.01","674.24","Credits","0.00","0.00","0.00","0.00","0.00","0.00","0.00","8.08","0.00","0.00","0.00","0.00","8.08","Write Offs","0.00","0.00","0.00","0.00","0.00","0.00","0.00","0.00","0.00","0.00","0.00","0.00","0.00","Refunds","0.00","0.00","0.00","0.00","0.00","0.00","0.00","0.00","0.00","0.00","0.00","0.00","0.00","Transfers","0.00","0.00","0.00","0.00","0.00","0.00","0.00","0.00","0.00","0.00","0.00","0.00","0.00"
"Grafton","Invoice Charges","1294.09","5.50","4.96","2093.24","1863.95","21.35","822.71","24.90","25.01","1174.37","950.36","32.07","8312.51","Payments","0.00","0.00","0.00","0.00","235.09","0.00","0.00","0.00","0.00","210.10","25.10","0.00","470.29","Credits","0.00","0.00","0.00","0.00","0.00","0.00","7.07","0.00","0.00","0.00","0.00","0.00","7.07","Write Offs","0.00","0.00","0.00","0.00","0.00","0.00","0.00","0.00","0.00","0.00","0.00","0.00","0.00","Refunds","0.00","0.00","0.00","0.00","0.00","0.00","0.00","0.00","0.00","0.00","0.00","0.00","0.00","Transfers","0.00","0.00","0.00","0.00","0.00","0.00","0.00","0.00","0.00","0.00","0.00","0.00","0.00"
"Granby","Invoice Charges","126.18","1294.75","0.48","2338.56","2102.16","23.89","945.15","830.02","31.51","29.75","1180.83","34.62","8937.90","Payments","0.00","0.00","0.00","236.07","0.00","0.00","0.00","0.00","211.09","25.09","0.00","0.00","472.25","Credits","0.00","0.00","0.00","0.00","0.00","6.06","0.00","0.00","0.00","0.00","0.00","0.00","6.06","Write Offs","0.00","0.00","0.00","0.00","0.00","0.00","0.00","0.00","0.00","0.00","0.00","0.00","0.00","Refunds","0.00","0.00","0.00","0.00","0.00","0.00","0.00","0.00","0.00","0.00","0.00","0.00","0.00","Transfers","0.00","0.00","0.00","0.00","0.00","0.00","0.00","0.00","0.00","0.00","0.00","0.00","0.00"
"Granville","Invoice Charges","233.65","127.18","0.90","2570.76","2338.64","21.36","1064.82","948.01","29.09","1642.66","36.09","35.07","9048.23","Payments","0.00","0.00","212.93","24.12","0.00","0.00","0.00","212.08","25.08","0.00","0.00","0.00","474.21","Credits","0.00","0.00","0.00","0.00","5.05","0.00","0.00","0.00","0.00","0.00","0.00","0.00","5.05","Write Offs","0.00","0.00","0.00","0.00","0.00","0.00","0.00","0.00","0.00","0.00","0.00","0.00","0.00","Refunds","0.00","0.00","0.00","0.00","0.00","0.00","0.00","0.00","0.00","0.00","0.00","0.00","0.00","Transfers","0.00","0.00","0.00","0.00","0.00","0.00","0.00","0.00","0.00","0.00","0.00","0.00","0.00"
"Great Barrington","Invoice Charges","343.22","235.14","0.50","249.78","2572.05","13.41","13.04","1056.78","17.00","1866.51","1639.49","30.93","8037.85","Payments","0.00","238.03","0.00","0.00","0.00","0.00","213.07","25.07","0.00","0.00","0.00","0.00","476.17","Credits","0.00","0.00","0.00","4.04","0.00","0.00","0.00","0.00","0.00","0.00","0.00","0.00","4.04","Write Offs","0.00","0.00","0.00","0.00","0.00","0.00","0.00","0.00","0.00","0.00","0.00","0.00","0.00","Refunds","0.00","0.00","0.00","0.00","0.00","0.00","0.00","0.00","0.00","0.00","0.00","0.00","0.00","Transfers","0.00","0.00","0.00","0.00","0.00","0.00","0.00","0.00","0.00","0.00","0.00","0.00","0.00"
"Greenfield","Invoice Charges","684.39","2.00","345.05","473.34","252.82","6.54","1300.04","11.08","11.12","2098.49","1870.07","26.24","7081.18","Payments","214.01","0.00","0.00","0.00","0.00","214.06","25.06","0.00","0.00","0.00","214.11","0.00","667.24","Credits","0.00","0.00","3.03","0.00","0.00","0.00","0.00","0.00","0.00","0.00","0.00","0.00","3.03","Write Offs","0.00","0.00","0.00","0.00","0.00","0.00","0.00","0.00","0.00","0.00","0.00","0.00","0.00","Refunds","0.00","0.00","0.00","0.00","0.00","0.00","0.00","0.00","0.00","0.00","0.00","0.00","0.00","Transfers","0.00","0.00","0.00","0.00","0.00","0.00","0.00","0.00","0.00","0.00","0.00","0.00","0.00"
"Groton","Invoice Charges","454.93","1.93","686.20","4.85","474.58","5.97","132.02","1301.13","11.97","2339.20","2108.72","28.99","7550.49","Payments","0.00","0.00","0.00","0.00","215.05","5.97","19.08","0.00","0.00","215.10","0.00","25.11","480.31","Credits","0.00","2.02","0.00","0.00","0.00","0.00","0.00","0.00","0.00","0.00","11.11","0.00","13.13","Write Offs","0.00","0.00","0.00","0.00","0.00","0.00","0.00","0.00","0.00","0.00","0.00","0.00","0.00","Refunds","0.00","0.00","0.00","0.00","0.00","0.00","0.00","0.00","0.00","0.00","0.00","0.00","0.00","Transfers","0.00","0.00","0.00","0.00","0.00","0.00","0.00","0.00","0.00","0.00","0.00","0.00","0.00"
"Groveland","Invoice Charges","0.00","0.00","454.97","923.08","4.77","4.93","238.51","132.13","6.44","2575.01","2344.00","25.44","6709.28","Payments","0.00","0.00","0.00","216.04","4.77","4.93","15.34","0.00","216.09","0.00","25.10","0.00","482.27","Credits","1.01","0.00","0.00","0.00","0.00","0.00","0.00","0.00","0.00","10.10","0.00","0.00","11.11","Write Offs","0.00","0.00","0.00","0.00","0.00","0.00","0.00","0.00","0.00","0.00","0.00","0.00","0.00","Refunds","0.00","0.00","0.00","0.00","0.00","0.00","0.00","0.00","0.00","0.00","0.00","0.00","0.00","Transfers","0.00","0.00","0.00","0.00","0.00","0.00","0.00","0.00","0.00","0.00","0.00","0.00","0.00"
"Hadley","Invoice Charges","802.48","3.28","2.84","1152.20","927.27","9.99","352.93","245.03","11.25","258.30","2580.95","21.29","6367.81","Payments","31.01","31.02","248.06","162.20","63.13","31.06","31.07","248.16","31.09","216.89","63.31","0.00","1157.00","Credits","0.00","0.00","0.00","0.00","0.00","0.00","0.00","0.00","9.09","0.00","0.00","0.00","9.09","Write Offs","0.00","0.00","0.00","0.00","0.00","0.00","0.00","0.00","0.00","0.00","0.00","0.00","0.00","Refunds","0.00","0.00","0.00","0.00","0.00","0.00","0.00","0.00","0.00","0.00","0.00","0.00","0.00","Transfers","0.00","0.00","0.00","0.00","0.00","0.00","0.00","0.00","0.00","0.00","0.00","0.00","0.00"
"Halifax","Invoice Charges","922.56","3.78","805.03","5.93","1155.68","9.91","694.15","355.09","13.04","482.36","14.04","13.51","4475.08","Payments","32.01","250.04","57.05","32.04","188.27","32.06","250.14","32.08","45.13","214.84","32.11","0.00","1165.77","Credits","0.00","0.00","0.00","0.00","0.00","0.00","0.00","8.08","0.00","0.00","0.00","0.00","8.08","Write Offs","0.00","0.00","0.00","0.00","0.00","0.00","0.00","0.00","0.00","0.00","0.00","0.00","0.00","Refunds","0.00","0.00","0.00","0.00","0.00","0.00","0.00","0.00","0.00","0.00","0.00","0.00","0.00","Transfers","0.00","0.00","0.00","0.00","0.00","0.00","0.00","0.00","0.00","0.00","0.00","0.00","0.00"
"Hamilton","Invoice Charges","1044.73","3.51","925.82","1621.84","13.77","14.29","468.09","700.10","18.25","17.73","488.27","18.91","5335.31","Payments","219.01","3.51","21.50","0.00","0.00","219.06","0.00","25.07","0.00","0.00","219.11","0.00","707.26","Credits","0.00","0.00","0.00","0.00","0.00","0.00","7.07","0.00","0.00","0.00","0.00","0.00","7.07","Write Offs","0.00","0.00","0.00","0.00","0.00","0.00","0.00","0.00","0.00","0.00","0.00","0.00","0.00","Refunds","0.00","0.00","0.00","0.00","0.00","0.00","0.00","0.00","0.00","0.00","0.00","0.00","0.00","Transfers","0.00","0.00","0.00","0.00","0.00","0.00","0.00","0.00","0.00","0.00","0.00","0.00","0.00"
"Hampden","Invoice Charges","0.00","0.00","1044.83","1854.43","1626.40","18.28","17.74","18.34","18.38","939.02","21.51","20.91","5579.84","Payments","0.00","0.00","0.00","0.00","220.05","0.00","17.74","7.32","0.00","220.10","0.00","0.00","465.21","Credits","0.00","0.00","0.00","0.00","0.00","6.06","0.00","0.00","0.00","0.00","0.00","0.00","6.06","Write Offs","0.00","0.00","0.00","0.00","0.00","0.00","0.00","0.00","0.00","0.00","0.00","0.00","0.00","Refunds","0.00","0.00","0.00","0.00","0.00","0.00","0.00","0.00","0.00","0.00","0.00","0.00","0.00","Transfers","0.00","0.00","0.00","0.00","0.00","0.00","0.00","0.00","0.00","0.00","0.00","0.00","0.00"
"Hancock","Invoice Charges","1188.21","5.05","4.56","2092.79","1862.60","20.92","20.25","20.99","21.08","1169.65","946.35","28.27","7380.72","Payments","0.00","0.00","0.00","221.04","0.00","20.92","4.13","0.00","221.09","0.00","0.00","25.11","492.29","Credits","0.00","0.00","0.00","0.00","5.05","0.00","0.00","0.00","0.00","0.00","0.00","0.00","5.05","Write Offs","0.00","0.00","0.00","0.00","0.00","0.00","0.00","0.00","0.00","0.00","0.00","0.00","0.00","Refunds","0.00","0.00","0.00","0.00","0.00","0.00","0.00","0.00","0.00","0.00","0.00","0.00","0.00","Transfers","0.00","0.00","0.00","0.00","0.00","0.00","0.00","0.00","0.00","0.00","0.00","0.00","0.00"
"Hanover","Invoice Charges","131.06","0.56","1200.47","2332.27","14.13","14.60","884.17","804.76","20.85","20.26","1171.09","25.05","6619.27","Payments","0.00","0.00","222.03","0.00","14.13","10.91","0.00","222.08","0.00","0.00","25.10","0.00","494.25","Credits","0.00","0.00","0.00","4.04","0.00","0.00","0.00","0.00","0.00","0.00","0.00","0.00","4.04","Write Offs","0.00","0.00","0.00","0.00","0.00","0.00","0.00","0.00","0.00","0.00","0.00","0.00","0.00","Refunds","0.00","0.00","0.00","0.00","0.00","0.00","0.00","0.00","0.00","0.00","0.00","0.00","0.00","Transfers","0.00","0.00","0.00","0.00","0.00","0.00","0.00","0.00","0.00","0.00","0.00","0.00","0.00"
"Hanson","Invoice Charges","235.74","1.00","129.88","0.60","2328.14","10.38","1015.02","892.43","17.58","1631.57","24.47","23.78","6310.59","Payments","0.00","223.02","0.00","0.60","24.43","0.00","223.07","0.00","0.00","25.09","0.00","0.00","496.21","Credits","0.00","0.00","3.03","0.00","0.00","0.00","0.00","0.00","0.00","0.00","0.00","0.00","3.03","Write Offs","0.00","0.00","0.00","0.00","0.00","0.00","0.00","0.00","0.00","0.00","0.00","0.00","0.00","Refunds","0.00","0.00","0.00","0.00","0.00","0.00","0.00","0.00","0.00","0.00","0.00","0.00","0.00","Transfers","0.00","0.00","0.00","0.00","0.00","0.00","0.00","0.00","0.00","0.00","0.00","0.00","0.00"
"Hardwick","Invoice Charges","346.25","0.52","0.47","248.05","1.41","2571.11","11.07","1006.94","15.76","1865.24","1638.13","28.64","7733.59","Payments","224.01","0.00","0.00","25.02","0.00","224.06","0.00","0.00","15.76","9.32","224.11","0.00","722.28","Credits","0.00","2.02","0.00","0.00","0.00","0.00","0.00","0.00","0.00","0.00","11.11","0.00","13.13","Write Offs","0.00","0.00","0.00","0.00","0.00","0.00","0.00","0.00","0.00","0.00","0.00","0.00","0.00","Refunds","0.00","0.00","0.00","0.00","0.00","0.00","0.00","0.00","0.00","0.00","0.00","0.00","0.00","Transfers","0.00","0.00","0.00","0.00","0.00","0.00","0.00","0.00","0.00","0.00","0.00","0.00","0.00"
"Harvard","Invoice Charges","0.00","0.00","339.62","471.20","3.23","250.88","1215.72","9.04","9.04","2096.43","1867.86","24.45","6287.47","Payments","0.00","0.00","25.01","0.00","225.05","0.00","0.00","9.04","9.04","232.09","0.00","0.00","500.23","Credits","1.01","0.00","0.00","0.00","0.00","0.00","0.00","0.00","0.00","10.10","0.00","0.00","11.11","Write Offs","0.00","0.00","0.00","0.00","0.00","0.00","0.00","0.00","0.00","0.00","0.00","0.00","0.00","Refunds","0.00","0.00","0.00","0.00","99.05","0.00","0.00","0.00","0.00","99.10","0.00","0.00","198.15","Transfers","0.00","0.00","0.00","0.00","0.00","0.00","0.00","0.00","0.00","0.00","0.00","0.00","0.00"
"Harwich","Invoice Charges","445.80","1.89","679.13","4.79","4.65","474.68","132.22","1195.55","11.83","2339.02","2108.92","29.22","7427.70","Payments","0.00","0.00","0.00","226.04","0.00","0.00","25.06","0.00","226.09","0.00","0.00","0.00","477.19","Credits","0.00","0.00","0.00","0.00","0.00","0.00","0.00","0.00","9.09","0.00","0.00","0.00","9.09","Write Offs","0.00","0.00","0.00","0.00","0.00","0.00","0.00","0.00","0.00","0.00","0.00","0.00","0.00","Refunds","0.00","0.00","0.00","99.04","0.00","0.00","0.00","0.00","99.09","0.00","0.00","0.00","198.13","Transfers","0.00","0.00","0.00","0.00","0.00","0.00","0.00","0.00","0.00","0.00","0.00","0.00","0.00"
"Hatfield","Invoice Charges","0.00","0.00","450.21","923.06","5.12","5.31","238.67","137.36","6.79","2576.21","2344.77","26.29","6713.79","Payments","0.00","0.00","227.03","0.00","0.00","5.31","19.74","227.08","0.00","0.00","0.00","25.11","504.27","Credits","0.00","0.00","0.00","0.00","0.00","0.00","0.00","8.08","0.00","0.00","0.00","0.00","8.08","Write Offs","0.00","0.00","0.00","0.00","0.00","0.00","0.00","0.00","0.00","0.00","0.00","0.00","0.00","Refunds","0.00","0.00","99.03","0.00","0.00","0.00","0.00","99.08","0.00","0.00","0.00","0.00","198.11","Transfers","0.00","0.00","0.00","0.00","0.00","0.00","0.00","0.00","0.00","0.00","0.00","0.00","0.00"
"Haverhill","Invoice Charges","771.87","3.28","2.96","1153.37","7.41","928.80","360.86","248.88","13.54","260.68","2584.34","24.74","6360.73","Payments","0.00","228.02","0.00","0.00","7.41","17.63","228.07","0.00","0.00","0.00","25.10","0.00","506.23","Credits","0.00","0.00","0.00","0.00","0.00","0.00","7.07","0.00","0.00","0.00","0.00","0.00","7.07","Write Offs","0.00","0.00","0.00","0.00","0.00","0.00","0.00","0.00","0.00","0.00","0.00","0.00","0.00","Refunds","0.00","99.02","0.00","0.00","0.00","0.00","99.07","0.00","0.00","0.00","0.00","0.00","198.09","Transfers","0.00","0.00","0.00","0.00","0.00","0.00","0.00","0.00","0.00","0.00","0.00","0.00","0.00"
"Hawley","Invoice Charges","887.68","3.77","760.36","6.46","6.25","1156.53","675.66","360.02","15.14","484.59","264.69","147.68","4768.83","Payments","229.01","0.00","0.00","6.46","6.25","241.38","0.00","0.00","0.00","25.09","229.11","0.00","737.30","Credits","0.00","0.00","0.00","0.00","0.00","6.06","0.00","0.00","0.00","0.00","0.00","0.00","6.06","Write Offs","0.00","0.00","0.00","0.00","0.00","0.00","0.00","0.00","0.00","0.00","0.00","0.00","0.00","Refunds","99.01","0.00","0.00","0.00","0.00","99.06","0.00","0.00","0.00","0.00","99.11","0.00","297.18","Transfers","0.00","0.00","0.00","0.00","0.00","0.00","0.00","0.00","0.00","0.00","0.00","0.00","0.00"
"Heath","Invoice Charges","967.32","4.11","874.42","1622.24","14.15","13.68","468.01","667.62","18.56","17.96","618.50","19.61","5306.18","Payments","0.00","0.00","25.02","0.00","230.05","0.00","0.00","0.00","18.56","236.62","0.00","0.00","510.25","Credits","0.00","0.00","0.00","0.00","5.05","0.00","0.00","0.00","0.00","0.00","0.00","0.00","5.05","Write Offs","0.00","0.00","0.00","0.00","0.00","0.00","0.00","0.00","0.00","0.00","0.00","0.00","0.00","Refunds","0.00","0.00","0.00","0.00","0.00","0.00","0.00","0.00","0.00","0.00","0.00","0.00","0.00","Transfers","0.00","0.00","0.00","0.00","0.00","0.00","0.00","0.00","0.00","0.00","0.00","0.00","0.00"
"Hingham","Invoice Charges","0.00","0.00","1005.69","1854.15","10.68","1625.58","17.41","464.07","19.93","1071.56","23.58","22.92","6115.57","Payments","0.00","0.00","25.01","231.04","0.00","0.00","0.00","25.07","231.09","0.00","0.00","0.00","512.21","Credits","0.00","0.00","0.00","4.04","0.00","0.00","0.00","0.00","0.00","0.00","0.00","0.00","4.04","Write Offs","0.00","0.00","0.00","0.00","0.00","0.00","0.00","0.00","0.00","0.00","0.00","0.00","0.00","Refunds","0.00","0.00","0.00","0.00","0.00","0.00","0.00","0.00","0.00","0.00","0.00","0.00","0.00","Transfers","0.00","0.00","0.00","0.00","0.00","0.00","0.00","0.00","0.00","0.00","0.00","0.00","0.00"
"Hinsdale","Invoice Charges","1224.43","5.20","4.70","2091.94","12.70","1863.17","785.08","24.32","156.43","1173.40","950.24","32.05","8323.66","Payments","0.00","0.00","232.03","0.00","0.00","0.00","25.06","232.08","0.00","0.00","0.00","0.00","489.17","Credits","0.00","0.00","3.03","0.00","0.00","0.00","0.00","0.00","0.00","0.00","0.00","0.00","3.03","Write Offs","0.00","0.00","0.00","0.00","0.00","0.00","0.00","0.00","0.00","0.00","0.00","0.00","0.00","Refunds","0.00","0.00","0.00","0.00","0.00","0.00","0.00","0.00","0.00","0.00","0.00","0.00","0.00","Transfers","0.00","0.00","0.00","0.00","0.00","0.00","0.00","0.00","0.00","0.00","0.00","0.00","0.00"
"Holbrook","Invoice Charges","128.71","0.55","1212.91","2332.26","14.13","2102.35","919.28","932.63","30.36","29.51","1180.69","34.43","8917.81","Payments","0.00","233.02","0.00","0.00","0.00","25.05","233.07","0.00","0.00","0.00","0.00","25.11","516.25","Credits","0.00","2.02","0.00","0.00","0.00","0.00","0.00","0.00","0.00","0.00","11.11","0.00","13.13","Write Offs","0.00","0.00","0.00","0.00","0.00","0.00","0.00","0.00","0.00","0.00","0.00","0.00","0.00","Refunds","0.00","0.00","0.00","0.00","0.00","0.00","0.00","0.00","0.00","0.00","0.00","0.00","0.00","Transfers","0.00","0.00","0.00","0.00","0.00","0.00","0.00","0.00","0.00","0.00","0.00","0.00","0.00"
"Holden","Invoice Charges","238.27","0.01","126.23","2570.19","11.09","2339.02","1141.53","913.30","29.07","1642.74","36.13","34.04","9081.62","Payments","234.01","0.00","0.00","0.00","11.09","248.01","0.00","0.00","0.00","0.00","259.21","0.00","752.32","Credits","1.01","0.00","0.00","0.00","0.00","0.00","0.00","0.00","0.00","10.10","0.00","0.00","11.11","Write Offs","0.00","0.00","0.00","0.00","0.00","0.00","0.00","0.00","0.00","0.00","0.00","0.00","0.00","Refunds","0.00","0.00","0.00","0.00","0.00","0.00","0.00","0.00","0.00","0.00","0.00","0.00","0.00","Transfers","0.00","0.00","0.00","0.00","0.00","0.00","0.00","0.00","0.00","0.00","0.00","0.00","0.00"
"Holland","Invoice Charges","336.63","1.43","235.01","249.97","3.28","2708.03","13.46","981.76","18.13","1867.57","1639.49","30.93","8085.69","Payments","0.00","0.00","0.00","25.03","235.05","0.00","0.00","0.00","0.00","260.19","0.00","0.00","520.27","Credits","0.00","0.00","0.00","0.00","0.00","0.00","0.00","0.00","9.09","0.00","0.00","0.00","9.09","Write Offs","0.00","0.00","0.00","0.00","0.00","0.00","0.00","0.00","0.00","0.00","0.00","0.00","0.00","Refunds","0.00","0.00","0.00","0.00","0.00","0.00","0.00","0.00","0.00","0.00","0.00","0.00","0.00","Transfers","0.00","0.00","0.00","0.00","0.00","0.00","0.00","0.00","0.00","0.00","0.00","0.00","0.00"
"Holliston","Invoice Charges","658.73","2.80","352.50","474.08","142.03","253.34","1184.98","11.92","11.94","2098.26","1869.78","26.84","7087.20","Payments","0.00","0.00","25.02","236.04","0.00","0.00","0.00","0.00","248.03","13.14","0.00","0.00","522.23","Credits","0.00","0.00","0.00","0.00","0.00","0.00","0.00","8.08","0.00","0.00","0.00","0.00","8.08","Write Offs","0.00","0.00","0.00","0.00","0.00","0.00","0.00","0.00","0.00","0.00","0.00","0.00","0.00","Refunds","0.00","0.00","0.00","0.00","0.00","0.00","0.00","0.00","0.00","0.00","0.00","0.00","0.00","Transfers","0.00","0.00","0.00","0.00","0.00","0.00","0.00","0.00","0.00","0.00","0.00","0.00","0.00"
"Holyoke","Invoice Charges","459.38","1.95","667.00","141.67","4.14","474.17","133.61","1231.87","10.97","2338.22","2108.62","28.93","7600.53","Payments","0.00","1.95","260.09","0.00","0.00","0.00","0.00","262.15","0.00","0.00","0.00","0.00","524.19","Credits","0.00","0.00","0.00","0.00","0.00","0.00","7.07","0.00","0.00","0.00","0.00","0.00","7.07","Write Offs","0.00","0.00","0.00","0.00","0.00","0.00","0.00","0.00","0.00","0.00","0.00","0.00","0.00","Refunds","0.00","0.00","0.00","0.00","0.00","0.00","0.00","0.00","0.00","0.00","0.00","0.00","0.00","Transfers","0.00","0.00","0.00","0.00","0.00","0.00","0.00","0.00","0.00","0.00","0.00","0.00","0.00"
"Hopedale","Invoice Charges","0.00","0.00","594.05","922.66","5.25","5.45","245.94","134.15","5.95","2575.42","2344.47","26.00","6859.34","Payments","0.00","238.02","0.00","0.00","0.00","0.00","263.13","0.00","0.00","0.00","0.00","0.00","501.15","Credits","0.00","0.00","0.00","0.00","0.00","6.06","0.00","0.00","0.00","0.00","0.00","0.00","6.06","Write Offs","0.00","0.00","0.00","0.00","0.00","0.00","0.00","0.00","0.00","0.00","0.00","0.00","0.00","Refunds","0.00","0.00","0.00","0.00","0.00","0.00","0.00","0.00","0.00","0.00","0.00","0.00","0.00","Transfers","0.00","0.00","0.00","0.00","0.00","0.00","0.00","0.00","0.00","0.00","0.00","0.00","0.00"
"Hopkinton","Invoice Charges","780.18","142.29","2.08","1153.53","7.56","928.97","353.72","250.54","13.21","260.37","2584.01","23.54","6500.00","Payments","239.01","0.00","0.00","0.00","0.00","264.11","0.00","0.00","0.00","0.00","239.11","23.54","765.77","Credits","0.00","0.00","0.00","0.00","5.05","0.00","0.00","0.00","0.00","0.00","0.00","0.00","5.05","Write Offs","0.00","0.00","0.00","0.00","0.00","0.00","0.00","0.00","0.00","0.00","0.00","0.00","0.00","Refunds","0.00","0.00","0.00","0.00","0.00","0.00","0.00","0.00","0.00","0.00","0.00","0.00","0.00","Transfers","0.00","0.00","0.00","0.00","0.00","0.00","0.00","0.00","0.00","0.00","0.00","0.00","0.00"
"Hubbardston","Invoice Charges","863.03","3.66","768.58","6.96","6.73","1156.01","682.30","350.46","15.15","484.60","263.79","16.71","4617.98","Payments","0.00","0.00","0.00","0.00","246.78","18.31","0.00","0.00","0.00","240.10","25.10","0.00","530.29","Credits","0.00","0.00","0.00","4.04","0.00","0.00","0.00","0.00","0.00","0.00","0.00","0.00","4.04","Write Offs","0.00","0.00","0.00","0.00","0.00","0.00","0.00","0.00","0.00","0.00","0.00","0.00","0.00","Refunds","0.00","0.00","0.00","0.00","0.00","0.00","0.00","0.00","0.00","0.00","0.00","0.00","0.00","Transfers","0.00","0.00","0.00","0.00","0.00","0.00","0.00","0.00","0.00","0.00","0.00","0.00","0.00"
"Hudson","Invoice Charges","1674.49","7.11","1498.90","1628.01","18.66","19.36","783.25","1151.22","27.65","25.88","496.62","27.93","7359.08","Payments","0.00","0.00","0.00","266.07","0.00","0.00","0.00","0.00","241.09","25.09","0.00","0.00","532.25","Credits","0.00","0.00","3.03","0.00","0.00","0.00","0.00","0.00","0.00","0.00","0.00","0.00","3.03","Write Offs","0.00","0.00","0.00","0.00","0.00","0.00","0.00","0.00","0.00","0.00","0.00","0.00","0.00","Refunds","0.00","0.00","0.00","0.00","0.00","0.00","0.00","0.00","0.00","0.00","0.00","0.00","0.00","Transfers","0.00","0.00","0.00","0.00","0.00","0.00","0.00","0.00","0.00","0.00","0.00","0.00","0.00"
"Hull","Invoice Charges","0.00","0.00","2334.78","1858.76","16.13","1631.22","22.90","1089.64","27.36","947.63","31.39","30.46","7990.27","Payments","0.00","0.00","267.05","0.00","0.00","0.00","0.00","242.08","25.08","0.00","0.00","0.00","534.21","Credits","0.00","2.02","0.00","0.00","0.00","0.00","0.00","0.00","0.00","0.00","11.11","0.00","13.13","Write Offs","0.00","0.00","0.00","0.00","0.00","0.00","0.00","0.00","0.00","0.00","0.00","0.00","0.00","Refunds","0.00","0.00","0.00","0.00","0.00","0.00","0.00","0.00","0.00","0.00","0.00","0.00","0.00","Transfers","0.00","0.00","0.00","0.00","0.00","0.00","0.00","0.00","0.00","0.00","0.00","0.00","0.00"
"Huntington","Invoice Charges","268.26","1.13","0.09","2087.78","8.58","1858.89","188.71","16.57","16.57","1166.14","21.51","20.91","5655.14","Payments","0.00","244.15","0.09","23.79","0.00","0.00","243.07","16.57","8.50","0.00","0.00","0.00","536.17","Credits","1.01","0.00","0.00","0.00","0.00","0.00","0.00","0.00","0.00","10.10","0.00","0.00","11.11","Write Offs","0.00","0.00","0.00","0.00","0.00","0.00","0.00","0.00","0.00","0.00","0.00","0.00","0.00","Refunds","0.00","0.00","0.00","0.00","0.00","0.00","0.00","0.00","0.00","0.00","0.00","0.00","0.00","Transfers","0.00","0.00","0.00","0.00","0.00","0.00","0.00","0.00","0.00","0.00","0.00","0.00","0.00"
"Ipswich","Invoice Charges","275.86","0.14","2574.80","2338.63","20.32","2108.77","1913.10","1692.17","44.21","42.93","1194.61","47.01","12252.55","Payments","244.01","0.00","0.00","0.00","0.00","244.06","25.06","0.00","0.00","0.00","244.11","0.00","757.24","Credits","0.00","0.00","0.00","0.00","0.00","0.00","0.00","0.00","9.09","0.00","0.00","0.00","9.09","Write Offs","0.00","0.00","0.00","0.00","0.00","0.00","0.00","0.00","0.00","0.00","0.00","0.00","0.00","Refunds","0.00","0.00","0.00","0.00","0.00","0.00","0.00","0.00","0.00","0.00","0.00","0.00","0.00","Transfers","0.00","0.00","0.00","0.00","0.00","0.00","0.00","0.00","0.00","0.00","0.00","0.00","0.00"
"Kingston","Invoice Charges","663.63","2.82","364.53","2574.03","14.82","2341.89","2798.59","36.05","36.17","1649.64","42.29","41.10","10565.56","Payments","0.00","0.00","0.00","0.00","245.05","25.05","0.00","0.00","0.00","245.10","0.00","25.11","540.31","Credits","0.00","0.00","0.00","0.00","0.00","0.00","0.00","8.08","0.00","0.00","0.00","0.00","8.08","Write Offs","0.00","0.00","0.00","0.00","0.00","0.00","0.00","0.00","0.00","0.00","0.00","0.00","0.00","Refunds","0.00","0.00","0.00","0.00","0.00","0.00","0.00","0.00","0.00","0.00","0.00","0.00","0.00","Transfers","0.00","0.00","0.00","0.00","0.00","0.00","0.00","0.00","0.00","0.00","0.00","0.00","0.00"
"Lakeville","Invoice Charges","952.01","4.04","658.15","254.40","6.67","2576.53","17.18","2754.82","29.50","1877.64","1651.04","42.05","10824.03","Payments","0.00","0.00","0.00","246.04","6.67","18.37","0.00","0.00","246.09","0.00","25.10","0.00","542.27","Credits","0.00","0.00","0.00","0.00","0.00","0.00","7.07","0.00","0.00","0.00","0.00","0.00","7.07","Write Offs","0.00","0.00","0.00","0.00","0.00","0.00","0.00","0.00","0.00","0.00","0.00","0.00","0.00","Refunds","0.00","0.00","0.00","0.00","0.00","0.00","0.00","0.00","0.00","0.00","0.00","0.00","0.00","Transfers","0.00","0.00","0.00","0.00","0.00","0.00","0.00","0.00","0.00","0.00","0.00","0.00","0.00"
"Lancaster","Invoice Charges","883.82","3.75","459.55","474.56","6.37","6.61","1602.99","13.42","12.42","2099.76","1871.28","28.29","7462.82","Payments","0.00","0.00","247.03","25.03","0.00","0.00","0.00","247.08","0.00","25.09","0.00","0.00","544.23","Credits","0.00","0.00","0.00","0.00","0.00","6.06","0.00","0.00","0.00","0.00","0.00","0.00","6.06","Write Offs","0.00","0.00","0.00","0.00","0.00","0.00","0.00","0.00","0.00","0.00","0.00","0.00","0.00","Refunds","0.00","0.00","0.00","0.00","0.00","0.00","0.00","0.00","0.00","0.00","0.00","0.00","0.00","Transfers","0.00","0.00","0.00","0.00","0.00","0.00","0.00","0.00","0.00","0.00","0.00","0.00","0.00"
"Lanesborough","Invoice Charges","258.07","1.10","380.99","1.56","1.52","471.44","77.18","691.00","5.76","2333.14","2103.27","23.73","6348.76","Payments","0.00","248.02","25.02","0.00","0.00","0.00","248.07","0.00","5.76","19.32","0.00","0.00","546.19","Credits","0.00","0.00","0.00","0.00","5.05","0.00","0.00","0.00","0.00","0.00","0.00","0.00","5.05","Write Offs","0.00","0.00","0.00","0.00","0.00","0.00","0.00","0.00","0.00","0.00","0.00","0.00","0.00","Refunds","0.00","0.00","0.00","0.00","0.00","0.00","0.00","0.00","0.00","0.00","0.00","0.00","0.00","Transfers","0.00","0.00","0.00","0.00","0.00","0.00","0.00","0.00","0.00","0.00","0.00","0.00","0.00"
"Lawrence","Invoice Charges","0.00","0.00","0.00","921.15","2.64","2.74","452.58","249.59","4.57","2574.08","2343.08","23.63","6574.06","Payments","249.01","0.00","0.00","25.01","0.00","249.06","0.00","25.07","0.00","0.00","249.11","0.00","797.26","Credits","0.00","0.00","0.00","4.04","0.00","0.00","0.00","0.00","0.00","0.00","0.00","0.00","4.04","Write Offs","0.00","0.00","0.00","0.00","0.00","0.00","0.00","0.00","0.00","0.00","0.00","0.00","0.00","Refunds","0.00","0.00","0.00","0.00","0.00","0.00","0.00","0.00","0.00","0.00","0.00","0.00","0.00","Transfers","0.00","0.00","0.00","0.00","0.00","0.00","0.00","0.00","0.00","0.00","0.00","0.00","0.00"
"Lee","Invoice Charges","0.00","0.00","0.00","1150.07","4.71","924.98","210.85","148.35","9.18","256.45","2578.88","19.54","5303.01","Payments","0.00","0.00","0.00","0.00","250.05","0.00","25.06","0.00","0.00","250.10","0.00","0.00","525.21","Credits","0.00","0.00","3.03","0.00","0.00","0.00","0.00","0.00","0.00","0.00","0.00","0.00","3.03","Write Offs","0.00","0.00","0.00","0.00","0.00","0.00","0.00","0.00","0.00","0.00","0.00","0.00","0.00","Refunds","0.00","0.00","0.00","0.00","0.00","0.00","0.00","0.00","0.00","0.00","0.00","0.00","0.00","Transfers","0.00","0.00","0.00","0.00","0.00","0.00","0.00","0.00","0.00","0.00","0.00","0.00","0.00"
"Leicester","Invoice Charges","1177.80","5.00","1038.69","9.44","8.13","1158.50","903.35","476.71","19.11","487.41","267.72","20.60","5572.46","Payments","0.00","0.00","0.00","251.04","0.00","25.05","0.00","0.00","251.09","0.00","0.00","20.60","547.78","Credits","0.00","2.02","0.00","0.00","0.00","0.00","0.00","0.00","0.00","0.00","11.11","0.00","13.13","Write Offs","0.00","0.00","0.00","0.00","0.00","0.00","0.00","0.00","0.00","0.00","0.00","0.00","0.00","Refunds","0.00","0.00","0.00","0.00","0.00","0.00","0.00","0.00","0.00","0.00","0.00","0.00","0.00","Transfers","0.00","0.00","0.00","0.00","0.00","0.00","0.00","0.00","0.00","0.00","0.00","0.00","0.00"
"Lenox","Invoice Charges","594.36","2.52","532.04","1618.22","10.25","10.59","281.59","412.32","12.45","12.10","482.38","13.99","3982.81","Payments","0.00","0.00","252.03","0.00","10.25","10.59","4.20","252.08","0.00","0.00","25.10","0.00","554.25","Credits","1.01","0.00","0.00","0.00","0.00","0.00","0.00","0.00","0.00","10.10","0.00","0.00","11.11","Write Offs","0.00","0.00","0.00","0.00","0.00","0.00","0.00","0.00","0.00","0.00","0.00","0.00","0.00","Refunds","0.00","0.00","0.00","0.00","0.00","0.00","0.00","0.00","0.00","0.00","0.00","0.00","0.00","Transfers","0.00","0.00","0.00","0.00","0.00","0.00","0.00","0.00","0.00","0.00","0.00","0.00","0.00"
"Leominster","Invoice Charges","0.00","0.00","1120.70","1853.67","11.08","1625.99","17.81","529.03","19.65","940.21","23.58","22.92","6164.64","Payments","0.00","253.02","0.00","25.03","0.00","0.00","253.07","0.00","0.00","25.09","0.00","0.00","556.21","Credits","0.00","0.00","0.00","0.00","0.00","0.00","0.00","0.00","9.09","0.00","0.00","0.00","9.09","Write Offs","0.00","0.00","0.00","0.00","0.00","0.00","0.00","0.00","0.00","0.00","0.00","0.00","0.00","Refunds","0.00","0.00","0.00","0.00","0.00","0.00","0.00","0.00","0.00","0.00","0.00","0.00","0.00","Transfers","0.00","0.00","0.00","0.00","0.00","0.00","0.00","0.00","0.00","0.00","0.00","0.00","0.00"
"Leverett","Invoice Charges","281.18","0.12","0.10","2087.80","8.59","1858.90","195.98","16.56","16.60","1166.13","942.66","23.65","6598.27","Payments","254.01","0.00","0.10","24.92","0.00","254.06","0.00","0.00","16.60","8.48","254.11","0.00","812.28","Credits","0.00","0.00","0.00","0.00","0.00","0.00","0.00","8.08","0.00","0.00","0.00","0.00","8.08","Write Offs","0.00","0.00","0.00","0.00","0.00","0.00","0.00","0.00","0.00","0.00","0.00","0.00","0.00","Refunds","0.00","0.00","0.00","0.00","0.00","0.00","0.00","0.00","0.00","0.00","0.00","0.00","0.00","Transfers","0.00","0.00","0.00","0.00","0.00","0.00","0.00","0.00","0.00","0.00","0.00","0.00","0.00"
"Lexington","Invoice Charges","369.60","1.57","3450.98","2343.68","25.24","2112.78","2558.54","2262.48","54.41","52.88","1203.85","56.99","14493.00","Payments","0.00","1.57","23.44","0.00","255.05","0.00","0.00","25.07","0.00","255.10","0.00","0.00","560.23","Credits","0.00","0.00","0.00","0.00","0.00","0.00","7.07","0.00","0.00","0.00","0.00","0.00","7.07","Write Offs","0.00","0.00","0.00","0.00","0.00","0.00","0.00","0.00","0.00","0.00","0.00","0.00","0.00","Refunds","0.00","0.00","0.00","0.00","0.00","0.00","0.00","0.00","0.00","0.00","0.00","0.00","0.00","Transfers","0.00","0.00","0.00","0.00","0.00","0.00","0.00","0.00","0.00","0.00","0.00","0.00","0.00"
"Leyden","Invoice Charges","197.13","0.84","108.29","2570.94","10.77","2338.74","844.78","759.33","27.58","1640.24","33.57","32.63","8564.84","Payments","0.00","0.00","0.00","256.04","0.00","0.00","25.06","0.00","256.09","0.00","0.00","0.00","537.19","Credits","0.00","0.00","0.00","0.00","0.00","6.06","0.00","49.08","0.00","0.00","0.00","0.00","55.14","Write Offs","0.00","0.00","0.00","0.00","0.00","0.00","0.00","0.00","0.00","0.00","0.00","0.00","0.00","Refunds","0.00","0.00","0.00","0.00","0.00","0.00","0.00","0.00","0.00","0.00","0.00","0.00","0.00","Transfers","0.00","0.00","0.00","0.00","0.00","0.00","0.00","0.00","0.00","0.00","0.00","0.00","0.00"
"Lincoln","Invoice Charges","609.59","2.59","421.43","250.84","4.22","2574.00","14.69","1767.82","21.66","1871.04","1644.19","35.50","9217.57","Payments","0.00","0.00","257.03","0.00","0.00","25.05","0.00","257.08","0.00","0.00","0.00","25.11","564.27","Credits","0.00","0.00","0.00","0.00","5.05","0.00","0.00","0.00","0.00","0.00","0.00","0.00","5.05","Write Offs","0.00","0.00","0.00","0.00","0.00","0.00","0.00","0.00","0.00","0.00","0.00","0.00","0.00","Refunds","0.00","0.00","0.00","0.00","0.00","0.00","0.00","0.00","0.00","0.00","0.00","0.00","0.00","Transfers","0.00","0.00","0.00","0.00","0.00","0.00","0.00","0.00","0.00","0.00","0.00","0.00","0.00"
"Littleton","Invoice Charges","762.03","3.24","395.24","473.71","5.64","253.36","1383.16","11.60","11.65","2099.00","1870.60","27.53","7296.76","Payments","0.00","258.02","0.00","0.00","5.64","19.40","258.07","0.00","0.00","0.00","25.10","0.00","566.23","Credits","0.00","0.00","0.00","4.04","0.00","0.00","0.00","0.00","0.00","0.00","0.00","0.00","4.04","Write Offs","0.00","0.00","0.00","0.00","0.00","0.00","0.00","0.00","0.00","0.00","0.00","0.00","0.00","Refunds","0.00","0.00","0.00","0.00","0.00","0.00","0.00","0.00","0.00","0.00","0.00","0.00","0.00","Transfers","0.00","0.00","0.00","0.00","0.00","0.00","0.00","0.00","0.00","0.00","0.00","0.00","0.00"
"Longmeadow","Invoice Charges","206.13","0.00","304.28","1.05","1.02","470.92","60.70","2.11","551.79","2331.88","2101.94","21.38","6053.20","Payments","259.01","0.00","0.00","1.05","1.02","282.02","0.00","0.00","0.00","25.09","259.11","0.00","827.30","Credits","0.00","0.00","3.03","0.00","0.00","0.00","0.00","0.00","0.00","0.00","0.00","0.00","3.03","Write Offs","0.00","0.00","0.00","0.00","0.00","0.00","0.00","0.00","0.00","0.00","0.00","0.00","0.00","Refunds","0.00","0.00","0.00","0.00","0.00","0.00","0.00","0.00","0.00","0.00","0.00","0.00","0.00","Transfers","0.00","0.00","0.00","0.00","0.00","0.00","0.00","0.00","0.00","0.00","0.00","0.00","0.00"
"Lowell","Invoice Charges","0.00","0.00","874.47","924.75","7.28","6.45","464.33","8.45","258.34","2578.81","2346.88","28.30","7498.06","Payments","0.00","0.00","25.02","0.00","260.05","0.00","0.00","0.00","25.08","260.10","0.00","0.00","570.25","Credits","0.00","2.02","0.00","0.00","0.00","0.00","0.00","0.00","0.00","0.00","11.11","0.00","13.13","Write Offs","0.00","0.00","0.00","0.00","0.00","0.00","0.00","0.00","0.00","0.00","0.00","0.00","0.00","Refunds","0.00","0.00","0.00","0.00","0.00","0.00","0.00","0.00","0.00","0.00","0.00","0.00","0.00","Transfers","0.00","0.00","0.00","0.00","0.00","0.00","0.00","0.00","0.00","0.00","0.00","0.00","0.00"
"Ludlow","Invoice Charges","801.29","3.40","3.07","1153.47","6.88","928.29","353.54","12.58","245.98","259.59","2583.16","23.70","6374.95","Payments","0.00","3.40","3.07","279.58","0.00","0.00","0.00","12.58","273.58","0.00","0.00","0.00","572.21","Credits","1.01","0.00","0.00","0.00","0.00","0.00","0.00","0.00","0.00","10.10","0.00","0.00","11.11","Write Offs","0.00","0.00","0.00","0.00","0.00","0.00","0.00","0.00","0.00","0.00","0.00","0.00","0.00","Refunds","0.00","0.00","0.00","0.00","0.00","0.00","0.00","0.00","0.00","0.00","0.00","0.00","0.00","Transfers","0.00","0.00","0.00","0.00","0.00","0.00","0.00","0.00","0.00","0.00","0.00","0.00","0.00"
"Lunenburg","Invoice Charges","921.19","3.91","804.89","6.25","6.06","1156.36","694.45","14.04","355.84","483.86","264.04","17.07","4727.96","Payments","0.00","0.00","262.03","0.00","0.00","0.00","25.06","262.08","0.00","0.00","0.00","0.00","549.17","Credits","0.00","0.00","0.00","0.00","0.00","0.00","0.00","0.00","9.09","0.00","0.00","0.00","9.09","Write Offs","0.00","0.00","0.00","0.00","0.00","0.00","0.00","0.00","0.00","0.00","0.00","0.00","0.00","Refunds","0.00","0.00","0.00","0.00","0.00","0.00","0.00","0.00","0.00","0.00","0.00","0.00","0.00","Transfers","0.00","0.00","0.00","0.00","0.00","0.00","0.00","0.00","0.00","0.00","0.00","0.00","0.00"
"Lynn","Invoice Charges","1043.20","4.43","924.27","1621.76","13.69","14.20","468.15","15.03","698.75","17.44","487.97","19.52","5328.41","Payments","0.00","263.02","0.00","0.00","0.00","14.20","273.92","0.00","0.00","0.00","0.00","19.52","570.66","Credits","0.00","0.00","0.00","0.00","0.00","0.00","0.00","8.08","0.00","0.00","0.00","0.00","8.08","Write Offs","0.00","0.00","0.00","0.00","0.00","0.00","0.00","0.00","0.00","0.00","0.00","0.00","0.00","Refunds","0.00","0.00","0.00","0.00","0.00","0.00","0.00","0.00","0.00","0.00","0.00","0.00","0.00","Transfers","0.00","0.00","0.00","0.00","0.00","0.00","0.00","0.00","0.00","0.00","0.00","0.00","0.00"
"Lynnfield","Invoice Charges","0.00","0.00","1043.30","1853.30","10.82","1625.67","16.36","16.94","471.46","939.55","23.00","186.17","6186.57","Payments","264.01","0.00","0.00","0.00","10.82","278.28","0.00","0.00","0.00","0.00","287.11","2.10","842.32","Credits","0.00","0.00","0.00","0.00","0.00","0.00","7.07","0.00","0.00","0.00","0.00","0.00","7.07","Write Offs","0.00","0.00","0.00","0.00","0.00","0.00","0.00","0.00","0.00","0.00","0.00","0.00","0.00","Refunds","0.00","0.00","0.00","0.00","0.00","0.00","0.00","0.00","0.00","0.00","0.00","0.00","0.00","Transfers","0.00","0.00","0.00","0.00","0.00","0.00","0.00","0.00","0.00","0.00","0.00","0.00","0.00"
"Malden","Invoice Charges","1293.51","5.49","4.96","2093.24","13.86","1863.24","822.05","24.63","24.74","1174.11","1115.73","32.26","8467.82","Payments","0.00","0.00","0.00","25.03","265.05","0.00","0.00","0.00","0.00","290.19","0.00","0.00","580.27","Credits","0.00","0.00","0.00","0.00","0.00","6.06","0.00","0.00","0.00","0.00","0.00","0.00","6.06","Write Offs","0.00","0.00","0.00","0.00","0.00","0.00","0.00","0.00","0.00","0.00","0.00","0.00","0.00","Refunds","0.00","0.00","0.00","0.00","0.00","0.00","0.00","0.00","0.00","0.00","0.00","0.00","0.00","Transfers","0.00","0.00","0.00","0.00","0.00","0.00","0.00","0.00","0.00","0.00","0.00","0.00","0.00"
"Manchester-by-the-Sea","Invoice Charges","126.12","0.54","1294.10","2333.49","14.23","2102.43","944.44","27.68","829.46","196.11","1180.99","34.78","9084.37","Payments","0.00","0.00","25.02","266.04","0.00","0.00","0.00","0.00","291.17","0.00","0.00","0.00","582.23","Credits","0.00","0.00","0.00","0.00","5.05","0.00","0.00","0.00","0.00","0.00","0.00","0.00","5.05","Write Offs","0.00","0.00","0.00","0.00","0.00","0.00","0.00","0.00","0.00","0.00","0.00","0.00","0.00","Refunds","0.00","0.00","0.00","0.00","0.00","0.00","0.00","0.00","0.00","0.00","0.00","0.00","0.00","Transfers","0.00","0.00","0.00","0.00","0.00","0.00","0.00","0.00","0.00","0.00","0.00","0.00","0.00"
"Mansfield","Invoice Charges","233.53","0.99","127.03","2569.94","10.83","2338.80","1064.07","25.69","1114.17","1642.83","36.26","35.24","9199.38","Payments","0.00","0.99","291.05","0.00","0.00","0.00","0.00","292.15","0.00","0.00","0.00","0.00","584.19","Credits","0.00","0.00","0.00","4.04","0.00","0.00","0.00","0.00","0.00","0.00","0.00","0.00","4.04","Write Offs","0.00","0.00","0.00","0.00","0.00","0.00","0.00","0.00","0.00","0.00","0.00","0.00","0.00","Refunds","0.00","0.00","0.00","0.00","0.00","0.00","0.00","0.00","0.00","0.00","0.00","0.00","0.00","Transfers","0.00","0.00","0.00","0.00","0.00","0.00","0.00","0.00","0.00","0.00","0.00","0.00","0.00"
"Marblehead","Invoice Charges","343.05","1.46","233.85","248.84","2.29","2572.01","12.86","181.15","1056.55","1866.79","25.29","24.58","6568.72","Payments","0.00","268.02","0.00","0.00","0.00","0.00","280.93","12.20","0.00","0.00","0.00","0.00","561.15","Credits","0.00","0.00","3.03","0.00","0.00","0.00","0.00","0.00","0.00","0.00","0.00","0.00","3.03","Write Offs","0.00","0.00","0.00","0.00","0.00","0.00","0.00","0.00","0.00","0.00","0.00","0.00","0.00","Refunds","0.00","0.00","0.00","0.00","0.00","0.00","0.00","0.00","0.00","0.00","0.00","0.00","0.00","Transfers","0.00","0.00","0.00","0.00","0.00","0.00","0.00","0.00","0.00","0.00","0.00","0.00","0.00"
"Marion","Invoice Charges","684.07","1.76","344.68","473.10","5.07","252.79","1468.89","11.32","11.37","11.05","1861.45","17.59","5143.14","Payments","269.01","0.00","0.00","0.00","0.00","294.11","0.00","0.00","0.00","0.00","269.11","17.59","849.82","Credits","0.00","2.02","0.00","0.00","0.00","0.00","0.00","0.00","0.00","0.00","11.11","0.00","13.13","Write Offs","0.00","0.00","0.00","0.00","0.00","0.00","0.00","0.00","0.00","0.00","0.00","0.00","0.00","Refunds","0.00","0.00","0.00","0.00","0.00","0.00","0.00","0.00","0.00","0.00","0.00","0.00","0.00","Transfers","0.00","0.00","0.00","0.00","0.00","0.00","0.00","0.00","0.00","0.00","0.00","0.00","0.00"
"Marlborough","Invoice Charges","454.71","1.93","685.87","4.85","4.71","644.58","132.34","6.93","6.96","2334.33","2103.40","23.75","6404.36","Payments","0.00","0.00","0.00","0.00","274.76","20.33","0.00","0.00","0.00","270.10","25.10","0.00","590.29","Credits","1.01","0.00","0.00","0.00","0.00","0.00","0.00","0.00","0.00","10.10","0.00","0.00","11.11","Write Offs","0.00","0.00","0.00","0.00","0.00","0.00","0.00","0.00","0.00","0.00","0.00","0.00","0.00","Refunds","0.00","0.00","0.00","0.00","0.00","0.00","0.00","0.00","0.00","0.00","0.00","0.00","0.00","Transfers","0.00","0.00","0.00","0.00","0.00","0.00","0.00","0.00","0.00","0.00","0.00","0.00","0.00"
"Marshfield","Invoice Charges","0.00","0.00","454.75","923.08","176.44","5.34","5.19","5.39","131.59","2574.27","2343.16","24.73","6643.94","Payments","0.00","0.00","0.00","296.07","0.00","0.00","0.00","0.00","271.09","25.09","0.00","0.00","592.25","Credits","0.00","0.00","0.00","0.00","0.00","0.00","0.00","0.00","9.09","0.00","0.00","0.00","9.09","Write Offs","0.00","0.00","0.00","0.00","0.00","0.00","0.00","0.00","0.00","0.00","0.00","0.00","0.00","Refunds","0.00","0.00","0.00","0.00","0.00","0.00","0.00","0.00","0.00","0.00","0.00","0.00","0.00","Transfers","0.00","0.00","0.00","0.00","0.00","0.00","0.00","0.00","0.00","0.00","0.00","0.00","0.00"
"Mashpee","Invoice Charges","802.11","3.41","3.08","1325.34","7.55","7.83","350.79","9.36","241.86","256.36","2579.85","20.49","5608.03","Payments","0.00","0.00","275.11","21.94","0.00","0.00","0.00","272.08","25.08","0.00","0.00","0.00","594.21","Credits","0.00","0.00","0.00","0.00","0.00","0.00","0.00","8.08","0.00","0.00","0.00","0.00","8.08","Write Offs","0.00","0.00","0.00","0.00","0.00","0.00","0.00","0.00","0.00","0.00","0.00","0.00","0.00","Refunds","0.00","0.00","0.00","0.00","0.00","0.00","0.00","0.00","0.00","0.00","0.00","0.00","0.00","Transfers","0.00","0.00","0.00","0.00","0.00","0.00","0.00","0.00","0.00","0.00","0.00","0.00","0.00"
"Mattapoisett","Invoice Charges","922.14","3.92","978.67","6.82","6.63","1156.95","695.74","13.56","356.78","484.41","264.61","17.62","4907.85","Payments","0.00","276.94","21.09","0.00","0.00","0.00","273.07","13.56","11.51","0.00","0.00","0.00","596.17","Credits","0.00","0.00","0.00","0.00","0.00","0.00","7.07","0.00","0.00","0.00","0.00","0.00","7.07","Write Offs","0.00","0.00","0.00","0.00","0.00","0.00","0.00","0.00","0.00","0.00","0.00","0.00","0.00","Refunds","0.00","0.00","0.00","0.00","0.00","0.00","0.00","0.00","0.00","0.00","0.00","0.00","0.00","Transfers","0.00","0.00","0.00","0.00","0.00","0.00","0.00","0.00","0.00","0.00","0.00","0.00","0.00"
"Maynard","Invoice Charges","1044.25","178.26","2.95","1619.21","10.56","10.96","464.39","11.68","696.12","14.22","484.62","15.14","4552.36","Payments","274.01","0.00","0.00","0.00","0.00","274.06","25.06","0.00","0.00","0.00","274.11","0.00","847.24","Credits","0.00","0.00","0.00","0.00","0.00","6.06","0.00","0.00","0.00","0.00","0.00","0.00","6.06","Write Offs","0.00","0.00","0.00","0.00","0.00","0.00","0.00","0.00","0.00","0.00","0.00","0.00","0.00","Refunds","0.00","0.00","0.00","0.00","0.00","0.00","0.00","0.00","0.00","0.00","0.00","0.00","0.00","Transfers","0.00","0.00","0.00","0.00","0.00","0.00","0.00","0.00","0.00","0.00","0.00","0.00","0.00"
"Medfield","Invoice Charges","0.00","0.00","1044.35","1854.42","11.91","1625.66","17.39","18.04","473.05","940.63","22.95","22.31","6030.71","Payments","0.00","0.00","0.00","0.00","275.05","25.05","0.00","0.00","0.00","275.10","0.00","22.31","597.51","Credits","0.00","0.00","0.00","0.00","5.05","0.00","0.00","0.00","0.00","0.00","0.00","0.00","5.05","Write Offs","0.00","0.00","0.00","0.00","0.00","0.00","0.00","0.00","0.00","0.00","0.00","0.00","0.00","Refunds","0.00","0.00","0.00","0.00","0.00","0.00","0.00","0.00","0.00","0.00","0.00","0.00","0.00","Transfers","0.00","0.00","0.00","0.00","0.00","0.00","0.00","0.00","0.00","0.00","0.00","0.00","0.00"
"Medford","Invoice Charges","1294.79","5.50","4.97","2093.24","12.82","1863.23","822.83","24.60","24.70","1172.94","949.77","31.49","8300.88","Payments","0.00","0.00","0.00","276.04","12.82","12.22","0.00","0.00","276.09","0.00","25.10","0.00","602.27","Credits","0.00","0.00","0.00","4.04","0.00","0.00","0.00","0.00","0.00","0.00","0.00","0.00","4.04","Write Offs","0.00","0.00","0.00","0.00","0.00","0.00","0.00","0.00","0.00","0.00","0.00","0.00","0.00","Refunds","0.00","0.00","0.00","0.00","0.00","0.00","0.00","0.00","0.00","0.00","0.00","0.00","0.00","Transfers","0.00","0.00","0.00","0.00","0.00","0.00","0.00","0.00","0.00","0.00","0.00","0.00","0.00"
"Medway","Invoice Charges","126.26","0.54","1295.38","2332.41","14.18","2102.39","945.34","27.65","829.07","29.14","1180.20","34.01","8916.57","Payments","0.00","0.00","277.03","25.03","0.00","0.00","0.00","277.08","0.00","25.09","0.00","0.00","604.23","Credits","0.00","0.00","3.03","0.00","0.00","0.00","0.00","0.00","0.00","0.00","0.00","0.00","3.03","Write Offs","0.00","0.00","0.00","0.00","0.00","0.00","0.00","0.00","0.00","0.00","0.00","0.00","0.00","Refunds","0.00","0.00","0.00","0.00","0.00","0.00","0.00","0.00","0.00","0.00","0.00","0.00","0.00","Transfers","0.00","0.00","0.00","0.00","0.00","0.00","0.00","0.00","0.00","0.00","0.00","0.00","0.00"
"Melrose","Invoice Charges","233.79","0.99","126.28","2569.88","10.79","2338.76","1065.09","24.47","947.13","1642.06","35.46","34.42","9029.12","Payments","0.00","278.02","25.02","0.00","0.00","0.00","278.07","0.00","25.08","0.00","0.00","0.00","606.19","Credits","0.00","2.02","0.00","0.00","0.00","0.00","0.00","0.00","0.00","0.00","11.11","0.00","13.13","Write Offs","0.00","0.00","0.00","0.00","0.00","0.00","0.00","0.00","0.00","0.00","0.00","0.00","0.00","Refunds","0.00","0.00","0.00","0.00","0.00","0.00","0.00","0.00","0.00","0.00","0.00","0.00","0.00","Transfers","0.00","0.00","0.00","0.00","0.00","0.00","0.00","0.00","0.00","0.00","0.00","0.00","0.00"
"Mendon","Invoice Charges","343.42","0.27","234.05","248.69","2.14","2571.86","11.57","12.01","1056.74","1865.90","1638.81","29.13","8014.59","Payments","279.01","0.27","24.74","0.00","0.00","279.06","0.00","12.01","13.06","0.00","279.11","0.00","887.26","Credits","1.01","0.00","0.00","0.00","0.00","0.00","0.00","0.00","0.00","10.10","0.00","0.00","11.11","Write Offs","0.00","0.00","0.00","0.00","0.00","0.00","0.00","0.00","0.00","0.00","0.00","0.00","0.00","Refunds","0.00","0.00","0.00","0.00","0.00","0.00","0.00","0.00","0.00","0.00","0.00","0.00","0.00","Transfers","0.00","0.00","0.00","0.00","0.00","0.00","0.00","0.00","0.00","0.00","0.00","0.00","0.00"
"Merrimac","Invoice Charges","684.78","2.91","346.08","474.27","6.20","252.77","1301.37","11.73","11.78","2099.10","1869.51","26.57","7087.07","Payments","0.00","0.00","0.00","0.00","280.05","0.00","25.06","0.00","0.00","280.10","0.00","0.00","585.21","Credits","0.00","0.00","0.00","0.00","0.00","0.00","0.00","0.00","9.09","0.00","0.00","0.00","9.09","Write Offs","0.00","0.00","0.00","0.00","0.00","0.00","0.00","0.00","0.00","0.00","0.00","0.00","0.00","Refunds","0.00","0.00","0.00","0.00","0.00","0.00","0.00","0.00","0.00","0.00","0.00","0.00","0.00","Transfers","0.00","0.00","0.00","0.00","0.00","0.00","0.00","0.00","0.00","0.00","0.00","0.00","0.00"
"Methuen","Invoice Charges","445.58","1.89","678.81","4.79","3.49","473.49","131.41","6.09","1194.30","2337.20","2107.56","27.70","7412.31","Payments","0.00","0.00","0.00","281.04","0.00","25.05","0.00","0.00","281.09","0.00","0.00","25.11","612.29","Credits","0.00","0.00","0.00","0.00","0.00","0.00","0.00","8.08","0.00","0.00","49.11","0.00","57.19","Write Offs","0.00","0.00","0.00","0.00","0.00","0.00","0.00","0.00","0.00","0.00","0.00","0.00","0.00","Refunds","0.00","0.00","0.00","0.00","0.00","0.00","0.00","0.00","0.00","0.00","0.00","0.00","0.00","Transfers","0.00","0.00","0.00","0.00","0.00","0.00","0.00","0.00","0.00","0.00","0.00","0.00","0.00"
"Middleborough","Invoice Charges","0.00","0.00","449.99","921.86","4.48","4.63","237.90","5.54","135.43","2574.42","2343.43","24.89","6702.57","Payments","0.00","0.00","282.03","0.00","4.48","4.63","15.93","282.08","0.00","0.00","25.10","0.00","614.25","Credits","0.00","0.00","0.00","0.00","0.00","0.00","7.07","0.00","0.00","0.00","0.00","0.00","7.07","Write Offs","0.00","0.00","0.00","0.00","0.00","0.00","0.00","0.00","0.00","0.00","0.00","0.00","0.00","Refunds","0.00","0.00","0.00","0.00","0.00","0.00","0.00","0.00","0.00","0.00","0.00","0.00","0.00","Transfers","0.00","0.00","0.00","0.00","0.00","0.00","0.00","0.00","0.00","0.00","0.00","0.00","0.00"
"Middlefield","Invoice Charges","771.49","3.28","1.87","1152.18","6.66","928.06","360.02","11.15","246.94","259.38","2582.88","23.43","6347.34","Payments","0.00","283.02","0.00","25.03","0.00","0.00","283.07","0.00","0.00","25.09","0.00","0.00","616.21","Credits","0.00","0.00","0.00","0.00","0.00","6.06","0.00","0.00","0.00","0.00","0.00","0.00","6.06","Write Offs","0.00","0.00","0.00","0.00","0.00","0.00","0.00","0.00","0.00","0.00","0.00","0.00","0.00","Refunds","0.00","0.00","0.00","0.00","0.00","0.00","0.00","0.00","0.00","0.00","0.00","0.00","0.00","Transfers","0.00","0.00","0.00","0.00","0.00","0.00","0.00","0.00","0.00","0.00","0.00","0.00","0.00"
"Middleton","Invoice Charges","887.26","2.56","758.90","5.70","5.53","1155.79","673.51","12.28","358.58","483.17","263.33","15.20","4621.81","Payments","284.01","0.00","25.02","0.00","0.00","284.06","0.00","0.00","25.08","0.00","284.11","0.00","902.28","Credits","0.00","0.00","0.00","0.00","5.05","0.00","0.00","0.00","0.00","0.00","0.00","0.00","5.05","Write Offs","0.00","0.00","0.00","0.00","0.00","0.00","0.00","0.00","0.00","0.00","0.00","0.00","0.00","Refunds","0.00","0.00","0.00","0.00","0.00","0.00","0.00","0.00","0.00","0.00","0.00","0.00","0.00","Transfers","0.00","0.00","0.00","0.00","0.00","0.00","0.00","0.00","0.00","0.00","0.00","0.00","0.00"
"Milford","Invoice Charges","966.85","4.11","873.99","1622.22","14.13","13.45","467.56","15.49","667.06","17.69","487.02","18.60","5168.17","Payments","0.00","4.11","20.90","0.00","285.05","0.00","0.00","15.49","9.58","285.10","0.00","0.00","620.23","Credits","0.00","0.00","0.00","4.04","0.00","0.00","0.00","0.00","0.00","0.00","0.00","0.00","4.04","Write Offs","0.00","0.00","0.00","0.00","0.00","0.00","0.00","0.00","0.00","0.00","0.00","0.00","0.00","Refunds","0.00","0.00","0.00","0.00","0.00","0.00","0.00","0.00","0.00","0.00","0.00","0.00","0.00","Transfers","0.00","0.00","0.00","0.00","0.00","0.00","0.00","0.00","0.00","0.00","0.00","0.00","0.00"
"Millbury","Invoice Charges","0.00","0.00","1005.21","1854.25","10.56","1625.45","17.29","17.86","463.71","939.21","22.65","22.01","5978.20","Payments","0.00","0.00","0.00","286.04","0.00","0.00","17.29","7.77","286.09","0.00","0.00","0.00","597.19","Credits","0.00","0.00","3.03","0.00","0.00","0.00","0.00","0.00","0.00","0.00","0.00","0.00","3.03","Write Offs","0.00","0.00","0.00","0.00","0.00","0.00","0.00","0.00","0.00","0.00","0.00","0.00","0.00","Refunds","0.00","0.00","0.00","0.00","0.00","0.00","0.00","0.00","0.00","0.00","0.00","0.00","0.00","Transfers","0.00","0.00","0.00","0.00","0.00","0.00","0.00","0.00","0.00","0.00","0.00","0.00","0.00"
"Millis","Invoice Charges","1223.85","5.20","4.69","2091.70","12.48","1862.94","784.38","24.08","22.97","1172.39","949.19","30.99","8184.86","Payments","0.00","0.00","287.03","0.00","0.00","25.05","0.00","287.08","0.00","0.00","0.00","25.11","624.27","Credits","0.00","2.02","0.00","0.00","0.00","0.00","0.00","0.00","0.00","0.00","11.11","0.00","13.13","Write Offs","0.00","0.00","0.00","0.00","0.00","0.00","0.00","0.00","0.00","0.00","0.00","0.00","0.00","Refunds","0.00","0.00","0.00","0.00","0.00","0.00","0.00","0.00","0.00","0.00","0.00","0.00","0.00","Transfers","0.00","0.00","0.00","0.00","0.00","0.00","0.00","0.00","0.00","0.00","0.00","0.00","0.00"
"Millville","Invoice Charges","128.65","0.54","1212.33","2332.03","13.91","2102.05","918.63","25.93","797.91","28.48","1179.58","33.30","8773.34","Payments","0.00","288.02","0.00","0.00","13.91","11.13","288.07","0.00","0.00","0.00","25.10","0.00","626.23","Credits","1.01","0.00","0.00","0.00","0.00","0.00","0.00","0.00","0.00","10.10","0.00","0.00","11.11","Write Offs","0.00","0.00","0.00","0.00","0.00","0.00","0.00","0.00","0.00","0.00","0.00","0.00","0.00","Refunds","0.00","0.00","0.00","0.00","0.00","0.00","0.00","0.00","0.00","0.00","0.00","0.00","0.00","Transfers","0.00","0.00","0.00","0.00","0.00","0.00","0.00","0.00","0.00","0.00","0.00","0.00","0.00"
"Milton","Invoice Charges","238.16","0.00","126.16","2569.96","10.77","2338.73","1005.61","24.15","911.93","1641.67","34.95","32.78","8934.87","Payments","289.01","0.00","0.00","25.03","0.00","289.06","0.00","0.00","0.00","25.09","289.11","0.00","917.30","Credits","0.00","0.00","0.00","0.00","0.00","0.00","0.00","0.00","9.09","0.00","0.00","0.00","9.09","Write Offs","0.00","0.00","0.00","0.00","0.00","0.00","0.00","0.00","0.00","0.00","0.00","0.00","0.00","Refunds","0.00","0.00","0.00","0.00","0.00","0.00","0.00","0.00","0.00","0.00","0.00","0.00","0.00","Transfers","0.00","0.00","0.00","0.00","0.00","0.00","0.00","0.00","0.00","0.00","0.00","0.00","0.00"
"Monroe","Invoice Charges","336.46","1.43","234.89","249.86","3.28","2571.81","12.67","13.14","980.49","1866.46","1638.20","29.68","7938.37","Payments","0.00","0.00","25.02","0.00","290.05","0.00","0.00","0.00","25.08","290.10","0.00","0.00","630.25","Credits","0.00","0.00","0.00","0.00","0.00","0.00","0.00","8.08","49.09","0.00","0.00","0.00","57.17","Write Offs","0.00","0.00","0.00","0.00","0.00","0.00","0.00","0.00","0.00","0.00","0.00","0.00","0.00","Refunds","0.00","0.00","0.00","0.00","0.00","0.00","0.00","0.00","0.00","0.00","0.00","0.00","0.00","Transfers","0.00","0.00","0.00","0.00","0.00","0.00","0.00","0.00","0.00","0.00","0.00","0.00","0.00"
"Monson","Invoice Charges","658.40","2.80","352.33","474.07","4.81","252.53","1183.60","11.06","11.06","2097.19","1868.50","25.59","6941.94","Payments","0.00","2.80","22.21","291.04","0.00","0.00","0.00","11.06","302.15","2.95","0.00","0.00","632.21","Credits","0.00","0.00","0.00","0.00","0.00","0.00","7.07","0.00","0.00","49.10","0.00","0.00","56.17","Write Offs","0.00","0.00","0.00","0.00","0.00","0.00","0.00","0.00","0.00","0.00","0.00","0.00","0.00","Refunds","0.00","0.00","0.00","0.00","0.00","0.00","0.00","0.00","0.00","0.00","0.00","0.00","0.00","Transfers","0.00","0.00","0.00","0.00","0.00","0.00","0.00","0.00","0.00","0.00","0.00","0.00","0.00"
"Montague","Invoice Charges","459.16","1.95","666.67","3.56","3.45","473.45","132.82","6.02","1229.24","2337.26","19.95","2107.07","7440.60","Payments","0.00","0.00","292.03","0.00","0.00","0.00","25.06","292.08","0.00","0.00","0.00","0.00","609.17","Credits","0.00","0.00","0.00","0.00","0.00","6.06","0.00","0.00","0.00","0.00","0.00","0.00","6.06","Write Offs","0.00","0.00","0.00","0.00","0.00","0.00","0.00","0.00","0.00","0.00","0.00","0.00","0.00","Refunds","0.00","0.00","0.00","0.00","0.00","0.00","0.00","0.00","0.00","0.00","0.00","0.00","0.00","Transfers","0.00","0.00","0.00","0.00","0.00","0.00","0.00","0.00","0.00","0.00","0.00","0.00","0.00"
"Monterey","Invoice Charges","0.00","0.00","454.84","921.84","4.45","4.60","244.99","4.31","133.04","2574.37","15.82","15.38","4373.64","Payments","0.00","293.02","0.00","0.00","0.00","4.00","314.12","0.00","0.00","0.00","0.00","15.38","626.52","Credits","0.00","0.00","0.00","0.00","5.05","0.00","0.00","0.00","0.00","0.00","0.00","0.00","5.05","Write Offs","0.00","0.00","0.00","0.00","0.00","0.00","0.00","0.00","0.00","0.00","0.00","0.00","0.00","Refunds","0.00","0.00","0.00","0.00","0.00","0.00","0.00","0.00","0.00","0.00","0.00","0.00","0.00","Transfers","0.00","0.00","0.00","0.00","0.00","0.00","0.00","0.00","0.00","0.00","0.00","0.00","0.00"
"Montgomery","Invoice Charges","779.80","2.06","1.86","1152.16","6.73","928.11","352.51","11.07","249.38","11.78","12.22","2580.26","6087.94","Payments","294.01","0.00","0.00","0.00","6.73","312.37","0.00","0.00","0.00","0.00","306.33","12.88","932.32","Credits","0.00","0.00","0.00","4.04","0.00","0.00","0.00","0.00","0.00","0.00","0.00","0.00","4.04","Write Offs","0.00","0.00","0.00","0.00","0.00","0.00","0.00","0.00","0.00","0.00","0.00","0.00","0.00","Refunds","0.00","0.00","0.00","0.00","0.00","0.00","0.00","0.00","0.00","0.00","0.00","0.00","0.00","Transfers","0.00","0.00","0.00","0.00","0.00","0.00","0.00","0.00","0.00","0.00","0.00","0.00","0.00"
"Mount Washington","Invoice Charges","862.61","3.66","768.21","6.94","6.70","1155.75","681.75","13.43","13.49","482.98","14.24","261.36","4271.12","Payments","0.00","0.00","0.00","6.94","301.75","11.39","0.00","0.00","0.00","320.19","0.00","0.00","640.27","Credits","0.00","0.00","3.03","0.00","0.00","0.00","0.00","0.00","0.00","0.00","0.00","0.00","3.03","Write Offs","0.00","0.00","0.00","0.00","0.00","0.00","0.00","0.00","0.00","0.00","0.00","0.00","0.00","Refunds","0.00","0.00","0.00","0.00","0.00","0.00","0.00","0.00","0.00","0.00","0.00","0.00","0.00","Transfers","0.00","0.00","0.00","0.00","0.00","0.00","0.00","0.00","0.00","0.00","0.00","0.00","0.00"
"Nahant","Invoice Charges","977.46","4.15","900.55","1622.38","13.07","13.57","13.18","13.68","672.47","14.74","15.29","484.69","4745.23","Payments","0.00","0.00","25.02","296.04","0.00","0.00","0.00","0.00","321.17","0.00","0.00","0.00","642.23","Credits","0.00","2.02","0.00","0.00","0.00","0.00","0.00","0.00","0.00","0.00","11.11","0.00","13.13","Write Offs","0.00","0.00","0.00","0.00","0.00","0.00","0.00","0.00","0.00","0.00","0.00","0.00","0.00","Refunds","0.00","0.00","0.00","0.00","0.00","0.00","0.00","0.00","0.00","0.00","0.00","0.00","0.00","Transfers","0.00","0.00","0.00","0.00","0.00","0.00","0.00","0.00","0.00","0.00","0.00","0.00","0.00"
"Nantucket","Invoice Charges","0.00","0.00","987.13","1852.81","10.34","10.73","10.43","10.82","468.94","932.27","15.41","14.97","4313.85","Payments","0.00","0.00","322.04","0.00","0.00","0.00","0.00","307.90","14.25","0.00","0.00","0.00","644.19","Credits","1.01","0.00","0.00","0.00","0.00","0.00","0.00","0.00","0.00","10.10","0.00","0.00","11.11","Write Offs","0.00","0.00","0.00","0.00","0.00","0.00","0.00","0.00","0.00","0.00","0.00","0.00","0.00","Refunds","0.00","0.00","0.00","0.00","0.00","0.00","0.00","0.00","0.00","0.00","0.00","0.00","0.00","Transfers","0.00","0.00","0.00","0.00","0.00","0.00","0.00","0.00","0.00","0.00","0.00","0.00","0.00"
"Natick","Invoice Charges","1201.84","4.90","3.28","3.68","3.56","1853.69","798.78","13.59","13.64","1163.29","18.60","939.23","6018.08","Payments","0.00","298.02","0.00","0.00","0.00","0.00","323.13","0.00","0.00","0.00","0.00","0.00","621.15","Credits","49.01","0.00","0.00","0.00","0.00","0.00","0.00","0.00","9.09","0.00","0.00","0.00","58.10","Write Offs","0.00","0.00","0.00","0.00","0.00","0.00","0.00","0.00","0.00","0.00","0.00","0.00","0.00","Refunds","0.00","0.00","0.00","0.00","0.00","0.00","0.00","0.00","0.00","0.00","0.00","0.00","0.00","Transfers","0.00","0.00","0.00","0.00","0.00","0.00","0.00","0.00","0.00","0.00","0.00","0.00","0.00"
"Needham","Invoice Charges","130.03","0.00","0.00","2327.56","8.87","2096.88","896.20","20.54","800.77","23.22","24.09","1372.24","7700.40","Payments","299.01","0.00","0.00","0.00","0.00","324.11","0.00","0.00","0.00","0.00","299.11","25.11","947.34","Credits","0.00","0.00","0.00","0.00","0.00","0.00","0.00","8.08","0.00","0.00","0.00","0.00","8.08","Write Offs","0.00","0.00","0.00","0.00","0.00","0.00","0.00","0.00","0.00","0.00","0.00","0.00","0.00","Refunds","0.00","0.00","0.00","0.00","0.00","0.00","0.00","0.00","0.00","0.00","0.00","0.00","0.00","Transfers","0.00","0.00","0.00","0.00","0.00","0.00","0.00","0.00","0.00","0.00","0.00","0.00","0.00"
"New Ashford","Invoice Charges","0.00","0.00","127.55","2570.18","11.09","2337.74","1016.39","24.34","887.47","1641.79","234.90","33.67","8885.12","Payments","0.00","0.00","0.00","0.00","311.14","13.95","0.00","0.00","0.00","300.10","25.10","0.00","650.29","Credits","0.00","0.00","0.00","0.00","0.00","0.00","7.07","0.00","0.00","0.00","0.00","0.00","7.07","Write Offs","0.00","0.00","0.00","0.00","0.00","0.00","0.00","0.00","0.00","0.00","0.00","0.00","0.00","Refunds","0.00","0.00","0.00","0.00","0.00","0.00","0.00","0.00","0.00","0.00","0.00","0.00","0.00","Transfers","0.00","0.00","0.00","0.00","0.00","0.00","0.00","0.00","0.00","0.00","0.00","0.00","0.00"
"New Bedford","Invoice Charges","1128.22","4.79","779.98","255.67","7.57","2577.50","18.17","18.85","3262.58","2082.47","40.25","1653.60","11829.65","Payments","0.00","0.00","0.00","326.07","0.00","0.00","0.00","0.00","301.09","25.09","0.00","0.00","652.25","Credits","0.00","0.00","0.00","0.00","0.00","6.06","0.00","0.00","0.00","0.00","0.00","0.00","6.06","Write Offs","0.00","0.00","0.00","0.00","0.00","0.00","0.00","0.00","0.00","0.00","0.00","0.00","0.00","Refunds","0.00","0.00","0.00","0.00","0.00","0.00","0.00","0.00","0.00","0.00","0.00","0.00","0.00","Transfers","0.00","0.00","0.00","0.00","0.00","0.00","0.00","0.00","0.00","0.00","0.00","0.00","0.00"
"New Braintree","Invoice Charges","909.29","3.86","472.80","474.38","6.30","254.05","1649.95","14.60","216.37","2101.42","23.12","1872.46","7998.60","Payments","0.00","0.00","327.05","0.00","0.00","0.00","0.00","302.08","25.08","0.00","0.00","0.00","654.21","Credits","0.00","0.00","0.00","0.00","5.05","0.00","0.00","0.00","0.00","0.00","0.00","0.00","5.05","Write Offs","0.00","0.00","0.00","0.00","0.00","0.00","0.00","0.00","0.00","0.00","0.00","0.00","0.00","Refunds","0.00","0.00","0.00","0.00","0.00","0.00","0.00","0.00","0.00","0.00","0.00","0.00","0.00","Transfers","0.00","0.00","0.00","0.00","0.00","0.00","0.00","0.00","0.00","0.00","0.00","0.00","0.00"
"New Marlborough","Invoice Charges","279.69","1.19","412.87","1.55","1.50","471.42","83.35","206.61","749.22","2333.92","16.48","2103.70","6661.50","Payments","0.00","304.21","23.82","0.00","0.00","0.00","303.07","25.07","0.00","0.00","0.00","0.00","656.17","Credits","0.00","0.00","0.00","4.04","0.00","0.00","0.00","0.00","0.00","0.00","0.00","0.00","4.04","Write Offs","0.00","0.00","0.00","0.00","0.00","0.00","0.00","0.00","0.00","0.00","0.00","0.00","0.00","Refunds","0.00","0.00","0.00","0.00","0.00","0.00","0.00","0.00","0.00","0.00","0.00","0.00","0.00","Transfers","0.00","0.00","0.00","0.00","0.00","0.00","0.00","0.00","0.00","0.00","0.00","0.00","0.00"
"New Salem","Invoice Charges","0.00","0.00","428.24","921.66","4.29","4.45","432.38","4.90","127.29","2574.93","16.40","2342.25","6856.79","Payments","304.01","0.00","0.00","0.00","0.00","304.06","25.06","0.00","0.00","0.00","304.11","0.00","937.24","Credits","0.00","0.00","3.03","0.00","0.00","0.00","0.00","0.00","0.00","0.00","0.00","0.00","3.03","Write Offs","0.00","0.00","0.00","0.00","0.00","0.00","0.00","0.00","0.00","0.00","0.00","0.00","0.00","Refunds","0.00","0.00","0.00","0.00","0.00","0.00","0.00","0.00","0.00","0.00","0.00","0.00","0.00","Transfers","0.00","0.00","0.00","0.00","0.00","0.00","0.00","0.00","0.00","0.00","0.00","0.00","0.00"
"Newbury","Invoice Charges","1700.15","7.22","6.52","1157.36","11.79","1138.08","770.78","18.94","538.51","268.15","21.15","2590.15","8228.80","Payments","0.00","0.00","0.00","0.00","305.05","25.05","0.00","0.00","0.00","305.10","0.00","25.11","660.31","Credits","0.00","2.02","0.00","0.00","0.00","0.00","0.00","0.00","0.00","0.00","11.11","0.00","13.13","Write Offs","0.00","0.00","0.00","0.00","0.00","0.00","0.00","0.00","0.00","0.00","0.00","0.00","0.00","Refunds","0.00","0.00","0.00","0.00","0.00","0.00","0.00","0.00","0.00","0.00","0.00","0.00","0.00","Transfers","0.00","0.00","0.00","0.00","0.00","0.00","0.00","0.00","0.00","0.00","0.00","0.00","0.00"
"Newburyport","Invoice Charges","1927.84","8.18","1700.13","15.47","220.73","1165.10","1476.97","26.25","778.70","497.33","30.44","277.01","8124.15","Payments","0.00","0.00","0.00","306.04","25.04","0.00","0.00","0.00","306.09","0.00","25.10","0.00","662.27","Credits","1.01","0.00","0.00","0.00","0.00","0.00","0.00","0.00","0.00","10.10","0.00","0.00","11.11","Write Offs","0.00","0.00","0.00","0.00","0.00","0.00","0.00","0.00","0.00","0.00","0.00","0.00","0.00","Refunds","0.00","0.00","0.00","0.00","0.00","0.00","0.00","0.00","0.00","0.00","0.00","0.00","0.00","Transfers","0.00","0.00","0.00","0.00","0.00","0.00","0.00","0.00","0.00","0.00","0.00","0.00","0.00"
"Newton","Invoice Charges","2861.50","12.15","2561.44","1844.30","28.55","29.62","1335.12","35.42","1962.67","41.19","42.63","511.30","11265.89","Payments","0.00","0.00","307.03","25.03","0.00","0.00","0.00","307.08","0.00","25.09","0.00","0.00","664.23","Credits","0.00","0.00","0.00","0.00","0.00","0.00","0.00","0.00","9.09","0.00","0.00","0.00","9.09","Write Offs","0.00","0.00","0.00","0.00","0.00","0.00","0.00","0.00","0.00","0.00","0.00","0.00","0.00","Refunds","0.00","0.00","0.00","0.00","0.00","0.00","0.00","0.00","0.00","0.00","0.00","0.00","0.00","Transfers","0.00","0.00","0.00","0.00","0.00","0.00","0.00","0.00","0.00","0.00","0.00","0.00","0.00"
"Norfolk","Invoice Charges","0.00","0.00","2601.76","1859.62","16.97","1632.09","23.74","23.33","1115.74","948.27","32.05","31.15","8284.72","Payments","0.00","308.02","25.02","0.00","0.00","0.00","308.07","0.00","25.08","0.00","0.00","0.00","666.19","Credits","0.00","0.00","0.00","0.00","0.00","0.00","0.00","8.08","0.00","0.00","0.00","0.00","8.08","Write Offs","0.00","0.00","0.00","0.00","0.00","0.00","0.00","0.00","0.00","0.00","0.00","0.00","0.00","Refunds","0.00","0.00","0.00","0.00","0.00","0.00","0.00","0.00","0.00","0.00","0.00","0.00","0.00","Transfers","0.00","0.00","0.00","0.00","0.00","0.00","0.00","0.00","0.00","0.00","0.00","0.00","0.00"
"North.Adams","Invoice Charges","769.82","213.26","2.95","2090.95","8.88","1859.17","509.00","15.46","15.46","1165.03","16.65","937.26","7603.89","Payments","309.01","309.02","309.03","334.05","309.05","309.06","309.07","309.08","309.09","334.17","309.11","0.00","3449.74","Credits","0.00","0.00","0.00","0.00","0.00","0.00","7.07","0.00","0.00","0.00","0.00","0.00","7.07","Write Offs","0.00","0.00","0.00","0.00","0.00","0.00","0.00","0.00","0.00","0.00","0.00","0.00","0.00","Refunds","0.00","0.00","0.00","0.00","0.00","0.00","0.00","0.00","0.00","0.00","0.00","0.00","0.00","Transfers","12.01","12.02","12.03","12.04","12.05","12.06","12.07","12.08","12.09","12.10","12.11","0.00","132.66"
"North.Andover","Invoice Charges","248.48","0.00","2319.12","2336.04","17.76","2106.05","1724.28","34.41","1525.36","39.61","41.04","1189.91","11582.06","Payments","322.02","322.04","322.06","322.08","322.10","322.12","347.20","322.16","322.18","322.20","322.22","0.00","3568.38","Credits","0.00","0.00","0.00","0.00","0.00","6.06","0.00","0.00","0.00","0.00","0.00","0.00","6.06","Write Offs","0.00","0.00","0.00","0.00","0.00","0.00","0.00","0.00","0.00","0.00","0.00","0.00","0.00","Refunds","0.00","0.00","0.00","0.00","0.00","0.00","0.00","0.00","0.00","0.00","0.00","0.00","0.00","Transfers","61.53","12.01","310.03","310.04","310.05","310.06","310.07","310.08","310.09","310.10","310.11","0.00","2864.17"
"North.Attleborough","Invoice Charges","780.46","3.31","428.69","2574.80","14.29","2342.36","3287.59","38.60","2947.75","1662.84","57.03","55.42","14193.14","Payments","0.00","0.00","0.00","311.04","0.00","25.05","0.00","0.00","311.09","0.00","0.00","25.11","672.29","Credits","0.00","0.00","0.00","0.00","5.05","0.00","0.00","0.00","0.00","0.00","0.00","0.00","5.05","Write Offs","0.00","0.00","0.00","0.00","0.00","0.00","0.00","0.00","0.00","0.00","0.00","0.00","0.00","Refunds","0.00","0.00","0.00","0.00","0.00","0.00","0.00","0.00","0.00","0.00","0.00","0.00","0.00","Transfers","0.00","0.00","0.00","0.00","0.00","0.00","0.00","0.00","0.00","0.00","0.00","0.00","0.00"
"North.Brookfield","Invoice Charges","479.63","2.04","331.58","249.67","3.07","2572.81","13.55","14.06","1391.74","1868.09","26.64","1640.28","8593.16","Payments","0.00","0.00","312.03","0.00","3.07","21.97","0.00","312.08","0.00","0.00","25.10","0.00","674.25","Credits","0.00","0.00","0.00","4.04","0.00","0.00","0.00","0.00","0.00","0.00","0.00","0.00","4.04","Write Offs","0.00","0.00","0.00","0.00","0.00","0.00","0.00","0.00","0.00","0.00","0.00","0.00","0.00","Refunds","0.00","0.00","0.00","0.00","0.00","0.00","0.00","0.00","0.00","0.00","0.00","0.00","0.00","Transfers","0.00","0.00","0.00","0.00","0.00","0.00","0.00","0.00","0.00","0.00","0.00","0.00","0.00"
"North.Reading","Invoice Charges","1303.34","5.53","676.49","476.65","7.14","254.91","2361.55","13.24","13.24","2100.49","18.22","1867.62","9098.42","Payments","0.00","318.55","68.01","335.06","7.14","254.91","981.17","13.24","13.24","928.85","18.22","601.99","3540.38","Credits","0.00","0.00","3.03","0.00","0.00","0.00","0.00","0.00","0.00","0.00","0.00","0.00","3.03","Write Offs","0.00","0.00","0.00","0.00","0.00","0.00","0.00","0.00","0.00","0.00","0.00","0.00","0.00","Refunds","0.00","0.00","0.00","0.00","0.00","0.00","0.00","0.00","0.00","0.00","0.00","0.00","0.00","Transfers","0.00","0.00","0.00","0.00","0.00","0.00","0.00","0.00","0.00","0.00","0.00","0.00","0.00"
"Northampton","Invoice Charges","118.55","0.00","175.00","0.00","0.00","469.87","34.32","0.61","316.74","2329.35","11.74","2097.75","5553.93","Payments","314.01","0.00","0.00","0.00","0.00","339.08","0.00","0.00","25.08","0.00","314.11","0.00","992.28","Credits","0.00","2.02","0.00","0.00","0.00","0.00","0.00","0.00","0.00","0.00","11.11","0.00","13.13","Write Offs","0.00","0.00","0.00","0.00","0.00","0.00","0.00","0.00","0.00","0.00","0.00","0.00","0.00","Refunds","0.00","0.00","0.00","0.00","0.00","0.00","0.00","0.00","0.00","0.00","0.00","0.00","0.00","Transfers","0.00","0.00","0.00","0.00","0.00","0.00","0.00","0.00","0.00","0.00","0.00","0.00","0.00"
"Northborough","Invoice Charges","0.00","0.00","620.91","923.68","6.24","5.14","330.23","6.56","183.96","2576.67","16.83","2343.91","7014.13","Payments","0.00","0.00","25.01","0.00","315.05","0.00","0.00","6.56","18.51","315.10","0.00","0.00","680.23","Credits","1.01","0.00","0.00","0.00","0.00","0.00","0.00","0.00","0.00","10.10","0.00","0.00","11.11","Write Offs","0.00","0.00","0.00","0.00","0.00","0.00","0.00","0.00","0.00","0.00","0.00","0.00","0.00","Refunds","0.00","0.00","0.00","0.00","0.00","0.00","0.00","0.00","0.00","0.00","0.00","0.00","0.00","Transfers","0.00","0.00","0.00","0.00","0.00","0.00","0.00","0.00","0.00","0.00","0.00","0.00","0.00"
"Northbridge","Invoice Charges","1071.98","4.55","4.11","1154.68","7.89","929.33","488.17","14.10","341.71","261.30","15.34","2584.55","6877.71","Payments","0.00","0.00","0.00","316.04","0.00","0.00","25.06","0.00","316.09","0.00","0.00","0.00","657.19","Credits","0.00","0.00","0.00","0.00","0.00","0.00","0.00","0.00","9.09","0.00","0.00","0.00","9.09","Write Offs","0.00","0.00","0.00","0.00","0.00","0.00","0.00","0.00","0.00","0.00","0.00","0.00","0.00","Refunds","0.00","0.00","0.00","0.00","0.00","0.00","0.00","0.00","0.00","0.00","0.00","0.00","0.00","Transfers","0.00","0.00","0.00","0.00","0.00","0.00","0.00","0.00","0.00","0.00","0.00","0.00","0.00"
"Northfield","Invoice Charges","0.00","845.72","742.58","8.64","5.26","1155.53","649.37","13.02","341.72","482.59","15.19","262.29","4521.91","Payments","0.00","0.00","317.03","0.00","0.00","25.05","0.00","317.08","0.00","0.00","0.00","25.11","684.27","Credits","0.00","0.00","0.00","0.00","0.00","0.00","0.00","8.08","0.00","0.00","0.00","0.00","8.08","Write Offs","0.00","0.00","0.00","0.00","0.00","0.00","0.00","0.00","0.00","0.00","0.00","0.00","0.00","Refunds","0.00","0.00","0.00","0.00","0.00","0.00","0.00","0.00","0.00","0.00","0.00","0.00","0.00","Transfers","0.00","0.00","0.00","0.00","0.00","0.00","0.00","0.00","0.00","0.00","0.00","0.00","0.00"
"Norton","Invoice Charges","0.00","3283.55","2926.64","1650.89","31.00","32.06","1530.17","37.31","2250.30","45.51","47.22","45.79","11880.44","Payments","0.00","318.02","0.00","0.00","25.04","0.00","318.07","0.00","0.00","0.00","25.10","0.00","686.23","Credits","0.00","0.00","0.00","0.00","0.00","0.00","7.07","0.00","0.00","0.00","0.00","0.00","7.07","Write Offs","0.00","0.00","0.00","0.00","0.00","0.00","0.00","0.00","0.00","0.00","0.00","0.00","0.00","Refunds","0.00","0.00","0.00","0.00","0.00","0.00","0.00","0.00","0.00","0.00","0.00","0.00","0.00","Transfers","0.00","0.00","0.00","0.00","0.00","0.00","0.00","0.00","0.00","0.00","0.00","0.00","0.00"
"Norwell","Invoice Charges","0.00","0.00","2403.39","1858.84","16.10","1631.20","21.54","22.35","1119.64","26.32","27.20","25.12","7151.70","Payments","319.01","0.00","0.00","25.03","0.00","319.06","0.00","0.00","0.00","25.09","319.11","0.00","1007.30","Credits","0.00","0.00","0.00","0.00","0.00","6.06","0.00","0.00","0.00","0.00","0.00","0.00","6.06","Write Offs","0.00","0.00","0.00","0.00","0.00","0.00","0.00","0.00","0.00","0.00","0.00","0.00","0.00","Refunds","0.00","0.00","0.00","0.00","0.00","0.00","0.00","0.00","0.00","0.00","0.00","0.00","0.00","Transfers","0.00","0.00","0.00","0.00","0.00","0.00","0.00","0.00","0.00","0.00","0.00","0.00","0.00"
"Norwood","Invoice Charges","0.00","2937.63","0.00","2111.42","20.65","1870.03","1915.55","36.12","36.27","1185.22","39.99","960.02","11112.90","Payments","0.00","0.00","0.00","25.02","320.05","0.00","0.00","0.00","25.08","320.10","0.00","0.00","690.25","Credits","0.00","0.00","0.00","0.00","5.05","0.00","0.00","0.00","0.00","0.00","0.00","0.00","5.05","Write Offs","0.00","0.00","0.00","0.00","0.00","0.00","0.00","0.00","0.00","0.00","0.00","0.00","0.00","Refunds","0.00","0.00","0.00","0.00","0.00","0.00","0.00","0.00","0.00","0.00","0.00","0.00","0.00","Transfers","0.00","0.00","0.00","0.00","0.00","0.00","0.00","0.00","0.00","0.00","0.00","0.00","0.00"
"Oak Bluffs","Invoice Charges","0.00","126.06","1293.04","2333.87","13.78","2101.98","22.48","23.32","824.61","24.63","25.56","1174.91","7964.24","Payments","0.00","25.01","0.00","321.04","0.00","0.00","0.00","23.32","322.84","0.00","0.00","0.00","692.21","Credits","0.00","0.00","0.00","53.08","0.00","0.00","0.00","0.00","0.00","0.00","0.00","0.00","53.08","Write Offs","0.00","0.00","0.00","0.00","0.00","0.00","0.00","0.00","0.00","0.00","0.00","0.00","0.00","Refunds","0.00","0.00","0.00","0.00","0.00","0.00","0.00","0.00","0.00","0.00","0.00","0.00","0.00","Transfers","0.00","0.00","0.00","0.00","0.00","0.00","0.00","0.00","0.00","0.00","0.00","0.00","0.00"
"Oakham","Invoice Charges","0.00","233.42","126.07","2569.64","10.50","10.89","1053.69","15.31","935.20","1631.89","24.91","24.21","6635.73","Payments","0.00","0.00","322.03","0.00","0.00","0.00","25.06","322.08","0.00","0.00","0.00","0.00","669.17","Credits","0.00","0.00","52.06","0.00","0.00","0.00","0.00","0.00","0.00","0.00","0.00","0.00","52.06","Write Offs","0.00","0.00","0.00","0.00","0.00","0.00","0.00","0.00","0.00","0.00","0.00","0.00","0.00","Refunds","0.00","0.00","0.00","0.00","0.00","0.00","0.00","0.00","0.00","0.00","0.00","0.00","0.00","Transfers","0.00","0.00","0.00","0.00","0.00","0.00","0.00","0.00","0.00","0.00","0.00","0.00","0.00"
"Orange","Invoice Charges","0.00","342.89","233.45","0.86","0.83","2570.51","11.30","10.35","1053.60","1864.38","22.79","1636.59","7747.55","Payments","0.00","323.02","0.00","0.00","0.00","25.05","323.07","0.00","0.00","0.00","0.00","25.11","696.25","Credits","0.00","51.04","0.00","0.00","0.00","0.00","0.00","0.00","0.00","0.00","11.11","0.00","62.15","Write Offs","0.00","0.00","0.00","0.00","0.00","0.00","0.00","0.00","0.00","0.00","0.00","0.00","0.00","Refunds","0.00","0.00","0.00","0.00","0.00","0.00","0.00","0.00","0.00","0.00","0.00","0.00","0.00","Transfers","0.00","0.00","0.00","0.00","0.00","0.00","0.00","0.00","0.00","0.00","0.00","0.00","0.00"
"Orleans","Invoice Charges","0.00","683.75","0.00","472.77","3.42","251.06","1296.43","8.63","8.67","2096.11","17.57","1865.66","6704.07","Payments","324.01","0.00","0.00","0.00","3.42","345.68","0.00","0.00","0.00","0.00","341.68","7.53","1022.32","Credits","1.01","0.00","0.00","0.00","0.00","0.00","0.00","0.00","0.00","10.10","0.00","0.00","11.11","Write Offs","0.00","0.00","0.00","0.00","0.00","0.00","0.00","0.00","0.00","0.00","0.00","0.00","0.00","Refunds","0.00","0.00","0.00","0.00","0.00","0.00","0.00","0.00","0.00","0.00","0.00","0.00","0.00","Transfers","0.00","0.00","0.00","0.00","0.00","0.00","0.00","0.00","0.00","0.00","0.00","0.00","0.00"
"Otis","Invoice Charges","0.00","0.00","683.81","2.90","2.81","471.39","129.24","3.78","1297.31","2336.53","17.71","2104.89","7050.37","Payments","0.00","0.00","0.00","2.90","327.86","19.32","0.00","0.00","0.00","350.19","0.00","0.00","700.27","Credits","0.00","0.00","0.00","0.00","0.00","49.06","0.00","0.00","9.09","0.00","0.00","0.00","58.15","Write Offs","0.00","0.00","0.00","0.00","0.00","0.00","0.00","0.00","0.00","0.00","0.00","0.00","0.00","Refunds","0.00","0.00","0.00","0.00","0.00","0.00","0.00","0.00","0.00","0.00","0.00","0.00","0.00","Transfers","0.00","0.00","0.00","0.00","0.00","0.00","0.00","0.00","0.00","0.00","0.00","0.00","0.00"
"Oxford","Invoice Charges","0.00","0.00","454.53","922.97","4.22","4.38","237.76","5.20","131.32","2573.75","15.18","2342.31","6691.62","Payments","0.00","0.00","25.02","326.04","0.00","0.00","0.00","0.00","351.17","0.00","0.00","0.00","702.23","Credits","0.00","0.00","0.00","0.00","0.00","0.00","49.07","8.08","0.00","0.00","0.00","0.00","57.15","Write Offs","0.00","0.00","0.00","0.00","0.00","0.00","0.00","0.00","0.00","0.00","0.00","0.00","0.00","Refunds","0.00","0.00","0.00","0.00","0.00","0.00","0.00","0.00","0.00","0.00","0.00","0.00","0.00","Transfers","0.00","0.00","0.00","0.00","0.00","0.00","0.00","0.00","0.00","0.00","0.00","0.00","0.00"
"Palmer","Invoice Charges","0.00","801.74","0.00","1153.64","6.59","927.99","353.44","12.25","244.39","258.99","12.94","2582.22","6354.19","Payments","0.00","25.01","327.03","0.00","0.00","0.00","0.00","339.33","12.82","0.00","0.00","0.00","704.19","Credits","0.00","0.00","0.00","0.00","0.00","0.00","7.07","0.00","0.00","0.00","0.00","0.00","7.07","Write Offs","0.00","0.00","0.00","0.00","0.00","0.00","0.00","0.00","0.00","0.00","0.00","0.00","0.00","Refunds","0.00","0.00","0.00","0.00","0.00","0.00","0.00","0.00","0.00","0.00","0.00","0.00","0.00","Transfers","0.00","0.00","0.00","0.00","0.00","0.00","0.00","0.00","0.00","0.00","0.00","0.00","0.00"
"Paxton","Invoice Charges","0.00","921.71","801.82","8.20","5.77","1156.06","694.53","12.32","355.42","483.30","15.93","263.01","4718.07","Payments","0.00","328.02","0.00","0.00","0.00","0.00","353.13","0.00","0.00","0.00","0.00","0.00","681.15","Credits","0.00","0.00","0.00","0.00","0.00","6.06","0.00","0.00","0.00","0.00","0.00","0.00","6.06","Write Offs","0.00","0.00","0.00","0.00","0.00","0.00","0.00","0.00","0.00","0.00","0.00","0.00","0.00","Refunds","0.00","0.00","0.00","0.00","0.00","0.00","0.00","0.00","0.00","0.00","0.00","0.00","0.00","Transfers","0.00","0.00","0.00","0.00","0.00","0.00","0.00","0.00","0.00","0.00","0.00","0.00","0.00"
"Peabody","Invoice Charges","308.72","1318.94","921.79","1951.79","17.15","17.77","611.44","226.99","703.97","22.15","116.95","491.24","6708.90","Payments","329.01","0.00","0.00","0.00","0.00","346.83","7.28","0.00","0.00","0.00","329.11","25.11","1037.34","Credits","0.00","0.00","0.00","0.00","5.05","0.00","0.00","0.00","0.00","0.00","0.00","0.00","5.05","Write Offs","0.00","0.00","0.00","0.00","0.00","0.00","0.00","0.00","0.00","0.00","0.00","0.00","0.00","Refunds","0.00","0.00","0.00","0.00","0.00","0.00","0.00","0.00","0.00","0.00","0.00","0.00","0.00","Transfers","0.00","0.00","0.00","0.00","0.00","0.00","0.00","0.00","0.00","0.00","0.00","0.00","0.00"
"Pelham","Invoice Charges","0.00","0.00","1043.87","1854.42","11.89","1625.38","17.16","17.81","472.59","940.40","22.48","21.76","6027.76","Payments","0.00","0.00","0.00","0.00","341.94","13.15","0.00","0.00","0.00","330.10","22.48","2.62","710.29","Credits","0.00","0.00","0.00","4.04","0.00","0.00","0.00","0.00","0.00","0.00","0.00","0.00","4.04","Write Offs","0.00","0.00","0.00","0.00","0.00","0.00","0.00","0.00","0.00","0.00","0.00","0.00","0.00","Refunds","0.00","0.00","0.00","0.00","0.00","0.00","0.00","0.00","0.00","0.00","0.00","0.00","0.00","Transfers","0.00","0.00","0.00","0.00","0.00","0.00","0.00","0.00","0.00","0.00","0.00","0.00","0.00"
"Pembroke","Invoice Charges","0.00","1294.21","0.00","2098.12","12.47","1862.92","822.21","24.34","24.44","1172.46","28.01","948.37","8287.55","Payments","0.00","0.00","0.00","356.07","0.00","0.00","0.00","0.00","331.09","25.09","0.00","0.00","712.25","Credits","0.00","0.00","3.03","0.00","0.00","0.00","0.00","0.00","0.00","0.00","0.00","0.00","3.03","Write Offs","0.00","0.00","0.00","0.00","0.00","0.00","0.00","0.00","0.00","0.00","0.00","0.00","0.00","Refunds","0.00","0.00","0.00","0.00","0.00","0.00","0.00","0.00","0.00","0.00","0.00","0.00","0.00","Transfers","0.00","0.00","0.00","0.00","0.00","0.00","0.00","0.00","0.00","0.00","0.00","0.00","0.00"
"Pepperell","Invoice Charges","0.00","126.19","1294.32","2332.54","13.95","2102.15","944.68","27.41","828.23","28.58","29.65","1178.84","8906.54","Payments","0.00","0.00","357.05","0.00","0.00","0.00","0.00","332.08","25.08","0.00","0.00","0.00","714.21","Credits","0.00","2.02","0.00","0.00","0.00","0.00","0.00","0.00","0.00","0.00","11.11","0.00","13.13","Write Offs","0.00","0.00","0.00","0.00","0.00","0.00","0.00","0.00","0.00","0.00","0.00","0.00","0.00","Refunds","0.00","0.00","0.00","0.00","0.00","0.00","0.00","0.00","0.00","0.00","0.00","0.00","0.00","Transfers","0.00","0.00","0.00","0.00","0.00","0.00","0.00","0.00","0.00","0.00","0.00","0.00","0.00"
"Peru","Invoice Charges","0.00","233.68","126.21","2569.64","10.56","2338.52","1064.38","24.00","946.14","1641.60","34.94","33.96","9023.63","Payments","0.00","358.03","0.00","0.00","0.00","0.00","333.07","24.00","1.07","0.00","0.00","0.00","716.17","Credits","1.01","0.00","0.00","0.00","0.00","0.00","0.00","0.00","0.00","10.10","0.00","0.00","11.11","Write Offs","0.00","0.00","0.00","0.00","0.00","0.00","0.00","0.00","0.00","0.00","0.00","0.00","0.00","Refunds","0.00","0.00","0.00","0.00","0.00","0.00","0.00","0.00","0.00","0.00","0.00","0.00","0.00","Transfers","0.00","0.00","0.00","0.00","0.00","0.00","0.00","0.00","0.00","0.00","0.00","0.00","0.00"
"Petersham","Invoice Charges","0.00","343.25","233.70","248.60","2.02","2571.74","11.22","11.60","1055.85","1865.51","23.96","1871.39","8238.84","Payments","334.01","0.00","0.00","0.00","0.00","334.06","11.22","11.60","2.24","0.00","334.11","0.00","1027.24","Credits","0.00","0.00","0.00","0.00","0.00","0.00","0.00","0.00","9.09","0.00","0.00","0.00","9.09","Write Offs","0.00","0.00","0.00","0.00","0.00","0.00","0.00","0.00","0.00","0.00","0.00","0.00","0.00","Refunds","0.00","0.00","0.00","0.00","0.00","0.00","0.00","0.00","0.00","0.00","0.00","0.00","0.00","Transfers","0.00","0.00","0.00","0.00","0.00","0.00","0.00","0.00","0.00","0.00","0.00","0.00","0.00"
"Phillipston","Invoice Charges","0.00","684.46","343.28","6.99","474.12","252.51","1300.44","11.47","11.49","2098.84","255.02","1869.45","7308.07","Payments","0.00","0.00","0.00","0.00","335.05","25.05","0.00","0.00","0.00","335.10","0.00","25.11","720.31","Credits","0.00","0.00","0.00","0.00","0.00","0.00","0.00","8.08","0.00","0.00","0.00","0.00","8.08","Write Offs","0.00","0.00","0.00","0.00","0.00","0.00","0.00","0.00","0.00","0.00","0.00","0.00","0.00","Refunds","0.00","0.00","0.00","0.00","0.00","0.00","0.00","0.00","0.00","0.00","0.00","0.00","0.00","Transfers","0.00","0.00","0.00","0.00","0.00","0.00","0.00","0.00","0.00","0.00","0.00","0.00","0.00"
"Pittsfield","Invoice Charges","0.00","454.97","684.52","6.58","3.33","473.31","131.43","5.89","1300.70","2574.23","20.94","2107.94","7763.84","Payments","0.00","0.00","0.00","336.04","3.33","21.71","0.00","0.00","336.09","0.00","20.94","4.16","722.27","Credits","0.00","0.00","0.00","0.00","0.00","0.00","7.07","0.00","0.00","0.00","0.00","0.00","7.07","Write Offs","0.00","0.00","0.00","0.00","0.00","0.00","0.00","0.00","0.00","0.00","0.00","0.00","0.00","Refunds","0.00","0.00","0.00","0.00","0.00","0.00","0.00","0.00","0.00","0.00","0.00","0.00","0.00","Transfers","0.00","0.00","0.00","0.00","0.00","0.00","0.00","0.00","0.00","0.00","0.00","0.00","0.00"
"Plainfield","Invoice Charges","0.00","0.00","455.01","0.50","921.63","4.31","237.93","5.31","368.15","2574.93","16.30","2343.40","6927.47","Payments","0.00","0.00","337.03","0.50","24.53","0.00","0.00","337.08","0.00","25.09","0.00","0.00","724.23","Credits","0.00","0.00","0.00","0.00","0.00","6.06","0.00","0.00","0.00","0.00","0.00","0.00","6.06","Write Offs","0.00","0.00","0.00","0.00","0.00","0.00","0.00","0.00","0.00","0.00","0.00","0.00","0.00","Refunds","0.00","0.00","0.00","0.00","0.00","0.00","0.00","0.00","0.00","0.00","0.00","0.00","0.00","Transfers","0.00","0.00","0.00","0.00","0.00","0.00","0.00","0.00","0.00","0.00","0.00","0.00","0.00"
"Plainville","Invoice Charges","0.00","802.57","0.00","3.75","1151.98","927.90","353.74","249.75","245.61","259.88","13.86","2583.11","6592.15","Payments","0.00","338.02","0.00","3.75","21.27","0.00","338.07","0.00","25.08","0.00","0.00","0.00","726.19","Credits","0.00","0.00","0.00","0.00","5.05","0.00","0.00","0.00","0.00","0.00","0.00","0.00","5.05","Write Offs","0.00","0.00","0.00","0.00","0.00","0.00","0.00","0.00","0.00","0.00","0.00","0.00","0.00","Refunds","0.00","0.00","0.00","0.00","0.00","0.00","0.00","0.00","0.00","0.00","0.00","0.00","0.00","Transfers","0.00","0.00","0.00","0.00","0.00","0.00","0.00","0.00","0.00","0.00","0.00","0.00","0.00"
"Plymouth","Invoice Charges","0.00","922.65","802.64","7.92","5.61","1155.89","933.70","13.25","356.67","484.11","16.78","262.44","4961.66","Payments","339.01","25.01","0.00","0.00","0.00","339.06","0.00","13.25","11.82","0.00","339.11","0.00","1067.26","Credits","0.00","0.00","0.00","4.04","0.00","0.00","0.00","0.00","0.00","0.00","0.00","0.00","4.04","Write Offs","0.00","0.00","0.00","0.00","0.00","0.00","0.00","0.00","0.00","0.00","0.00","0.00","0.00","Refunds","0.00","0.00","0.00","0.00","0.00","0.00","0.00","0.00","0.00","0.00","0.00","0.00","0.00","Transfers","0.00","0.00","0.00","0.00","0.00","0.00","0.00","0.00","0.00","0.00","0.00","0.00","0.00"
"Plympton","Invoice Charges","0.00","1044.83","922.73","12.35","1622.61","254.83","469.59","16.81","701.66","19.22","18.50","487.85","5570.98","Payments","0.00","0.00","0.00","0.00","340.05","0.00","25.06","0.00","0.00","340.10","0.00","0.00","705.21","Credits","0.00","0.00","3.03","0.00","0.00","0.00","0.00","0.00","0.00","0.00","0.00","0.00","3.03","Write Offs","0.00","0.00","0.00","0.00","0.00","0.00","0.00","0.00","0.00","0.00","0.00","0.00","0.00","Refunds","0.00","0.00","0.00","0.00","0.00","0.00","0.00","0.00","0.00","0.00","0.00","0.00","0.00","Transfers","0.00","0.00","0.00","0.00","0.00","0.00","0.00","0.00","0.00","0.00","0.00","0.00","0.00"
"Princeton","Invoice Charges","0.00","0.00","1004.73","4.26","2094.72","1626.21","17.93","18.60","464.26","939.73","23.19","22.49","6216.12","Payments","0.00","0.00","0.00","341.04","0.00","25.05","0.00","0.00","341.09","0.00","0.00","22.49","729.67","Credits","0.00","2.02","0.00","0.00","0.00","0.00","0.00","0.00","0.00","0.00","11.11","0.00","13.13","Write Offs","0.00","0.00","0.00","0.00","0.00","0.00","0.00","0.00","0.00","0.00","0.00","0.00","0.00","Refunds","0.00","0.00","0.00","0.00","0.00","0.00","0.00","0.00","0.00","0.00","0.00","0.00","0.00","Transfers","0.00","0.00","0.00","0.00","0.00","0.00","0.00","0.00","0.00","0.00","0.00","0.00","0.00"
"Provincetown","Invoice Charges","0.00","1223.27","0.00","249.98","2092.32","1863.57","784.72","24.82","23.48","1172.89","28.51","948.76","8412.32","Payments","0.00","0.00","342.03","0.00","25.04","0.00","0.00","342.08","0.00","0.00","25.10","0.00","734.25","Credits","1.01","0.00","0.00","0.00","0.00","0.00","0.00","0.00","0.00","10.10","0.00","0.00","11.11","Write Offs","0.00","0.00","0.00","0.00","0.00","0.00","0.00","0.00","0.00","0.00","0.00","0.00","0.00","Refunds","0.00","0.00","0.00","0.00","0.00","0.00","0.00","0.00","0.00","0.00","0.00","0.00","0.00","Transfers","0.00","0.00","0.00","0.00","0.00","0.00","0.00","0.00","0.00","0.00","0.00","0.00","0.00"
"Quincy","Invoice Charges","0.00","128.59","1455.74","5.27","2332.66","2102.77","918.95","26.47","798.07","28.97","29.95","29.10","7856.54","Payments","0.00","343.02","0.00","5.27","19.76","0.00","343.07","0.00","0.00","25.09","0.00","0.00","736.21","Credits","0.00","0.00","0.00","0.00","0.00","0.00","0.00","0.00","9.09","0.00","0.00","0.00","9.09","Write Offs","0.00","0.00","0.00","0.00","0.00","0.00","0.00","0.00","0.00","0.00","0.00","0.00","0.00","Refunds","0.00","0.00","0.00","0.00","0.00","0.00","0.00","0.00","0.00","0.00","0.00","0.00","0.00","Transfers","0.00","0.00","0.00","0.00","0.00","0.00","0.00","0.00","0.00","0.00","0.00","0.00","0.00"
"Randolph","Invoice Charges","0.00","483.04","126.10","1.55","2570.63","2339.50","1005.65","24.69","912.02","27.60","28.64","26.42","7545.84","Payments","344.01","0.00","25.02","0.00","0.00","344.06","0.00","0.00","25.08","0.00","344.11","0.00","1082.28","Credits","0.00","0.00","0.00","0.00","0.00","0.00","0.00","8.08","0.00","0.00","0.00","0.00","8.08","Write Offs","0.00","0.00","0.00","0.00","0.00","0.00","0.00","0.00","0.00","0.00","0.00","0.00","0.00","Refunds","0.00","0.00","0.00","0.00","0.00","0.00","0.00","0.00","0.00","0.00","0.00","0.00","0.00","Transfers","0.00","0.00","0.00","0.00","0.00","0.00","0.00","0.00","0.00","0.00","0.00","0.00","0.00"
"Raynham","Invoice Charges","0.00","336.29","233.49","3.51","249.78","2571.56","12.43","12.87","12.87","1862.44","19.31","1633.26","6947.81","Payments","0.00","25.01","0.00","0.00","345.05","0.00","0.00","12.87","12.20","345.10","0.00","0.00","740.23","Credits","0.00","0.00","0.00","0.00","0.00","0.00","7.07","0.00","0.00","0.00","0.00","0.00","7.07","Write Offs","0.00","0.00","0.00","0.00","0.00","0.00","0.00","0.00","0.00","0.00","0.00","0.00","0.00","Refunds","0.00","0.00","0.00","0.00","0.00","0.00","0.00","0.00","0.00","0.00","0.00","0.00","0.00","Transfers","0.00","0.00","0.00","0.00","0.00","0.00","0.00","0.00","0.00","0.00","0.00","0.00","0.00"
"Reading","Invoice Charges","0.00","658.08","349.64","6.80","472.62","252.38","5.70","5.89","5.89","2091.96","13.27","1862.89","5725.12","Payments","0.00","0.00","0.00","346.04","0.00","0.00","5.70","5.89","351.98","7.58","0.00","0.00","717.19","Credits","0.00","0.00","0.00","0.00","0.00","6.06","0.00","0.00","0.00","0.00","0.00","0.00","6.06","Write Offs","0.00","0.00","0.00","0.00","0.00","0.00","0.00","0.00","0.00","0.00","0.00","0.00","0.00","Refunds","0.00","0.00","0.00","0.00","0.00","0.00","0.00","0.00","0.00","0.00","0.00","0.00","0.00","Transfers","0.00","0.00","0.00","0.00","0.00","0.00","0.00","0.00","0.00","0.00","0.00","0.00","0.00"
"Rehoboth","Invoice Charges","0.00","458.94","664.59","5.06","3.21","3.32","130.59","3.77","1226.17","2334.84","17.44","2104.63","6952.56","Payments","0.00","0.00","347.03","0.00","0.00","1.48","23.57","347.08","0.00","0.00","0.00","25.11","744.27","Credits","0.00","0.00","0.00","0.00","5.05","0.00","0.00","0.00","0.00","0.00","0.00","0.00","5.05","Write Offs","0.00","0.00","0.00","0.00","0.00","0.00","0.00","0.00","0.00","0.00","0.00","0.00","0.00","Refunds","0.00","0.00","0.00","0.00","0.00","0.00","0.00","0.00","0.00","0.00","0.00","0.00","0.00","Transfers","0.00","0.00","0.00","0.00","0.00","0.00","0.00","0.00","0.00","0.00","0.00","0.00","0.00"
"Revere","Invoice Charges","0.00","0.00","454.63","0.45","0.44","0.45","240.87","0.00","128.65","2570.05","11.34","2338.53","5745.41","Payments","0.00","348.02","0.00","0.00","0.00","0.00","373.11","0.00","0.00","0.00","11.34","13.76","746.23","Credits","0.00","0.00","0.00","4.04","0.00","0.00","0.00","0.00","0.00","0.00","0.00","0.00","4.04","Write Offs","0.00","0.00","0.00","0.00","0.00","0.00","0.00","0.00","0.00","0.00","0.00","0.00","0.00","Refunds","0.00","0.00","0.00","0.00","0.00","0.00","0.00","0.00","0.00","0.00","0.00","0.00","0.00","Transfers","0.00","0.00","0.00","0.00","0.00","0.00","0.00","0.00","0.00","0.00","0.00","0.00","0.00"
"Richmond","Invoice Charges","0.00","779.43","0.00","3.45","1151.83","927.76","351.87","10.57","248.77","258.82","12.66","2580.51","6325.67","Payments","349.01","0.00","0.00","3.45","21.58","349.06","0.00","0.00","0.00","25.09","349.11","0.00","1097.30","Credits","0.00","0.00","3.03","0.00","0.00","0.00","0.00","0.00","0.00","0.00","0.00","0.00","3.03","Write Offs","0.00","0.00","0.00","0.00","0.00","0.00","0.00","0.00","0.00","0.00","0.00","0.00","0.00","Refunds","0.00","0.00","0.00","0.00","0.00","0.00","0.00","0.00","0.00","0.00","0.00","0.00","0.00","Transfers","0.00","0.00","0.00","0.00","0.00","0.00","0.00","0.00","0.00","0.00","0.00","0.00","0.00"
"Rochester","Invoice Charges","0.00","0.00","764.52","3.13","3.04","1151.74","677.59","9.44","345.94","480.36","11.40","258.56","3705.72","Payments","0.00","0.00","25.02","0.00","350.05","0.00","0.00","0.00","25.08","350.10","0.00","0.00","750.25","Credits","0.00","2.02","0.00","0.00","0.00","0.00","0.00","0.00","0.00","0.00","11.11","0.00","13.13","Write Offs","0.00","0.00","0.00","0.00","0.00","0.00","0.00","0.00","0.00","0.00","0.00","0.00","0.00","Refunds","0.00","0.00","0.00","0.00","0.00","0.00","0.00","0.00","0.00","0.00","0.00","0.00","0.00","Transfers","0.00","0.00","0.00","0.00","0.00","0.00","0.00","0.00","0.00","0.00","0.00","0.00","0.00"
"Rockland","Invoice Charges","0.00","976.99","896.38","11.49","1620.69","13.29","454.56","15.27","673.67","16.06","16.63","486.03","5181.06","Payments","0.00","25.01","0.00","351.04","0.00","0.00","0.00","15.27","360.89","0.00","0.00","0.00","752.21","Credits","1.01","0.00","0.00","0.00","0.00","0.00","0.00","0.00","0.00","10.10","0.00","0.00","11.11","Write Offs","0.00","0.00","0.00","0.00","0.00","0.00","0.00","0.00","0.00","0.00","0.00","0.00","0.00","Refunds","0.00","0.00","0.00","0.00","0.00","0.00","0.00","0.00","0.00","0.00","0.00","0.00","0.00","Transfers","0.00","0.00","0.00","0.00","0.00","0.00","0.00","0.00","0.00","0.00","0.00","0.00","0.00"
"Rockport","Invoice Charges","0.00","0.00","986.65","2.70","1852.61","1625.06","16.91","17.47","475.18","938.57","21.98","21.37","5958.50","Payments","0.00","0.00","352.03","0.00","0.00","0.00","16.91","360.23","0.00","0.00","0.00","0.00","729.17","Credits","0.00","0.00","0.00","0.00","0.00","0.00","0.00","0.00","9.09","0.00","0.00","0.00","9.09","Write Offs","0.00","0.00","0.00","0.00","0.00","0.00","0.00","0.00","0.00","0.00","0.00","0.00","0.00","Refunds","0.00","0.00","0.00","0.00","0.00","0.00","0.00","0.00","0.00","0.00","0.00","0.00","0.00","Transfers","0.00","0.00","0.00","0.00","0.00","0.00","0.00","0.00","0.00","0.00","0.00","0.00","0.00"
"Rowe","Invoice Charges","0.00","1201.26","0.00","6.86","2091.19","1862.50","806.88","22.24","22.30","1171.74","27.37","947.75","8160.09","Payments","0.00","353.02","0.00","0.00","0.00","25.05","353.07","0.00","0.00","0.00","0.00","25.11","756.25","Credits","0.00","0.00","0.00","0.00","0.00","0.00","0.00","8.08","0.00","0.00","0.00","0.00","8.08","Write Offs","0.00","0.00","0.00","0.00","0.00","0.00","0.00","0.00","0.00","0.00","0.00","0.00","0.00","Refunds","0.00","0.00","0.00","0.00","0.00","0.00","0.00","0.00","0.00","0.00","0.00","0.00","0.00","Transfers","0.00","0.00","0.00","0.00","0.00","0.00","0.00","0.00","0.00","0.00","0.00","0.00","0.00"
"Rowley","Invoice Charges","0.00","129.97","1178.08","4.05","2331.50","2101.54","900.18","25.08","804.98","27.68","28.72","1176.42","8708.20","Payments","354.01","0.00","0.00","0.00","25.04","354.06","0.00","0.00","0.00","0.00","379.21","0.00","1112.32","Credits","0.00","0.00","0.00","0.00","0.00","0.00","7.07","0.00","0.00","0.00","0.00","0.00","7.07","Write Offs","0.00","0.00","0.00","0.00","0.00","0.00","0.00","0.00","0.00","0.00","0.00","0.00","0.00","Refunds","0.00","0.00","0.00","0.00","0.00","0.00","0.00","0.00","0.00","0.00","0.00","0.00","0.00","Transfers","0.00","0.00","0.00","0.00","0.00","0.00","0.00","0.00","0.00","0.00","0.00","0.00","0.00"
"Royalston","Invoice Charges","0.00","231.43","127.48","2.41","2571.12","2338.40","1016.58","25.06","887.78","1642.49","34.30","33.33","8910.38","Payments","0.00","0.00","0.00","2.41","377.67","0.00","0.00","0.00","0.00","380.19","0.00","0.00","760.27","Credits","0.00","0.00","0.00","0.00","0.00","6.06","0.00","0.00","0.00","0.00","0.00","0.00","6.06","Write Offs","0.00","0.00","0.00","0.00","0.00","0.00","0.00","0.00","0.00","0.00","0.00","0.00","0.00","Refunds","0.00","0.00","0.00","0.00","0.00","0.00","0.00","0.00","0.00","0.00","0.00","0.00","0.00","Transfers","0.00","0.00","0.00","0.00","0.00","0.00","0.00","0.00","0.00","0.00","0.00","0.00","0.00"
"Russell","Invoice Charges","0.00","339.99","240.60","3.66","248.37","2571.54","12.40","12.87","990.38","1865.00","23.43","1637.26","7945.50","Payments","0.00","0.00","25.02","356.04","0.00","0.00","0.00","0.00","381.17","0.00","0.00","0.00","762.23","Credits","0.00","0.00","0.00","0.00","5.05","0.00","0.00","0.00","0.00","0.00","0.00","0.00","5.05","Write Offs","0.00","0.00","0.00","0.00","0.00","0.00","0.00","0.00","0.00","0.00","0.00","0.00","0.00","Refunds","0.00","0.00","0.00","0.00","0.00","0.00","0.00","0.00","0.00","0.00","0.00","0.00","0.00","Transfers","0.00","0.00","0.00","0.00","0.00","0.00","0.00","0.00","0.00","0.00","0.00","0.00","0.00"
"Rutland","Invoice Charges","0.00","678.13","343.35","5.08","472.50","252.26","1195.68","10.88","9.36","2096.74","18.24","1867.72","6949.94","Payments","0.00","25.01","357.03","0.00","0.00","0.00","0.00","367.96","9.36","4.83","0.00","0.00","764.19","Credits","0.00","0.00","0.00","4.04","0.00","0.00","0.00","0.00","0.00","0.00","0.00","0.00","4.04","Write Offs","0.00","0.00","0.00","0.00","0.00","0.00","0.00","0.00","0.00","0.00","0.00","0.00","0.00","Refunds","0.00","0.00","0.00","0.00","0.00","0.00","0.00","0.00","0.00","0.00","0.00","0.00","0.00","Transfers","0.00","0.00","0.00","0.00","0.00","0.00","0.00","0.00","0.00","0.00","0.00","0.00","0.00"
"Salem","Invoice Charges","0.00","450.69","671.76","3.59","3.14","473.13","136.37","4.22","1206.08","2336.62","19.29","2106.42","7411.31","Payments","0.00","358.02","0.00","0.00","0.00","0.00","383.13","0.00","0.00","0.00","0.00","0.00","741.15","Credits","0.00","0.00","3.03","0.00","0.00","0.00","0.00","0.00","0.00","0.00","0.00","0.00","3.03","Write Offs","0.00","0.00","0.00","0.00","0.00","0.00","0.00","0.00","0.00","0.00","0.00","0.00","0.00","Refunds","0.00","0.00","0.00","0.00","0.00","0.00","0.00","0.00","0.00","0.00","0.00","0.00","0.00","Transfers","0.00","0.00","0.00","0.00","0.00","0.00","0.00","0.00","0.00","0.00","0.00","0.00","0.00"
"Salisbury","Invoice Charges","0.00","0.00","442.00","0.34","921.48","4.26","238.75","3.66","133.70","2573.75","15.17","2340.78","6673.89","Payments","359.01","0.00","0.00","0.00","0.00","363.32","20.79","0.00","0.00","0.00","359.11","25.11","1127.34","Credits","0.00","2.02","0.00","0.00","0.00","0.00","0.00","0.00","0.00","0.00","11.11","0.00","13.13","Write Offs","0.00","0.00","0.00","0.00","0.00","0.00","0.00","0.00","0.00","0.00","0.00","0.00","0.00","Refunds","0.00","0.00","0.00","0.00","0.00","0.00","0.00","0.00","0.00","0.00","0.00","0.00","0.00","Transfers","0.00","0.00","0.00","0.00","0.00","0.00","0.00","0.00","0.00","0.00","0.00","0.00","0.00"
"Sandisfield","Invoice Charges","0.00","757.79","0.00","6.12","1153.21","927.65","356.88","11.96","243.56","260.15","12.57","2581.81","6311.70","Payments","0.00","0.00","0.00","0.00","385.09","0.00","0.00","0.00","0.00","360.10","12.57","12.53","770.29","Credits","1.01","0.00","0.00","0.00","0.00","0.00","0.00","0.00","0.00","10.10","0.00","0.00","11.11","Write Offs","0.00","0.00","0.00","0.00","0.00","0.00","0.00","0.00","0.00","0.00","0.00","0.00","0.00","Refunds","0.00","0.00","0.00","0.00","0.00","0.00","0.00","0.00","0.00","0.00","0.00","0.00","0.00","Transfers","0.00","0.00","0.00","0.00","0.00","0.00","0.00","0.00","0.00","0.00","0.00","0.00","0.00"
"Sandwich","Invoice Charges","0.00","2669.35","2343.82","31.53","19.15","1169.93","24.03","2043.22","1075.31","505.30","38.65","285.09","10205.38","Payments","0.00","0.00","0.00","386.07","0.00","0.00","0.00","0.00","361.09","25.09","0.00","0.00","772.25","Credits","0.00","0.00","0.00","0.00","0.00","0.00","0.00","0.00","9.09","0.00","0.00","0.00","9.09","Write Offs","0.00","0.00","0.00","0.00","0.00","0.00","0.00","0.00","0.00","0.00","0.00","0.00","0.00","Refunds","0.00","0.00","0.00","0.00","0.00","0.00","0.00","0.00","0.00","0.00","0.00","0.00","0.00","Transfers","0.00","0.00","0.00","0.00","0.00","0.00","0.00","0.00","0.00","0.00","0.00","0.00","0.00"
"Saugus","Invoice Charges","411.63","2387.68","1801.15","430.66","1633.58","26.66","213.83","1226.81","1391.97","35.92","154.73","506.58","10221.20","Payments","0.00","0.00","387.05","0.00","0.00","0.00","0.00","362.08","25.08","0.00","0.00","0.00","774.21","Credits","0.00","0.00","0.00","0.00","0.00","0.00","0.00","8.08","0.00","0.00","0.00","0.00","8.08","Write Offs","0.00","0.00","0.00","0.00","0.00","0.00","0.00","0.00","0.00","0.00","0.00","0.00","0.00","Refunds","0.00","0.00","0.00","0.00","0.00","0.00","0.00","0.00","0.00","0.00","0.00","0.00","0.00","Transfers","0.00","0.00","0.00","0.00","0.00","0.00","0.00","0.00","0.00","0.00","0.00","0.00","0.00"
"Savoy","Invoice Charges","0.00","0.00","689.19","1.28","1851.23","1623.64","15.52","14.53","329.16","936.53","19.86","19.31","5500.25","Payments","0.00","363.02","25.01","0.00","0.00","0.00","363.07","14.53","10.54","0.00","0.00","0.00","776.17","Credits","0.00","0.00","0.00","0.00","0.00","0.00","7.07","0.00","0.00","0.00","0.00","0.00","7.07","Write Offs","0.00","0.00","0.00","0.00","0.00","0.00","0.00","0.00","0.00","0.00","0.00","0.00","0.00","Refunds","0.00","0.00","0.00","0.00","0.00","0.00","0.00","0.00","0.00","0.00","0.00","0.00","0.00","Transfers","0.00","0.00","0.00","0.00","0.00","0.00","0.00","0.00","0.00","0.00","0.00","0.00","0.00"
"Scituate","Invoice Charges","0.00","2947.41","0.00","20.88","2098.38","1869.96","25.49","1921.11","34.50","1183.60","39.67","958.21","11099.21","Payments","364.01","0.00","0.00","0.00","0.00","364.06","25.06","0.00","0.00","0.00","364.11","0.00","1117.24","Credits","0.00","0.00","0.00","0.00","0.00","6.06","0.00","0.00","0.00","0.00","0.00","0.00","6.06","Write Offs","0.00","0.00","0.00","0.00","0.00","0.00","0.00","0.00","0.00","0.00","0.00","0.00","0.00","Refunds","0.00","0.00","0.00","0.00","0.00","0.00","0.00","0.00","0.00","0.00","0.00","0.00","0.00","Transfers","0.00","0.00","0.00","0.00","0.00","0.00","0.00","0.00","0.00","0.00","0.00","0.00","0.00"
"Seekonk","Invoice Charges","0.00","433.12","4042.44","20.67","2346.04","2115.16","35.19","2996.15","2647.94","58.53","59.18","1207.58","15962.00","Payments","0.00","0.00","0.00","0.00","365.05","25.05","0.00","0.00","0.00","365.10","0.00","25.11","780.31","Credits","0.00","0.00","0.00","0.00","5.05","0.00","0.00","0.00","0.00","0.00","0.00","0.00","5.05","Write Offs","0.00","0.00","0.00","0.00","0.00","0.00","0.00","0.00","0.00","0.00","0.00","0.00","0.00","Refunds","0.00","0.00","0.00","0.00","0.00","0.00","0.00","0.00","0.00","0.00","0.00","0.00","0.00","Transfers","0.00","0.00","0.00","0.00","0.00","0.00","0.00","0.00","0.00","0.00","0.00","0.00","0.00"
"Sharon","Invoice Charges","0.00","581.29","317.06","6.04","2571.84","2340.64","22.28","2453.96","2200.16","1654.48","48.35","46.89","12242.99","Payments","0.00","0.00","0.00","366.04","25.04","0.00","0.00","0.00","366.09","0.00","25.10","0.00","782.27","Credits","0.00","0.00","0.00","4.04","0.00","0.00","0.00","0.00","0.00","0.00","0.00","0.00","4.04","Write Offs","0.00","0.00","0.00","0.00","0.00","0.00","0.00","0.00","0.00","0.00","0.00","0.00","0.00","Refunds","0.00","0.00","0.00","0.00","0.00","0.00","0.00","0.00","0.00","0.00","0.00","0.00","0.00","Transfers","0.00","0.00","0.00","0.00","0.00","0.00","0.00","0.00","0.00","0.00","0.00","0.00","0.00"
"Sheffield","Invoice Charges","0.00","243.17","167.18","0.32","247.70","2570.76","11.65","12.08","709.71","1863.14","21.40","1635.28","7482.39","Payments","0.00","0.00","367.03","0.32","24.71","0.00","0.00","367.08","0.00","25.09","0.00","0.00","784.23","Credits","0.00","0.00","3.03","0.00","0.00","0.00","0.00","0.00","0.00","0.00","0.00","0.00","3.03","Write Offs","0.00","0.00","0.00","0.00","0.00","0.00","0.00","0.00","0.00","0.00","0.00","0.00","0.00","Refunds","0.00","0.00","0.00","0.00","0.00","0.00","0.00","0.00","0.00","0.00","0.00","0.00","0.00","Transfers","0.00","0.00","0.00","0.00","0.00","0.00","0.00","0.00","0.00","0.00","0.00","0.00","0.00"
"Shelburne","Invoice Charges","0.00","671.11","346.38","3.80","472.44","252.20","5.55","1216.53","9.36","2096.74","18.20","17.64","5109.95","Payments","0.00","368.02","25.02","0.00","0.00","0.00","368.07","0.00","9.36","15.72","0.00","0.00","786.19","Credits","0.00","2.02","0.00","0.00","0.00","0.00","0.00","0.00","0.00","0.00","11.11","0.00","13.13","Write Offs","0.00","0.00","0.00","0.00","0.00","0.00","0.00","0.00","0.00","0.00","0.00","0.00","0.00","Refunds","0.00","0.00","0.00","0.00","0.00","0.00","0.00","0.00","0.00","0.00","0.00","0.00","0.00","Transfers","0.00","0.00","0.00","0.00","0.00","0.00","0.00","0.00","0.00","0.00","0.00","0.00","0.00"
"Sherborn","Invoice Charges","0.00","791.00","1167.67","8.16","6.46","476.57","6.93","233.19","2117.41","16.51","17.09","2372.76","7213.75","Payments","369.01","25.01","0.00","0.00","0.00","369.06","0.00","25.07","0.00","0.00","369.11","0.00","1157.26","Credits","1.01","0.00","0.00","0.00","0.00","0.00","0.00","0.00","0.00","10.10","0.00","0.00","11.11","Write Offs","0.00","0.00","0.00","0.00","0.00","0.00","0.00","0.00","0.00","0.00","0.00","0.00","0.00","Refunds","0.00","0.00","0.00","0.00","0.00","0.00","0.00","0.00","0.00","0.00","0.00","0.00","0.00","Transfers","0.00","0.00","0.00","0.00","0.00","0.00","0.00","0.00","0.00","0.00","0.00","0.00","0.00"
"Shirley","Invoice Charges","0.00","0.00","528.96","2.25","923.33","4.61","4.48","281.70","5.73","2575.19","286.07","2343.33","6955.65","Payments","0.00","0.00","0.00","0.00","370.05","0.00","4.48","20.58","0.00","370.10","0.00","0.00","765.21","Credits","0.00","0.00","0.00","0.00","0.00","0.00","0.00","0.00","9.09","0.00","0.00","0.00","9.09","Write Offs","0.00","0.00","0.00","0.00","0.00","0.00","0.00","0.00","0.00","0.00","0.00","0.00","0.00","Refunds","0.00","0.00","0.00","0.00","0.00","0.00","0.00","0.00","0.00","0.00","0.00","0.00","0.00","Transfers","0.00","0.00","0.00","0.00","0.00","0.00","0.00","0.00","0.00","0.00","0.00","0.00","0.00"
"Shrewsbury","Invoice Charges","0.00","1109.05","0.00","8.96","1153.14","929.22","11.52","11.96","350.84","531.02","14.14","2583.38","6703.23","Payments","0.00","0.00","0.00","371.04","0.00","25.05","0.00","0.00","371.09","0.00","0.00","25.11","792.29","Credits","0.00","0.00","0.00","0.00","0.00","0.00","0.00","8.08","0.00","0.00","0.00","0.00","8.08","Write Offs","0.00","0.00","0.00","0.00","0.00","0.00","0.00","0.00","0.00","0.00","0.00","0.00","0.00","Refunds","0.00","0.00","0.00","0.00","0.00","0.00","0.00","0.00","0.00","0.00","0.00","0.00","0.00","Transfers","0.00","0.00","0.00","0.00","0.00","0.00","0.00","0.00","0.00","0.00","0.00","0.00","0.00"
"Shutesbury","Invoice Charges","0.00","273.92","240.51","1.13","0.59","0.61","0.59","207.71","379.88","471.22","3.40","250.82","1830.38","Payments","0.00","0.00","372.03","0.00","0.59","0.61","0.59","395.33","0.00","0.00","3.40","21.70","794.25","Credits","0.00","0.00","0.00","0.00","0.00","0.00","7.07","0.00","0.00","0.00","0.00","0.00","7.07","Write Offs","0.00","0.00","0.00","0.00","0.00","0.00","0.00","0.00","0.00","0.00","0.00","0.00","0.00","Refunds","0.00","0.00","0.00","0.00","0.00","0.00","0.00","0.00","0.00","0.00","0.00","0.00","0.00","Transfers","0.00","0.00","0.00","0.00","0.00","0.00","0.00","0.00","0.00","0.00","0.00","0.00","0.00"
"Somerset","Invoice Charges","0.00","3216.10","2866.52","35.15","23.51","24.39","23.68","1765.19","2197.85","38.53","39.87","508.62","10739.41","Payments","0.00","373.02","0.00","25.03","0.00","0.00","373.07","0.00","0.00","25.09","0.00","0.00","796.21","Credits","0.00","0.00","0.00","0.00","0.00","6.06","0.00","0.00","0.00","0.00","0.00","0.00","6.06","Write Offs","0.00","0.00","0.00","0.00","0.00","0.00","0.00","0.00","0.00","0.00","0.00","0.00","0.00","Refunds","0.00","0.00","0.00","0.00","0.00","0.00","0.00","0.00","0.00","0.00","0.00","0.00","0.00","Transfers","0.00","0.00","0.00","0.00","0.00","0.00","0.00","0.00","0.00","0.00","0.00","0.00","0.00"
"Somerville","Invoice Charges","0.00","0.00","0.00","0.00","1849.99","1620.63","286.06","12.65","1153.36","938.08","21.48","19.34","5901.59","Payments","374.01","0.00","0.00","0.00","25.02","374.06","0.00","0.00","25.08","0.00","374.11","0.00","1172.28","Credits","0.00","0.00","0.00","0.00","5.05","0.00","0.00","0.00","0.00","0.00","0.00","0.00","5.05","Write Offs","0.00","0.00","0.00","0.00","0.00","0.00","0.00","0.00","0.00","0.00","0.00","0.00","0.00","Refunds","0.00","0.00","0.00","0.00","0.00","0.00","0.00","0.00","0.00","0.00","0.00","0.00","0.00","Transfers","0.00","0.00","0.00","0.00","0.00","0.00","0.00","0.00","0.00","0.00","0.00","0.00","0.00"
"South.Hadley","Invoice Charges","0.00","0.00","0.00","0.00","2087.68","2133.13","15.69","271.99","17.32","1166.91","20.76","941.32","6654.80","Payments","0.00","0.00","0.00","0.00","400.06","0.00","0.00","25.07","0.00","375.10","0.00","0.00","800.23","Credits","0.00","0.00","0.00","4.04","0.00","0.00","0.00","0.00","0.00","0.00","0.00","0.00","4.04","Write Offs","0.00","0.00","0.00","0.00","0.00","0.00","0.00","0.00","0.00","0.00","0.00","0.00","0.00","Refunds","0.00","0.00","0.00","0.00","0.00","0.00","0.00","0.00","0.00","0.00","0.00","0.00","0.00","Transfers","0.00","0.00","0.00","0.00","0.00","0.00","0.00","0.00","0.00","0.00","0.00","0.00","0.00"
"Southampton","Invoice Charges","0.00","41.38","386.25","1.96","2604.76","2098.75","19.34","302.77","269.54","20.12","20.87","1170.36","6936.10","Payments","0.00","0.00","0.00","376.04","0.00","0.00","19.34","5.72","376.09","0.00","0.00","0.00","777.19","Credits","0.00","0.00","3.03","0.00","49.05","0.00","0.00","0.00","0.00","0.00","0.00","0.00","52.08","Write Offs","0.00","0.00","0.00","0.00","0.00","0.00","0.00","0.00","0.00","0.00","0.00","0.00","0.00","Refunds","0.00","0.00","0.00","0.00","0.00","0.00","0.00","0.00","0.00","0.00","0.00","0.00","0.00","Transfers","0.00","0.00","0.00","0.00","0.00","0.00","0.00","0.00","0.00","0.00","0.00","0.00","0.00"
"Southborough","Invoice Charges","0.00","416.80","227.34","280.10","2571.88","2340.80","22.33","1766.17","1582.60","1649.12","42.79","41.54","10941.47","Payments","0.00","0.00","377.03","0.00","0.00","25.05","0.00","377.08","0.00","0.00","0.00","25.11","804.27","Credits","0.00","2.02","0.00","0.00","0.00","0.00","0.00","0.00","0.00","0.00","11.11","0.00","13.13","Write Offs","0.00","0.00","0.00","0.00","0.00","0.00","0.00","0.00","0.00","0.00","0.00","0.00","0.00","Refunds","0.00","0.00","0.00","0.00","0.00","0.00","0.00","0.00","0.00","0.00","0.00","0.00","0.00","Transfers","0.00","0.00","0.00","0.00","0.00","0.00","0.00","0.00","0.00","0.00","0.00","0.00","0.00"
"Southbridge","Invoice Charges","0.00","496.48","620.32","3.58","250.58","2573.75","14.55","13.49","1440.91","1869.02","27.56","1641.17","8951.41","Payments","0.00","378.02","0.00","0.00","25.04","0.00","378.07","0.00","0.00","0.00","25.10","0.00","806.23","Credits","1.01","0.00","0.00","0.00","0.00","0.00","0.00","0.00","0.00","10.10","0.00","0.00","11.11","Write Offs","0.00","0.00","0.00","0.00","0.00","0.00","0.00","0.00","0.00","0.00","0.00","0.00","0.00","Refunds","0.00","0.00","0.00","0.00","0.00","0.00","0.00","0.00","0.00","0.00","0.00","0.00","0.00","Transfers","0.00","0.00","0.00","0.00","0.00","0.00","0.00","0.00","0.00","0.00","0.00","0.00","0.00"
"Southwick","Invoice Charges","0.00","506.90","117.11","1.53","470.88","250.47","2.32","412.30","4.15","2091.70","12.91","1860.98","5731.25","Payments","379.01","0.00","0.00","1.53","23.50","379.06","0.00","0.00","0.00","25.09","379.11","0.00","1187.30","Credits","0.00","0.00","0.00","0.00","0.00","0.00","0.00","0.00","9.09","0.00","0.00","0.00","9.09","Write Offs","0.00","0.00","0.00","0.00","0.00","0.00","0.00","0.00","0.00","0.00","0.00","0.00","0.00","Refunds","0.00","0.00","0.00","0.00","0.00","0.00","0.00","0.00","0.00","0.00","0.00","0.00","0.00","Transfers","0.00","0.00","0.00","0.00","0.00","0.00","0.00","0.00","0.00","0.00","0.00","0.00","0.00"
"Spencer","Invoice Charges","0.00","656.07","968.49","9.31","6.61","475.12","7.03","194.74","1757.62","2342.51","23.78","2110.79","8552.07","Payments","0.00","0.00","25.02","0.00","380.05","0.00","0.00","0.00","25.08","380.10","0.00","0.00","810.25","Credits","0.00","0.00","0.00","0.00","0.00","0.00","0.00","8.08","0.00","0.00","0.00","0.00","8.08","Write Offs","0.00","0.00","0.00","0.00","0.00","0.00","0.00","0.00","0.00","0.00","0.00","0.00","0.00","Refunds","0.00","0.00","0.00","0.00","0.00","0.00","0.00","0.00","0.00","0.00","0.00","0.00","0.00","Transfers","0.00","0.00","0.00","0.00","0.00","0.00","0.00","0.00","0.00","0.00","0.00","0.00","0.00"
"Springfield","Invoice Charges","0.00","0.00","454.31","1.82","921.36","4.13","4.01","237.54","131.09","2573.48","14.90","2342.04","6684.68","Payments","0.00","0.00","25.01","381.04","0.00","0.00","0.00","25.07","381.09","0.00","0.00","0.00","812.21","Credits","0.00","0.00","0.00","0.00","0.00","0.00","7.07","0.00","0.00","0.00","0.00","0.00","7.07","Write Offs","0.00","0.00","0.00","0.00","0.00","0.00","0.00","0.00","0.00","0.00","0.00","0.00","0.00","Refunds","0.00","0.00","0.00","0.00","0.00","0.00","0.00","0.00","0.00","0.00","0.00","0.00","0.00","Transfers","0.00","0.00","0.00","0.00","0.00","0.00","0.00","0.00","0.00","0.00","0.00","0.00","0.00"
"Sterling","Invoice Charges","0.00","801.36","0.00","3.33","1151.81","927.84","10.26","353.45","243.84","258.61","12.55","2581.84","6344.89","Payments","0.00","0.00","382.03","0.00","0.00","0.00","10.26","396.88","0.00","0.00","0.00","0.00","789.17","Credits","0.00","0.00","0.00","0.00","0.00","6.06","0.00","0.00","0.00","0.00","0.00","0.00","6.06","Write Offs","0.00","0.00","0.00","0.00","0.00","0.00","0.00","0.00","0.00","0.00","0.00","0.00","0.00","Refunds","0.00","0.00","0.00","0.00","0.00","0.00","0.00","0.00","0.00","0.00","0.00","0.00","0.00","Transfers","0.00","0.00","0.00","0.00","0.00","0.00","0.00","0.00","0.00","0.00","0.00","0.00","0.00"
"Stockbridge","Invoice Charges","0.00","921.28","801.44","7.75","5.54","1155.79","10.19","692.63","354.77","482.83","15.44","262.54","4710.20","Payments","0.00","383.02","0.00","0.00","0.00","25.05","383.07","0.00","0.00","0.00","0.00","25.11","816.25","Credits","0.00","0.00","0.00","0.00","5.05","0.00","0.00","0.00","0.00","0.00","0.00","0.00","5.05","Write Offs","0.00","0.00","0.00","0.00","0.00","0.00","0.00","0.00","0.00","0.00","0.00","0.00","0.00","Refunds","0.00","0.00","0.00","0.00","0.00","0.00","0.00","0.00","0.00","0.00","0.00","0.00","0.00","Transfers","0.00","0.00","0.00","0.00","0.00","0.00","0.00","0.00","0.00","0.00","0.00","0.00","0.00"
"Stoneham","Invoice Charges","0.00","1043.30","921.37","9.24","1621.01","13.51","11.55","466.44","697.72","16.38","17.00","484.74","5302.26","Payments","384.01","0.00","0.00","0.00","25.04","384.06","0.00","0.00","0.00","0.00","401.11","8.10","1202.32","Credits","0.00","0.00","0.00","4.04","0.00","0.00","0.00","0.00","0.00","0.00","0.00","0.00","4.04","Write Offs","0.00","0.00","0.00","0.00","0.00","0.00","0.00","0.00","0.00","0.00","0.00","0.00","0.00","Refunds","0.00","0.00","0.00","0.00","0.00","0.00","0.00","0.00","0.00","0.00","0.00","0.00","0.00","Transfers","0.00","0.00","0.00","0.00","0.00","0.00","0.00","0.00","0.00","0.00","0.00","0.00","0.00"
"Stoughton","Invoice Charges","0.00","0.00","1043.39","4.42","1854.27","1625.06","16.91","17.54","472.11","940.14","21.87","21.26","6016.97","Payments","0.00","0.00","0.00","4.42","405.66","0.00","0.00","0.00","0.00","410.19","0.00","0.00","820.27","Credits","0.00","0.00","3.03","0.00","0.00","0.00","0.00","0.00","0.00","0.00","0.00","0.00","3.03","Write Offs","0.00","0.00","0.00","0.00","0.00","0.00","0.00","0.00","0.00","0.00","0.00","0.00","0.00","Refunds","0.00","0.00","0.00","0.00","0.00","0.00","0.00","0.00","0.00","0.00","0.00","0.00","0.00","Transfers","0.00","0.00","0.00","0.00","0.00","0.00","0.00","0.00","0.00","0.00","0.00","0.00","0.00"
"Stow","Invoice Charges","0.00","1293.62","0.00","10.44","2091.40","1862.65","19.91","822.32","24.15","1171.86","27.48","947.81","8271.64","Payments","0.00","0.00","0.00","396.48","14.58","0.00","0.00","0.00","410.24","0.93","0.00","0.00","822.23","Credits","0.00","2.02","0.00","0.00","0.00","0.00","0.00","0.00","0.00","0.00","11.11","0.00","13.13","Write Offs","0.00","0.00","0.00","0.00","0.00","0.00","0.00","0.00","0.00","0.00","0.00","0.00","0.00","Refunds","0.00","0.00","0.00","0.00","0.00","0.00","0.00","0.00","0.00","0.00","0.00","0.00","0.00","Transfers","0.00","0.00","0.00","0.00","0.00","0.00","0.00","0.00","0.00","0.00","0.00","0.00","0.00"
"Sturbridge","Invoice Charges","0.00","126.13","1293.74","4.66","2331.72","2101.88","22.38","944.84","827.22","28.06","29.07","1178.32","8888.02","Payments","0.00","25.01","387.03","0.00","0.00","0.00","0.00","412.15","0.00","0.00","0.00","0.00","824.19","Credits","1.01","0.00","0.00","0.00","0.00","0.00","0.00","0.00","0.00","10.10","0.00","0.00","11.11","Write Offs","0.00","0.00","0.00","0.00","0.00","0.00","0.00","0.00","0.00","0.00","0.00","0.00","0.00","Refunds","0.00","0.00","0.00","0.00","0.00","0.00","0.00","0.00","0.00","0.00","0.00","0.00","0.00","Transfers","0.00","0.00","0.00","0.00","0.00","0.00","0.00","0.00","0.00","0.00","0.00","0.00","0.00"
"Sudbury","Invoice Charges","0.00","233.56","126.15","0.00","2569.64","2338.35","20.05","1062.75","945.28","1641.14","34.51","33.54","9004.97","Payments","0.00","388.02","0.00","0.00","0.00","0.00","408.12","5.01","0.00","0.00","0.00","0.00","801.15","Credits","0.00","0.00","0.00","0.00","0.00","0.00","0.00","0.00","9.09","0.00","0.00","0.00","9.09","Write Offs","0.00","0.00","0.00","0.00","0.00","0.00","0.00","0.00","0.00","0.00","0.00","0.00","0.00","Refunds","0.00","0.00","0.00","0.00","0.00","0.00","0.00","0.00","0.00","0.00","0.00","0.00","0.00","Transfers","0.00","0.00","0.00","0.00","0.00","0.00","0.00","0.00","0.00","0.00","0.00","0.00","0.00"
"Sunderland","Invoice Charges","0.00","343.09","233.58","0.80","248.30","2571.49","10.66","11.06","1054.85","1865.04","23.47","1635.70","7998.04","Payments","389.01","0.00","0.00","0.00","0.00","414.11","0.00","0.00","0.00","0.00","389.11","25.11","1217.34","Credits","0.00","0.00","0.00","0.00","0.00","0.00","0.00","8.08","0.00","0.00","0.00","0.00","8.08","Write Offs","0.00","0.00","0.00","0.00","0.00","0.00","0.00","0.00","0.00","0.00","0.00","0.00","0.00","Refunds","0.00","0.00","0.00","0.00","0.00","0.00","0.00","0.00","0.00","0.00","0.00","0.00","0.00","Transfers","0.00","0.00","0.00","0.00","0.00","0.00","0.00","0.00","0.00","0.00","0.00","0.00","0.00"
"Sutton","Invoice Charges","0.00","684.13","343.12","6.99","474.12","252.17","5.53","1299.80","11.23","2098.59","18.53","1867.92","7062.13","Payments","0.00","0.00","0.00","0.00","415.09","0.00","0.00","0.00","0.00","390.10","18.53","6.57","830.29","Credits","0.00","0.00","0.00","0.00","0.00","0.00","7.07","0.00","0.00","0.00","0.00","0.00","7.07","Write Offs","0.00","0.00","0.00","0.00","0.00","0.00","0.00","0.00","0.00","0.00","0.00","0.00","0.00","Refunds","0.00","0.00","0.00","0.00","0.00","0.00","0.00","0.00","0.00","0.00","0.00","0.00","0.00","Transfers","0.00","0.00","0.00","0.00","0.00","0.00","0.00","0.00","0.00","0.00","0.00","0.00","0.00"
"Swampscott","Invoice Charges","0.00","454.75","684.20","6.58","3.07","473.05","4.93","131.29","1299.88","2336.78","19.35","2106.48","7520.36","Payments","0.00","0.00","0.00","397.62","3.07","15.38","0.00","0.00","391.09","25.09","0.00","0.00","832.25","Credits","0.00","0.00","0.00","0.00","0.00","6.06","0.00","0.00","0.00","0.00","0.00","0.00","6.06","Write Offs","0.00","0.00","0.00","0.00","0.00","0.00","0.00","0.00","0.00","0.00","0.00","0.00","0.00","Refunds","0.00","0.00","0.00","0.00","0.00","0.00","0.00","0.00","0.00","0.00","0.00","0.00","0.00","Transfers","0.00","0.00","0.00","0.00","0.00","0.00","0.00","0.00","0.00","0.00","0.00","0.00","0.00"
"Swansea","Invoice Charges","0.00","0.00","454.79","0.16","921.31","4.05","3.94","237.74","129.62","2573.39","14.80","2341.95","6681.75","Payments","0.00","0.00","417.05","0.00","0.00","0.00","0.00","392.08","25.08","0.00","0.00","0.00","834.21","Credits","0.00","0.00","0.00","0.00","5.05","0.00","0.00","0.00","0.00","0.00","0.00","0.00","5.05","Write Offs","0.00","0.00","0.00","0.00","0.00","0.00","0.00","0.00","0.00","0.00","0.00","0.00","0.00","Refunds","0.00","0.00","0.00","0.00","0.00","0.00","0.00","0.00","0.00","0.00","0.00","0.00","0.00","Transfers","0.00","0.00","0.00","0.00","0.00","0.00","0.00","0.00","0.00","0.00","0.00","0.00","0.00"
"Taunton","Invoice Charges","0.00","802.19","0.00","3.10","1151.65","927.67","10.12","352.05","243.90","258.42","12.35","12.01","3773.46","Payments","0.00","418.03","0.00","0.00","0.00","0.00","393.07","25.07","0.00","0.00","0.00","0.00","836.17","Credits","0.00","0.00","0.00","4.04","0.00","0.00","0.00","0.00","0.00","0.00","0.00","0.00","4.04","Write Offs","0.00","0.00","0.00","0.00","0.00","0.00","0.00","0.00","0.00","0.00","0.00","0.00","0.00","Refunds","0.00","0.00","0.00","0.00","0.00","0.00","0.00","0.00","0.00","0.00","0.00","0.00","0.00","Transfers","0.00","0.00","0.00","0.00","0.00","0.00","0.00","0.00","0.00","0.00","0.00","0.00","0.00"
"Templeton","Invoice Charges","0.00","922.22","802.27","7.66","5.49","1155.76","8.64","693.32","355.05","12.88","13.36","258.90","4235.55","Payments","394.01","0.00","0.00","0.00","0.00","394.06","8.64","16.42","0.00","0.00","394.11","0.00","1207.24","Credits","0.00","0.00","3.03","0.00","0.00","0.00","0.00","0.00","0.00","0.00","0.00","0.00","3.03","Write Offs","0.00","0.00","0.00","0.00","0.00","0.00","0.00","0.00","0.00","0.00","0.00","0.00","0.00","Refunds","0.00","0.00","0.00","0.00","0.00","0.00","0.00","0.00","0.00","0.00","0.00","0.00","0.00","Transfers","0.00","0.00","0.00","0.00","0.00","0.00","0.00","0.00","0.00","0.00","0.00","0.00","0.00"
"Tewksbury","Invoice Charges","0.00","1044.35","922.30","12.34","1622.61","13.61","13.17","468.55","15.61","15.17","14.06","483.49","4625.26","Payments","0.00","0.00","0.00","0.00","395.05","13.61","11.44","0.00","0.00","395.10","0.00","25.11","840.31","Credits","0.00","2.02","0.00","0.00","0.00","0.00","0.00","0.00","0.00","0.00","11.11","0.00","13.13","Write Offs","0.00","0.00","0.00","0.00","0.00","0.00","0.00","0.00","0.00","0.00","0.00","0.00","0.00","Refunds","0.00","0.00","0.00","0.00","0.00","0.00","0.00","0.00","0.00","0.00","0.00","0.00","0.00","Transfers","0.00","0.00","0.00","0.00","0.00","0.00","0.00","0.00","0.00","0.00","0.00","0.00","0.00"
"Tisbury","Invoice Charges","0.00","0.00","1044.44","4.43","1852.67","1625.02","16.87","17.50","472.55","17.32","939.08","21.11","6010.99","Payments","0.00","0.00","0.00","396.04","25.04","0.00","0.00","0.00","396.09","0.00","25.10","0.00","842.27","Credits","1.01","0.00","0.00","0.00","0.00","0.00","0.00","0.00","0.00","10.10","0.00","0.00","11.11","Write Offs","0.00","0.00","0.00","0.00","0.00","0.00","0.00","0.00","0.00","0.00","0.00","0.00","0.00","Refunds","0.00","0.00","0.00","0.00","0.00","0.00","0.00","0.00","0.00","0.00","0.00","0.00","0.00","Transfers","0.00","0.00","0.00","0.00","0.00","0.00","0.00","0.00","0.00","0.00","0.00","0.00","0.00"
"Tolland","Invoice Charges","0.00","1294.90","0.00","7.13","2091.37","12.62","12.26","815.20","14.50","14.05","1164.59","939.94","6366.56","Payments","0.00","0.00","397.03","7.13","17.90","0.00","0.00","397.08","0.00","14.05","11.04","0.00","844.23","Credits","0.00","0.00","0.00","0.00","0.00","0.00","0.00","0.00","9.09","0.00","0.00","0.00","9.09","Write Offs","0.00","0.00","0.00","0.00","0.00","0.00","0.00","0.00","0.00","0.00","0.00","0.00","0.00","Refunds","0.00","0.00","0.00","0.00","0.00","0.00","0.00","0.00","0.00","0.00","0.00","0.00","0.00","Transfers","0.00","0.00","0.00","0.00","0.00","0.00","0.00","0.00","0.00","0.00","0.00","0.00","0.00"
"Topsfield","Invoice Charges","0.00","126.28","1295.03","4.24","4.12","2091.95","12.73","934.08","818.02","18.21","18.90","1168.44","6492.00","Payments","0.00","398.02","25.02","0.00","0.00","0.00","398.07","0.00","25.08","0.00","0.00","0.00","846.19","Credits","0.00","0.00","0.00","0.00","0.00","0.00","0.00","8.08","0.00","0.00","0.00","0.00","8.08","Write Offs","0.00","0.00","0.00","0.00","0.00","0.00","0.00","0.00","0.00","0.00","0.00","0.00","0.00","Refunds","0.00","0.00","0.00","0.00","0.00","0.00","0.00","0.00","0.00","0.00","0.00","0.00","0.00","Transfers","0.00","0.00","0.00","0.00","0.00","0.00","0.00","0.00","0.00","0.00","0.00","0.00","0.00"
"Townsend","Invoice Charges","0.00","233.81","0.00","0.00","2569.64","2337.66","17.75","1063.11","945.44","25.94","1641.41","31.15","8865.91","Payments","399.01","0.00","0.00","0.00","25.01","399.06","0.00","25.07","0.00","0.00","399.11","0.00","1247.26","Credits","0.00","0.00","0.00","0.00","0.00","0.00","7.07","0.00","0.00","0.00","0.00","0.00","7.07","Write Offs","0.00","0.00","0.00","0.00","0.00","0.00","0.00","0.00","0.00","0.00","0.00","0.00","0.00","Refunds","0.00","0.00","0.00","0.00","0.00","0.00","0.00","0.00","0.00","0.00","0.00","0.00","0.00","Transfers","0.00","0.00","0.00","0.00","0.00","0.00","0.00","0.00","0.00","0.00","0.00","0.00","0.00"
"Truro","Invoice Charges","0.00","0.00","233.83","0.99","248.50","2569.99","10.88","11.24","1056.07","15.21","1864.07","1635.78","7646.56","Payments","0.00","0.00","0.00","0.00","400.05","0.00","10.88","11.24","2.94","400.10","0.00","0.00","825.21","Credits","0.00","0.00","0.00","0.00","0.00","6.06","0.00","0.00","0.00","0.00","0.00","0.00","6.06","Write Offs","0.00","0.00","0.00","0.00","0.00","0.00","0.00","0.00","0.00","0.00","0.00","0.00","0.00","Refunds","0.00","0.00","0.00","0.00","0.00","0.00","0.00","0.00","0.00","0.00","0.00","0.00","0.00","Transfers","0.00","0.00","0.00","0.00","0.00","0.00","0.00","0.00","0.00","0.00","0.00","0.00","0.00"
"Tyngsborough","Invoice Charges","0.00","657.76","349.47","6.80","472.39","252.12","5.37","1182.13","10.59","8.65","2096.65","1867.29","6909.22","Payments","0.00","0.00","0.00","401.04","0.00","25.05","0.00","0.00","401.09","0.00","0.00","25.11","852.29","Credits","0.00","0.00","0.00","0.00","5.05","0.00","0.00","0.00","0.00","0.00","0.00","0.00","5.05","Write Offs","0.00","0.00","0.00","0.00","0.00","0.00","0.00","0.00","0.00","0.00","0.00","0.00","0.00","Refunds","0.00","0.00","0.00","0.00","0.00","0.00","0.00","0.00","0.00","0.00","0.00","0.00","0.00","Transfers","0.00","0.00","0.00","0.00","0.00","0.00","0.00","0.00","0.00","0.00","0.00","0.00","0.00"
"Tyringham","Invoice Charges","0.00","458.72","664.27","4.82","2.97","472.93","4.82","132.32","1227.12","8.77","2336.66","2105.99","7419.39","Payments","0.00","0.00","402.03","0.00","2.97","22.07","0.00","402.08","0.00","0.00","25.10","0.00","854.25","Credits","0.00","0.00","0.00","4.04","0.00","0.00","0.00","0.00","0.00","0.00","0.00","0.00","4.04","Write Offs","0.00","0.00","0.00","0.00","0.00","0.00","0.00","0.00","0.00","0.00","0.00","0.00","0.00","Refunds","0.00","0.00","0.00","0.00","0.00","0.00","0.00","0.00","0.00","0.00","0.00","0.00","0.00","Transfers","0.00","0.00","0.00","0.00","0.00","0.00","0.00","0.00","0.00","0.00","0.00","0.00","0.00"
"Upton","Invoice Charges","0.00","0.00","454.41","0.21","921.35","4.01","3.90","242.64","131.95","3.80","2573.57","2341.85","6677.69","Payments","0.00","403.02","0.00","0.21","24.82","0.00","403.07","0.00","0.00","3.80","21.29","0.00","856.21","Credits","0.00","0.00","3.03","0.00","0.00","0.00","0.00","0.00","0.00","0.00","0.00","0.00","3.03","Write Offs","0.00","0.00","0.00","0.00","0.00","0.00","0.00","0.00","0.00","0.00","0.00","0.00","0.00","Refunds","0.00","0.00","0.00","0.00","0.00","0.00","0.00","0.00","0.00","0.00","0.00","0.00","0.00","Transfers","0.00","0.00","0.00","0.00","0.00","0.00","0.00","0.00","0.00","0.00","0.00","0.00","0.00"
"Uxbridge","Invoice Charges","0.00","779.05","0.00","3.01","1151.60","927.53","8.33","351.56","248.18","10.72","258.66","2884.75","6623.39","Payments","404.01","0.00","0.00","3.01","22.01","404.06","0.00","0.00","25.08","0.00","404.11","0.00","1262.28","Credits","0.00","2.02","0.00","0.00","0.00","0.00","0.00","0.00","0.00","0.00","11.11","0.00","13.13","Write Offs","0.00","0.00","0.00","0.00","0.00","0.00","0.00","0.00","0.00","0.00","0.00","0.00","0.00","Refunds","0.00","0.00","0.00","0.00","0.00","0.00","0.00","0.00","0.00","0.00","0.00","0.00","0.00","Transfers","0.00","0.00","0.00","0.00","0.00","0.00","0.00","0.00","0.00","0.00","0.00","0.00","0.00"
"Wakefield","Invoice Charges","0.00","861.75","764.15","10.00","6.62","1155.21","9.73","681.00","349.17","13.90","788.52","263.02","4903.07","Payments","0.00","25.01","0.00","0.00","405.05","0.00","0.00","25.07","0.00","405.10","0.00","0.00","860.23","Credits","1.01","0.00","0.00","0.00","0.00","0.00","0.00","0.00","0.00","10.10","0.00","0.00","11.11","Write Offs","0.00","0.00","0.00","0.00","0.00","0.00","0.00","0.00","0.00","0.00","0.00","0.00","0.00","Refunds","0.00","0.00","0.00","0.00","0.00","0.00","0.00","0.00","0.00","0.00","0.00","0.00","0.00","Transfers","0.00","0.00","0.00","0.00","0.00","0.00","0.00","0.00","0.00","0.00","0.00","0.00","0.00"
"Wales","Invoice Charges","0.00","976.51","895.95","11.70","1620.56","13.16","12.79","454.64","673.17","322.66","17.56","17.06","5015.76","Payments","0.00","0.00","0.00","406.04","0.00","0.00","12.79","12.27","406.09","0.00","0.00","0.00","837.19","Credits","0.00","0.00","0.00","0.00","0.00","0.00","0.00","0.00","9.09","0.00","0.00","0.00","9.09","Write Offs","0.00","0.00","0.00","0.00","0.00","0.00","0.00","0.00","0.00","0.00","0.00","0.00","0.00","Refunds","0.00","0.00","0.00","0.00","0.00","0.00","0.00","0.00","0.00","0.00","0.00","0.00","0.00","Transfers","0.00","0.00","0.00","0.00","0.00","0.00","0.00","0.00","0.00","0.00","0.00","0.00","0.00"
"Walpole","Invoice Charges","0.00","0.00","0.00","0.00","2836.16","1624.81","0.00","0.00","0.00","0.00","1767.35","0.00","6228.32","Payments","0.00","0.00","407.03","0.00","0.00","25.05","0.00","407.08","0.00","0.00","0.00","0.00","839.16","Credits","0.00","0.00","0.00","0.00","0.00","0.00","0.00","8.08","0.00","0.00","0.00","0.00","8.08","Write Offs","0.00","0.00","0.00","0.00","0.00","0.00","0.00","0.00","0.00","0.00","0.00","0.00","0.00","Refunds","0.00","0.00","0.00","0.00","0.00","0.00","0.00","0.00","0.00","0.00","0.00","0.00","0.00","Transfers","0.00","0.00","0.00","0.00","0.00","0.00","0.00","0.00","0.00","0.00","0.00","0.00","0.00"
"Waltham","Invoice Charges","0.00","1200.68","0.00","9.70","2092.65","1863.91","21.13","1117.76","26.67","25.92","1176.97","951.91","8487.30","Payments","0.00","408.02","0.00","0.00","25.04","0.00","408.07","0.00","0.00","0.00","25.10","0.00","866.23","Credits","0.00","0.00","0.00","0.00","0.00","0.00","7.07","0.00","0.00","0.00","0.00","0.00","7.07","Write Offs","0.00","0.00","0.00","0.00","0.00","0.00","0.00","0.00","0.00","0.00","0.00","0.00","0.00","Refunds","0.00","0.00","0.00","0.00","0.00","0.00","0.00","0.00","0.00","0.00","0.00","0.00","0.00","Transfers","0.00","0.00","0.00","0.00","0.00","0.00","0.00","0.00","0.00","0.00","0.00","0.00","0.00"
"Ware","Invoice Charges","0.00","129.91","1177.50","3.82","2331.25","2101.30","330.10","901.34","805.44","28.49","29.45","1177.01","9015.61","Payments","409.01","0.00","0.00","3.82","21.21","409.06","0.00","0.00","0.00","25.09","409.11","0.00","1277.30","Credits","0.00","0.00","0.00","0.00","0.00","6.06","0.00","0.00","0.00","0.00","0.00","0.00","6.06","Write Offs","0.00","0.00","0.00","0.00","0.00","0.00","0.00","0.00","0.00","0.00","0.00","0.00","0.00","Refunds","0.00","0.00","0.00","0.00","0.00","0.00","0.00","0.00","0.00","0.00","0.00","0.00","0.00","Transfers","0.00","0.00","0.00","0.00","0.00","0.00","0.00","0.00","0.00","0.00","0.00","0.00","0.00"
"Wareham","Invoice Charges","0.00","231.32","127.42","2.30","2571.02","2649.13","21.13","1017.95","888.42","28.95","1642.78","34.13","9214.55","Payments","0.00","0.00","25.02","0.00","410.05","0.00","0.00","0.00","25.08","410.10","0.00","0.00","870.25","Credits","0.00","0.00","0.00","0.00","5.05","0.00","0.00","0.00","0.00","0.00","0.00","0.00","5.05","Write Offs","0.00","0.00","0.00","0.00","0.00","0.00","0.00","0.00","0.00","0.00","0.00","0.00","0.00","Refunds","0.00","0.00","0.00","0.00","0.00","0.00","0.00","0.00","0.00","0.00","0.00","0.00","0.00","Transfers","0.00","0.00","0.00","0.00","0.00","0.00","0.00","0.00","0.00","0.00","0.00","0.00","0.00"
"Warren","Invoice Charges","0.00","339.82","240.49","3.57","560.11","2572.63","13.47","13.97","990.96","15.86","1866.44","1638.08","8255.40","Payments","0.00","25.01","0.00","411.04","0.00","0.00","0.00","13.97","422.19","0.00","0.00","0.00","872.21","Credits","0.00","0.00","0.00","4.04","0.00","0.00","0.00","0.00","0.00","0.00","0.00","0.00","4.04","Write Offs","0.00","0.00","0.00","0.00","0.00","0.00","0.00","0.00","0.00","0.00","0.00","0.00","0.00","Refunds","0.00","0.00","0.00","0.00","0.00","0.00","0.00","0.00","0.00","0.00","0.00","0.00","0.00","Transfers","0.00","0.00","0.00","0.00","0.00","0.00","0.00","0.00","0.00","0.00","0.00","0.00","0.00"
"Warwick","Invoice Charges","0.00","677.81","343.18","317.80","473.67","253.46","6.78","1196.50","10.26","9.98","2098.03","1868.63","7256.10","Payments","0.00","0.00","412.03","0.00","0.00","0.00","6.78","430.36","0.00","0.00","0.00","0.00","849.17","Credits","0.00","0.00","3.03","0.00","0.00","0.00","0.00","0.00","0.00","0.00","0.00","0.00","3.03","Write Offs","0.00","0.00","0.00","0.00","0.00","0.00","0.00","0.00","0.00","0.00","0.00","0.00","0.00","Refunds","0.00","0.00","0.00","0.00","0.00","0.00","0.00","0.00","0.00","0.00","0.00","0.00","0.00","Transfers","0.00","0.00","0.00","0.00","0.00","0.00","0.00","0.00","0.00","0.00","0.00","0.00","0.00"
"Washington","Invoice Charges","0.00","450.48","985.42","4.47","4.21","474.24","6.08","135.76","1206.39","9.92","2337.85","2107.20","7722.02","Payments","0.00","413.02","0.00","0.00","0.00","25.05","413.07","0.00","0.00","0.00","0.00","25.11","876.25","Credits","0.00","2.02","0.00","0.00","0.00","0.00","0.00","0.00","0.00","0.00","11.11","0.00","13.13","Write Offs","0.00","0.00","0.00","0.00","0.00","0.00","0.00","0.00","0.00","0.00","0.00","0.00","0.00","Refunds","0.00","0.00","0.00","0.00","0.00","0.00","0.00","0.00","0.00","0.00","0.00","0.00","0.00","Transfers","0.00","0.00","0.00","0.00","0.00","0.00","0.00","0.00","0.00","0.00","0.00","0.00","0.00"
"Watertown","Invoice Charges","0.00","314.99","441.78","1.45","922.56","5.27","3.42","239.54","134.53","4.97","2574.78","2341.29","6984.58","Payments","414.01","0.00","0.00","0.00","25.04","414.06","0.00","0.00","0.00","0.00","439.21","0.00","1292.32","Credits","1.01","0.00","0.00","0.00","0.00","0.00","0.00","0.00","0.00","10.10","0.00","0.00","11.11","Write Offs","0.00","0.00","0.00","0.00","0.00","0.00","0.00","0.00","0.00","0.00","0.00","0.00","0.00","Refunds","0.00","0.00","0.00","0.00","0.00","0.00","0.00","0.00","0.00","0.00","0.00","0.00","0.00","Transfers","0.00","0.00","0.00","0.00","0.00","0.00","0.00","0.00","0.00","0.00","0.00","0.00","0.00"
"Wayland","Invoice Charges","0.00","757.41","0.00","6.12","1153.18","927.42","9.88","356.86","243.20","12.35","258.53","2581.29","6306.24","Payments","0.00","0.00","0.00","6.12","433.96","0.00","0.00","0.00","0.00","427.45","12.74","0.00","880.27","Credits","0.00","0.00","0.00","0.00","0.00","0.00","0.00","0.00","9.09","0.00","0.00","0.00","9.09","Write Offs","0.00","0.00","0.00","0.00","0.00","0.00","0.00","0.00","0.00","0.00","0.00","0.00","0.00","Refunds","0.00","0.00","0.00","0.00","0.00","0.00","0.00","0.00","0.00","0.00","0.00","0.00","0.00","Transfers","0.00","0.00","0.00","0.00","0.00","0.00","0.00","0.00","0.00","0.00","0.00","0.00","0.00"
"Webster","Invoice Charges","0.00","871.22","787.44","10.28","5.05","1155.31","9.81","662.46","352.95","12.18","482.51","261.74","4610.95","Payments","0.00","0.00","25.02","416.04","0.00","0.00","0.00","0.00","441.17","0.00","0.00","0.00","882.23","Credits","0.00","0.00","0.00","0.00","0.00","0.00","0.00","8.08","0.00","0.00","0.00","0.00","8.08","Write Offs","0.00","0.00","0.00","0.00","0.00","0.00","0.00","0.00","0.00","0.00","0.00","0.00","0.00","Refunds","0.00","0.00","0.00","0.00","0.00","0.00","0.00","0.00","0.00","0.00","0.00","0.00","0.00","Transfers","0.00","0.00","0.00","0.00","0.00","0.00","0.00","0.00","0.00","0.00","0.00","0.00","0.00"
"Wellesley","Invoice Charges","0.00","1006.26","879.83","9.90","1620.47","13.06","12.69","459.41","691.34","15.62","16.21","485.62","5210.41","Payments","0.00","25.01","417.03","0.00","0.00","0.00","0.00","442.15","0.00","0.00","0.00","0.00","884.19","Credits","0.00","0.00","0.00","0.00","0.00","0.00","7.07","0.00","0.00","0.00","0.00","0.00","7.07","Write Offs","0.00","0.00","0.00","0.00","0.00","0.00","0.00","0.00","0.00","0.00","0.00","0.00","0.00","Refunds","0.00","0.00","0.00","0.00","0.00","0.00","0.00","0.00","0.00","0.00","0.00","0.00","0.00","Transfers","0.00","0.00","0.00","0.00","0.00","0.00","0.00","0.00","0.00","0.00","0.00","0.00","0.00"
"Wellfleet","Invoice Charges","0.00","0.00","996.80","2.46","1852.38","1624.82","16.65","15.43","466.15","16.88","938.66","20.81","5951.04","Payments","0.00","418.02","0.00","0.00","0.00","0.00","434.72","8.41","0.00","0.00","0.00","0.00","861.15","Credits","0.00","0.00","0.00","0.00","0.00","6.06","0.00","0.00","0.00","0.00","0.00","0.00","6.06","Write Offs","0.00","0.00","0.00","0.00","0.00","0.00","0.00","0.00","0.00","0.00","0.00","0.00","0.00","Refunds","0.00","0.00","0.00","0.00","0.00","0.00","0.00","0.00","0.00","0.00","0.00","0.00","0.00","Transfers","0.00","0.00","0.00","0.00","0.00","0.00","0.00","0.00","0.00","0.00","0.00","0.00","0.00"
"Wendell","Invoice Charges","0.00","1213.61","0.00","6.42","2090.97","1862.25","17.69","791.05","21.72","21.11","21.90","940.71","6987.43","Payments","419.01","0.00","0.00","0.00","0.00","444.11","0.00","0.00","0.00","0.00","419.11","25.11","1307.34","Credits","0.00","0.00","0.00","0.00","5.05","0.00","0.00","0.00","0.00","0.00","0.00","0.00","5.05","Write Offs","0.00","0.00","0.00","0.00","0.00","0.00","0.00","0.00","0.00","0.00","0.00","0.00","0.00","Refunds","0.00","0.00","0.00","0.00","0.00","0.00","0.00","0.00","0.00","0.00","0.00","0.00","0.00","Transfers","0.00","0.00","0.00","0.00","0.00","0.00","0.00","0.00","0.00","0.00","0.00","0.00","0.00"
"Wenham","Invoice Charges","0.00","126.30","1190.43","6.08","2332.98","2101.30","21.81","911.25","26.50","25.76","24.94","1174.21","7941.56","Payments","0.00","0.00","0.00","0.00","445.09","0.00","0.00","0.00","0.00","420.10","24.94","0.16","890.29","Credits","0.00","0.00","0.00","4.04","0.00","0.00","0.00","0.00","0.00","0.00","0.00","0.00","4.04","Write Offs","0.00","0.00","0.00","0.00","0.00","0.00","0.00","0.00","0.00","0.00","0.00","0.00","0.00","Refunds","0.00","0.00","0.00","0.00","0.00","0.00","0.00","0.00","0.00","0.00","0.00","0.00","0.00","Transfers","0.00","0.00","0.00","0.00","0.00","0.00","0.00","0.00","0.00","0.00","0.00","0.00","0.00"
"West.Boylston","Invoice Charges","0.00","361.52","197.19","0.00","2569.64","2333.80","13.95","14.41","1361.92","14.63","1629.61","17.93","8514.60","Payments","421.01","421.02","421.03","421.04","446.08","421.06","421.07","421.08","421.09","421.10","446.20","0.00","4681.78","Credits","0.00","0.00","3.03","0.00","0.00","0.00","0.00","0.00","0.00","0.00","0.00","0.00","3.03","Write Offs","0.00","0.00","0.00","0.00","0.00","0.00","0.00","0.00","0.00","0.00","0.00","0.00","0.00","Refunds","0.00","0.00","0.00","0.00","0.00","0.00","0.00","0.00","0.00","0.00","0.00","0.00","0.00","Transfers","13.01","13.02","13.03","13.04","13.05","13.06","13.07","13.08","13.09","13.10","13.11","0.00","143.66"
"West.Bridgewater","Invoice Charges","0.00","978.49","672.71","10.48","254.10","6.79","6.57","6.79","2819.97","12.69","1863.10","1633.00","8264.69","Payments","435.02","435.04","460.08","435.08","435.10","435.12","435.14","435.16","460.26","435.20","435.22","0.00","4836.42","Credits","0.00","2.02","0.00","0.00","0.00","0.00","0.00","0.00","0.00","0.00","11.11","0.00","13.13","Write Offs","0.00","0.00","0.00","0.00","0.00","0.00","0.00","0.00","0.00","0.00","0.00","0.00","0.00","Refunds","0.00","0.00","0.00","0.00","0.00","0.00","0.00","0.00","0.00","0.00","0.00","0.00","0.00","Transfers","422.01","422.02","422.03","2.55","167.94","6.25","415.48","6.26","422.09","0.40","422.11","0.00","2709.14"
"West.Brookfield","Invoice Charges","0.00","1025.43","529.26","6.91","4.57","252.27","5.63","1856.43","11.82","11.49","2099.56","1870.11","7673.48","Payments","0.00","448.03","0.00","0.00","0.00","0.00","423.07","25.07","0.00","0.00","0.00","0.00","896.17","Credits","1.01","0.00","0.00","0.00","0.00","0.00","0.00","0.00","0.00","10.10","0.00","0.00","11.11","Write Offs","0.00","0.00","0.00","0.00","0.00","0.00","0.00","0.00","0.00","0.00","0.00","0.00","0.00","Refunds","0.00","0.00","0.00","0.00","0.00","0.00","0.00","0.00","0.00","0.00","0.00","0.00","0.00","Transfers","0.00","0.00","0.00","0.00","0.00","0.00","0.00","0.00","0.00","0.00","0.00","0.00","0.00"
"West.Newbury","Invoice Charges","0.00","1026.66","0.00","4.87","2.50","472.46","2.71","296.13","2741.71","15.06","2343.19","2110.69","9015.98","Payments","424.01","0.00","0.00","0.00","0.00","424.06","2.71","22.35","0.00","0.00","424.11","0.00","1297.24","Credits","0.00","0.00","0.00","0.00","0.00","0.00","0.00","0.00","9.09","0.00","0.00","0.00","9.09","Write Offs","0.00","0.00","0.00","0.00","0.00","0.00","0.00","0.00","0.00","0.00","0.00","0.00","0.00","Refunds","0.00","0.00","0.00","0.00","0.00","0.00","0.00","0.00","0.00","0.00","0.00","0.00","0.00","Transfers","0.00","0.00","0.00","0.00","0.00","0.00","0.00","0.00","0.00","0.00","0.00","0.00","0.00"
"West.Springfield","Invoice Charges","0.00","0.00","179.31","0.76","921.89","2.87","2.78","96.79","54.40","3.29","2571.25","2339.68","6173.02","Payments","0.00","0.00","0.00","0.00","425.05","2.87","2.78","19.40","0.00","425.10","0.00","25.11","900.31","Credits","0.00","0.00","0.00","0.00","0.00","0.00","0.00","8.08","0.00","0.00","0.00","0.00","8.08","Write Offs","0.00","0.00","0.00","0.00","0.00","0.00","0.00","0.00","0.00","0.00","0.00","0.00","0.00","Refunds","0.00","0.00","0.00","0.00","0.00","0.00","0.00","0.00","0.00","0.00","0.00","0.00","0.00","Transfers","0.00","0.00","0.00","0.00","0.00","0.00","0.00","0.00","0.00","0.00","0.00","0.00","0.00"
"West.Stockbridge","Invoice Charges","0.00","584.51","0.00","4.72","1150.74","926.62","9.10","269.20","189.16","9.25","257.12","2579.88","5980.30","Payments","0.00","0.00","0.00","426.04","25.04","0.00","0.00","0.00","426.09","0.00","25.10","0.00","902.27","Credits","0.00","0.00","0.00","0.00","0.00","0.00","7.07","0.00","0.00","0.00","0.00","0.00","7.07","Write Offs","0.00","0.00","0.00","0.00","0.00","0.00","0.00","0.00","0.00","0.00","0.00","0.00","0.00","Refunds","0.00","0.00","0.00","0.00","0.00","0.00","0.00","0.00","0.00","0.00","0.00","0.00","0.00","Transfers","0.00","0.00","0.00","0.00","0.00","0.00","0.00","0.00","0.00","0.00","0.00","0.00","0.00"
"West.Tisbury","Invoice Charges","0.00","2695.44","2366.73","24.82","15.58","1166.17","17.98","2056.64","1075.66","27.41","498.19","275.26","10219.88","Payments","0.00","422.01","849.05","24.82","15.58","577.15","6.25","842.56","6.26","27.41","420.17","275.26","3466.52","Credits","0.00","0.00","0.00","0.00","0.00","6.06","0.00","0.00","0.00","0.00","0.00","0.00","6.06","Write Offs","0.00","0.00","0.00","0.00","0.00","0.00","0.00","0.00","0.00","0.00","0.00","0.00","0.00","Refunds","0.00","0.00","0.00","0.00","0.00","0.00","0.00","0.00","0.00","0.00","0.00","0.00","0.00","Transfers","0.00","0.00","0.00","0.00","0.00","0.00","0.00","0.00","0.00","0.00","0.00","0.00","0.00"
"Westborough","Invoice Charges","0.00","1502.95","1339.58","14.27","1624.37","17.08","16.60","701.54","1031.25","21.93","22.75","491.98","6784.30","Payments","0.00","428.02","25.02","0.00","0.00","0.00","428.07","0.00","25.08","0.00","0.00","0.00","906.19","Credits","0.00","0.00","0.00","0.00","5.05","0.00","0.00","0.00","0.00","0.00","0.00","0.00","5.05","Write Offs","0.00","0.00","0.00","0.00","0.00","0.00","0.00","0.00","0.00","0.00","0.00","0.00","0.00","Refunds","0.00","0.00","0.00","0.00","0.00","0.00","0.00","0.00","0.00","0.00","0.00","0.00","0.00","Transfers","0.00","0.00","0.00","0.00","0.00","0.00","0.00","0.00","0.00","0.00","0.00","0.00","0.00"
"Westfield","Invoice Charges","0.00","0.00","374.02","0.00","1849.99","1621.99","12.16","12.62","183.37","12.91","934.55","15.04","5016.65","Payments","429.01","0.00","0.00","0.00","25.01","429.06","0.00","12.62","12.45","0.00","429.11","0.00","1337.26","Credits","0.00","0.00","0.00","4.04","0.00","0.00","0.00","0.00","0.00","0.00","0.00","0.00","4.04","Write Offs","0.00","0.00","0.00","0.00","0.00","0.00","0.00","0.00","0.00","0.00","0.00","0.00","0.00","Refunds","0.00","0.00","0.00","0.00","0.00","0.00","0.00","0.00","0.00","0.00","0.00","0.00","0.00","Transfers","0.00","0.00","0.00","0.00","0.00","0.00","0.00","0.00","0.00","0.00","0.00","0.00","0.00"
"Westford","Invoice Charges","0.00","2412.30","0.00","19.47","2097.66","1867.39","24.51","1576.09","32.02","31.11","1180.53","955.48","10196.56","Payments","0.00","0.00","0.00","0.00","430.05","0.00","24.51","0.55","0.00","430.10","0.00","0.00","885.21","Credits","0.00","0.00","3.03","0.00","0.00","0.00","0.00","0.00","0.00","0.00","0.00","0.00","3.03","Write Offs","0.00","0.00","0.00","0.00","0.00","0.00","0.00","0.00","0.00","0.00","0.00","0.00","0.00","Refunds","0.00","0.00","0.00","0.00","0.00","0.00","0.00","0.00","0.00","0.00","0.00","0.00","0.00","Transfers","0.00","0.00","0.00","0.00","0.00","0.00","0.00","0.00","0.00","0.00","0.00","0.00","0.00"
"Westhampton","Invoice Charges","0.00","16.36","152.70","0.76","2327.56","2096.45","17.00","129.43","116.35","16.30","16.92","1166.47","6056.30","Payments","0.00","0.00","0.00","431.04","0.00","25.05","0.00","0.00","431.09","0.00","0.00","25.11","912.29","Credits","0.00","2.02","0.00","0.00","0.00","0.00","0.00","0.00","0.00","0.00","11.11","0.00","13.13","Write Offs","0.00","0.00","0.00","0.00","0.00","0.00","0.00","0.00","0.00","0.00","0.00","0.00","0.00","Refunds","0.00","0.00","0.00","0.00","0.00","0.00","0.00","0.00","0.00","0.00","0.00","0.00","0.00","Transfers","0.00","0.00","0.00","0.00","0.00","0.00","0.00","0.00","0.00","0.00","0.00","0.00","0.00"
"Westminster","Invoice Charges","0.00","258.81","141.17","0.00","2569.64","2338.23","19.93","1103.01","988.21","26.83","1642.29","33.55","9121.67","Payments","0.00","0.00","432.03","0.00","25.04","0.00","0.00","432.08","0.00","0.00","25.10","0.00","914.25","Credits","1.01","0.00","0.00","0.00","0.00","0.00","0.00","0.00","0.00","10.10","0.00","0.00","11.11","Write Offs","0.00","0.00","0.00","0.00","0.00","0.00","0.00","0.00","0.00","0.00","0.00","0.00","0.00","Refunds","0.00","0.00","0.00","0.00","0.00","0.00","0.00","0.00","0.00","0.00","0.00","0.00","0.00","Transfers","0.00","0.00","0.00","0.00","0.00","0.00","0.00","0.00","0.00","0.00","0.00","0.00","0.00"
"Weston","Invoice Charges","0.00","1015.48","698.14","7.67","252.79","2576.08","16.82","15.61","2935.17","27.20","1878.10","1649.41","11072.47","Payments","0.00","433.02","0.00","7.67","17.36","0.00","433.07","0.00","0.00","25.09","0.00","0.00","916.21","Credits","0.00","0.00","0.00","0.00","0.00","0.00","0.00","0.00","9.09","0.00","0.00","0.00","9.09","Write Offs","0.00","0.00","0.00","0.00","0.00","0.00","0.00","0.00","0.00","0.00","0.00","0.00","0.00","Refunds","0.00","0.00","0.00","0.00","0.00","0.00","0.00","0.00","0.00","0.00","0.00","0.00","0.00","Transfers","0.00","0.00","0.00","0.00","0.00","0.00","0.00","0.00","0.00","0.00","0.00","0.00","0.00"
"Westport","Invoice Charges","0.00","2264.15","1168.60","19.65","482.17","262.29","13.58","4104.17","31.48","30.49","2119.32","1887.53","12383.43","Payments","434.01","0.00","25.02","0.00","0.00","434.06","0.00","0.00","25.08","0.00","434.11","0.00","1352.28","Credits","0.00","0.00","0.00","0.00","0.00","0.00","0.00","8.08","0.00","0.00","0.00","0.00","8.08","Write Offs","0.00","0.00","0.00","0.00","0.00","0.00","0.00","0.00","0.00","0.00","0.00","0.00","0.00","Refunds","0.00","0.00","0.00","0.00","0.00","0.00","0.00","0.00","0.00","0.00","0.00","0.00","0.00","Transfers","0.00","0.00","0.00","0.00","0.00","0.00","0.00","0.00","0.00","0.00","0.00","0.00","0.00"
"Westwood","Invoice Charges","0.00","1123.23","1658.10","15.92","11.39","479.84","11.62","332.95","3008.62","25.27","2351.93","2120.93","11139.80","Payments","0.00","25.01","0.00","0.00","435.05","0.00","0.00","25.07","0.00","435.10","0.00","0.00","920.23","Credits","0.00","0.00","0.00","0.00","0.00","0.00","7.07","0.00","0.00","0.00","0.00","0.00","7.07","Write Offs","0.00","0.00","0.00","0.00","0.00","0.00","0.00","0.00","0.00","0.00","0.00","0.00","0.00","Refunds","0.00","0.00","0.00","0.00","0.00","0.00","0.00","0.00","0.00","0.00","0.00","0.00","0.00","Transfers","0.00","0.00","0.00","0.00","0.00","0.00","0.00","0.00","0.00","0.00","0.00","0.00","0.00"
"Weymouth","Invoice Charges","0.00","0.00","1193.16","5.07","924.28","7.16","6.94","632.16","350.67","9.11","2579.09","2347.30","8054.94","Payments","0.00","0.00","0.00","436.04","0.00","0.00","6.94","18.12","436.09","0.00","0.00","0.00","897.19","Credits","0.00","0.00","0.00","0.00","0.00","6.06","0.00","0.00","0.00","0.00","0.00","0.00","6.06","Write Offs","0.00","0.00","0.00","0.00","0.00","0.00","0.00","0.00","0.00","0.00","0.00","0.00","0.00","Refunds","0.00","0.00","0.00","0.00","0.00","0.00","0.00","0.00","0.00","0.00","0.00","0.00","0.00","Transfers","0.00","0.00","0.00","0.00","0.00","0.00","0.00","0.00","0.00","0.00","0.00","0.00","0.00"
"Whately","Invoice Charges","0.00","315.76","0.00","0.00","1150.07","925.50","7.91","148.54","103.46","7.18","254.98","2577.90","5491.30","Payments","0.00","0.00","437.03","0.00","0.00","25.05","0.00","437.08","0.00","0.00","0.00","25.11","924.27","Credits","0.00","0.00","0.00","0.00","5.05","0.00","0.00","0.00","0.00","0.00","0.00","0.00","5.05","Write Offs","0.00","0.00","0.00","0.00","0.00","0.00","0.00","0.00","0.00","0.00","0.00","0.00","0.00","Refunds","0.00","0.00","0.00","0.00","0.00","0.00","0.00","0.00","0.00","0.00","0.00","0.00","0.00","Transfers","0.00","0.00","0.00","0.00","0.00","0.00","0.00","0.00","0.00","0.00","0.00","0.00","0.00"
"Whitman","Invoice Charges","0.00","2517.30","0.00","2227.12","17.68","1168.34","22.45","1924.76","1011.97","32.81","503.92","282.45","9708.80","Payments","0.00","438.02","0.00","0.00","17.68","7.36","438.07","0.00","0.00","0.00","25.10","0.00","926.23","Credits","0.00","0.00","0.00","4.04","0.00","0.00","0.00","0.00","0.00","0.00","0.00","0.00","4.04","Write Offs","0.00","0.00","0.00","0.00","0.00","0.00","0.00","0.00","0.00","0.00","0.00","0.00","0.00","Refunds","0.00","0.00","0.00","0.00","0.00","0.00","0.00","0.00","0.00","0.00","0.00","0.00","0.00","Transfers","0.00","0.00","0.00","0.00","0.00","0.00","0.00","0.00","0.00","0.00","0.00","0.00","0.00"
"Wilbraham","Invoice Charges","0.00","413.24","0.00","368.33","1615.78","8.20","6.16","195.05","285.71","8.16","8.44","816.22","3725.29","Payments","439.01","0.00","0.00","25.03","0.00","439.06","0.00","0.00","0.00","8.16","447.55","8.49","1367.30","Credits","0.00","0.00","3.03","0.00","0.00","0.00","0.00","0.00","0.00","0.00","0.00","0.00","3.03","Write Offs","0.00","0.00","0.00","0.00","0.00","0.00","0.00","0.00","0.00","0.00","0.00","0.00","0.00","Refunds","0.00","0.00","0.00","0.00","0.00","0.00","0.00","0.00","0.00","0.00","0.00","0.00","0.00","Transfers","0.00","0.00","0.00","0.00","0.00","0.00","0.00","0.00","0.00","0.00","0.00","0.00","0.00"
"Williamsburg","Invoice Charges","0.00","0.00","0.00","422.91","1851.62","1622.17","14.09","14.62","207.76","14.96","1275.80","18.41","5442.34","Payments","0.00","0.00","0.00","25.02","440.05","0.00","0.00","0.00","25.08","440.10","0.00","0.00","930.25","Credits","0.00","2.02","0.00","0.00","0.00","0.00","0.00","0.00","0.00","0.00","11.11","0.00","13.13","Write Offs","0.00","0.00","0.00","0.00","0.00","0.00","0.00","0.00","0.00","0.00","0.00","0.00","0.00","Refunds","0.00","0.00","0.00","0.00","0.00","0.00","0.00","0.00","0.00","0.00","0.00","0.00","0.00","Transfers","0.00","0.00","0.00","0.00","0.00","0.00","0.00","0.00","0.00","0.00","0.00","0.00","0.00"
"Williamstown","Invoice Charges","0.00","1293.04","0.00","10.24","2091.12","1862.42","19.68","821.71","23.81","363.31","1173.60","948.75","8607.68","Payments","0.00","25.01","0.00","441.04","0.00","0.00","0.00","25.07","441.09","0.00","0.00","0.00","932.21","Credits","1.01","0.00","0.00","0.00","0.00","0.00","0.00","0.00","0.00","10.10","0.00","0.00","11.11","Write Offs","0.00","0.00","0.00","0.00","0.00","0.00","0.00","0.00","0.00","0.00","0.00","0.00","0.00","Refunds","0.00","0.00","0.00","0.00","0.00","0.00","0.00","0.00","0.00","0.00","0.00","0.00","0.00","Transfers","0.00","0.00","0.00","0.00","0.00","0.00","0.00","0.00","0.00","0.00","0.00","0.00","0.00"
"Wilmington","Invoice Charges","0.00","126.07","0.00","1293.16","2331.58","2101.73","22.24","944.17","1169.45","29.06","30.15","1179.37","9226.98","Payments","0.00","0.00","442.03","0.00","0.00","0.00","22.24","444.90","0.00","0.00","0.00","0.00","909.17","Credits","0.00","0.00","0.00","0.00","0.00","0.00","0.00","0.00","9.09","0.00","0.00","0.00","9.09","Write Offs","0.00","0.00","0.00","0.00","0.00","0.00","0.00","0.00","0.00","0.00","0.00","0.00","0.00","Refunds","0.00","0.00","0.00","0.00","0.00","0.00","0.00","0.00","0.00","0.00","0.00","0.00","0.00","Transfers","0.00","0.00","0.00","0.00","0.00","0.00","0.00","0.00","0.00","0.00","0.00","0.00","0.00"
"Winchendon","Invoice Charges","0.00","233.45","0.00","126.09","2569.64","2338.12","19.72","1405.77","945.80","27.61","1643.14","34.48","9343.82","Payments","0.00","443.02","0.00","0.00","0.00","25.05","443.07","0.00","0.00","0.00","0.00","25.11","936.25","Credits","0.00","0.00","0.00","0.00","0.00","0.00","0.00","8.08","0.00","0.00","0.00","0.00","8.08","Write Offs","0.00","0.00","0.00","0.00","0.00","0.00","0.00","0.00","0.00","0.00","0.00","0.00","0.00","Refunds","0.00","0.00","0.00","0.00","0.00","0.00","0.00","0.00","0.00","0.00","0.00","0.00","0.00","Transfers","0.00","0.00","0.00","0.00","0.00","0.00","0.00","0.00","0.00","0.00","0.00","0.00","0.00"
"Winchester","Invoice Charges","0.00","342.92","0.00","233.47","248.07","2571.15","355.19","12.02","1055.37","16.02","16.62","1628.75","6479.58","Payments","444.01","0.00","0.00","0.00","25.04","444.06","0.00","0.00","0.00","0.00","460.73","8.48","1382.32","Credits","0.00","0.00","0.00","0.00","0.00","0.00","7.07","0.00","0.00","0.00","0.00","0.00","7.07","Write Offs","0.00","0.00","0.00","0.00","0.00","0.00","0.00","0.00","0.00","0.00","0.00","0.00","0.00","Refunds","0.00","0.00","0.00","0.00","0.00","0.00","0.00","0.00","0.00","0.00","0.00","0.00","0.00","Transfers","0.00","0.00","0.00","0.00","0.00","0.00","0.00","0.00","0.00","0.00","0.00","0.00","0.00"
"Windsor","Invoice Charges","0.00","683.81","0.00","348.48","474.01","597.92","6.69","1300.45","12.46","12.11","2098.31","1868.84","7403.08","Payments","0.00","0.00","0.00","25.03","445.05","0.00","0.00","0.00","0.00","457.21","12.98","0.00","940.27","Credits","0.00","0.00","0.00","0.00","0.00","6.06","0.00","0.00","0.00","0.00","0.00","0.00","6.06","Write Offs","0.00","0.00","0.00","0.00","0.00","0.00","0.00","0.00","0.00","0.00","0.00","0.00","0.00","Refunds","0.00","0.00","0.00","0.00","0.00","0.00","0.00","0.00","0.00","0.00","0.00","0.00","0.00","Transfers","0.00","0.00","0.00","0.00","0.00","0.00","0.00","0.00","0.00","0.00","0.00","0.00","0.00"
"Winthrop","Invoice Charges","0.00","454.53","0.00","687.54","349.75","474.18","6.12","6.35","1300.00","9.58","2337.50","2106.91","7732.46","Payments","0.00","0.00","0.00","471.06","0.00","0.00","0.00","0.00","471.17","0.00","0.00","0.00","942.23","Credits","0.00","0.00","0.00","0.00","5.05","0.00","0.00","0.00","0.00","0.00","0.00","0.00","5.05","Write Offs","0.00","0.00","0.00","0.00","0.00","0.00","0.00","0.00","0.00","0.00","0.00","0.00","0.00","Refunds","0.00","0.00","0.00","0.00","0.00","0.00","0.00","0.00","0.00","0.00","0.00","0.00","0.00","Transfers","0.00","0.00","0.00","0.00","0.00","0.00","0.00","0.00","0.00","0.00","0.00","0.00","0.00"
"Woburn","Invoice Charges","0.00","0.00","0.00","802.56","922.49","5.30","5.15","238.88","130.49","4.75","2574.57","2342.91","7027.10","Payments","0.00","0.00","447.03","25.01","0.00","0.00","0.00","472.15","0.00","0.00","0.00","0.00","944.19","Credits","0.00","0.00","0.00","4.04","0.00","0.00","0.00","0.00","0.00","0.00","0.00","0.00","4.04","Write Offs","0.00","0.00","0.00","0.00","0.00","0.00","0.00","0.00","0.00","0.00","0.00","0.00","0.00","Refunds","0.00","0.00","0.00","0.00","0.00","0.00","0.00","0.00","0.00","0.00","0.00","0.00","0.00","Transfers","0.00","0.00","0.00","0.00","0.00","0.00","0.00","0.00","0.00","0.00","0.00","0.00","0.00"
"Worcester","Invoice Charges","0.00","801.82","348.99","4.33","2.89","924.15","6.70","348.07","239.98","7.20","255.00","2577.92","5517.05","Payments","0.00","448.02","0.00","0.00","0.00","0.00","454.77","18.36","0.00","0.00","0.00","0.00","921.15","Credits","0.00","0.00","3.03","0.00","0.00","0.00","0.00","0.00","0.00","0.00","0.00","0.00","3.03","Write Offs","0.00","0.00","0.00","0.00","0.00","0.00","0.00","0.00","0.00","0.00","0.00","0.00","0.00","Refunds","0.00","0.00","0.00","0.00","0.00","0.00","0.00","0.00","0.00","0.00","0.00","0.00","0.00","Transfers","0.00","0.00","0.00","0.00","0.00","0.00","0.00","0.00","0.00","0.00","0.00","0.00","0.00"
"Worthington","Invoice Charges","0.00","1271.78","0.00","6.63","3.40","1153.60","6.21","690.51","352.46","10.52","480.78","258.18","4234.07","Payments","449.01","0.00","0.00","0.00","0.00","474.11","0.00","0.00","0.00","0.00","449.11","25.11","1397.34","Credits","0.00","2.02","0.00","0.00","0.00","0.00","0.00","0.00","0.00","0.00","11.11","0.00","13.13","Write Offs","0.00","0.00","0.00","0.00","0.00","0.00","0.00","0.00","0.00","0.00","0.00","0.00","0.00","Refunds","0.00","0.00","0.00","0.00","0.00","0.00","0.00","0.00","0.00","0.00","0.00","0.00","0.00","Transfers","0.00","0.00","0.00","0.00","0.00","0.00","0.00","0.00","0.00","0.00","0.00","0.00","0.00"
"Wrentham","Invoice Charges","0.00","0.00","0.00","921.88","1618.27","8.77","8.52","463.55","694.94","13.31","11.86","481.35","4222.45","Payments","0.00","0.00","0.00","0.00","475.09","0.00","0.00","0.00","0.00","450.10","11.86","13.24","950.29","Credits","1.01","0.00","0.00","0.00","0.00","0.00","0.00","0.00","0.00","10.10","0.00","0.00","11.11","Write Offs","0.00","0.00","0.00","0.00","0.00","0.00","0.00","0.00","0.00","0.00","0.00","0.00","0.00","Refunds","0.00","0.00","0.00","0.00","0.00","0.00","0.00","0.00","0.00","0.00","0.00","0.00","0.00","Transfers","0.00","0.00","0.00","0.00","0.00","0.00","0.00","0.00","0.00","0.00","0.00","0.00","0.00"
"Yarmouth","Invoice Charges","0.00","0.00","0.00","1043.96","1852.32","1624.77","16.62","17.25","472.07","16.81","938.52","20.63","6002.95","Payments","0.00","0.00","0.00","476.07","0.00","0.00","0.00","0.00","451.09","16.81","8.28","0.00","952.25","Credits","0.00","0.00","0.00","0.00","0.00","0.00","0.00","0.00","9.09","0.00","0.00","0.00","9.09","Write Offs","0.00","0.00","0.00","0.00","0.00","0.00","0.00","0.00","0.00","0.00","0.00","0.00","0.00","Refunds","0.00","0.00","0.00","0.00","0.00","0.00","0.00","0.00","0.00","0.00","0.00","0.00","0.00","Transfers","0.00","0.00","0.00","0.00","0.00","0.00","0.00","0.00","0.00","0.00","0.00","0.00","0.00"
