"Transaction ID","Billed","Costs","Costs with Tax","Due Costs","Due Costs with Tax","Due Fees","Due Fees with Tax","Due Interest","Due Tax on Costs","Due Tax on Fees","Due Tax Total","Due Total","Fees","Fees with Tax","Interest","Interest Type","Invoice Number","Invoice Number Text","Invoice Number Type","Paid Costs","Paid Costs with Tax","Paid Fees","Paid Fees with Tax","Paid Interest","Paid Tax on Costs","Paid Tax on Fees","Paid Tax Total","Paid Total","Record Count","Status","Tax on Costs","Tax on Fees","Tax on Fees & Costs","Transaction Date","Value","Write Down Costs","Write Down Fees","Write Up Costs","Write Up Fees","Transaction ID","Billed","Check Number","Classification","Costs - Total","Fees - Total","Finalized","Interest","Payment Type","Posted to G/L","Transaction Date","Transaction Type","Transaction Type (Short)","Value","Value (unsigned)","Transaction ID","Billed","Check Number","Classification","Costs - Total","Fees - Total","Finalized","Interest","Payment Type","Posted to G/L","Transaction Date","Transaction Type","Transaction Type (Short)","Value","Value (unsigned)","Transaction ID","Billed","Check Number","Classification","Costs - Total","Fees - Total","Finalized","Interest","Payment Type","Posted to G/L","Transaction Date","Transaction Type","Transaction Type (Short)","Value","Value (unsigned)","Transaction ID","Billed","Check Number","Classification","Costs - Total","Fees - Total","Finalized","Interest","Payment Type","Posted to G/L","Transaction Date","Transaction Type","Transaction Type (Short)","Value","Value (unsigned)","Transaction ID","Billed","Check Number","Classification","Costs - Total","Fees - Total","Finalized","Interest","Payment Type","Posted to G/L","Transaction Date","Transaction Type","Transaction Type (Short)","Value","Value (unsigned)","Transaction ID","Billed","Check Number","Classification","Costs - Total","Fees - Total","Finalized","Interest","Payment Type","Posted to G/L","Transaction Date","Transaction Type","Transaction Type (Short)","Value","Value (unsigned)","Transaction ID","Billed","Check Number","Classification","Costs - Total","Fees - Total","Finalized","Interest","Payment Type","Posted to G/L","Transaction Date","Transaction Type","Transaction Type (Short)","Value","Value (unsigned)","Transaction ID","Billed","Check Number","Classification","Costs - Total","Fees - Total","Finalized","Interest","Payment Type","Posted to G/L","Transaction Date","Transaction Type","Transaction Type (Short)","Value","Value (unsigned)","Transaction ID","Billed","Check Number","Classification","Costs - Total","Fees - Total","Finalized","Interest","Payment Type","Posted to G/L","Transaction Date","Transaction Type","Transaction Type (Short)","Value","Value (unsigned)","Transaction ID","Billed","Check Number","Classification","Costs - Total","Fees - Total","Finalized","Interest","Payment Type","Posted to G/L","Transaction Date","Transaction Type","Transaction Type (Short)","Value","Value (unsigned)","Transaction ID","Billed","Check Number","Classification","Costs - Total","Fees - Total","Finalized","Interest","Payment Type","Posted to G/L","Transaction Date","Transaction Type","Transaction Type (Short)","Value","Value (unsigned)","Transaction ID","Billed","Check Number","Classification","Costs - Total","Fees - Total","Finalized","Interest","Payment Type","Posted to G/L","Transaction Date","Transaction Type","Transaction Type (Short)","Value","Value (unsigned)","Transaction ID","Billed","Check Number","Classification","Costs - Total","Fees - Total","Finalized","Interest","Payment Type","Posted to G/L","Transaction Date","Transaction Type","Transaction Type (Short)","Value","Value (unsigned)",
"149","1","0.00","0.00","0.00","0.00","0.00","0.00","0.00","0.00","0.00","0.00","0.00","122.41","127.31","0.00","Compound","12345","G:12345","Global","0.00","0.00","122.41","127.31","0.00","0.00","4.90","4.90","127.31","1","Paid in Full","0.00","4.90","4.90","01/27/2013","127.31","0.00","0.00","0.00","0.00","177","1","1","Open","0.00","101.01","0","0.00","Check","0","01/28/2013","Payment","PAY","101.01","(101.01)","265","1","","Open","0.00","1.01","0","0.00","Unknown","0","01/28/2013","Credit","CRED","1.01","(1.01)","664","1","","Open","0.00","25.29","0","0.00","Cash","0","02/28/2013","Payment","PAY","101.02","(101.02)"
"87","1","0.00","0.00","0.00","0.00","0.00","0.00","0.00","0.00","0.00","0.00","0.00","231.04","240.28","0.00","Compound","12346","G:12346","Global","0.00","0.00","231.04","240.28","0.00","0.00","9.24","9.24","240.28","1","Paid in Full","0.00","9.24","9.24","01/27/2013","240.28","0.00","0.00","0.00","0.00","178","1","2","Open","0.00","102.01","0","0.00","Check","0","01/28/2013","Payment","PAY","102.01","(102.01)","266","1","","Open","0.00","1.01","0","0.00","Unknown","0","01/28/2013","Credit","CRED","1.01","(1.01)","665","1","","Open","0.00","102.02","0","0.00","Cash","0","02/28/2013","Payment","PAY","102.02","(102.02)","1157","1","","Open","0.00","35.24","0","0.00","American Express","0","03/28/2013","Payment","PAY","102.03","(102.03)"
"173","1","0.00","0.00","0.00","0.00","(0.01)","0.00","0.00","0.00","0.01","0.01","0.00","329.70","342.89","0.00","Compound","12347","G:12347","Global","0.00","0.00","329.71","342.89","0.00","0.00","13.18","13.18","342.89","1","Paid in Full","0.00","13.19","13.19","01/27/2013","342.89","0.00","0.00","0.00","0.00","179","1","3","Open","0.00","103.01","0","0.00","Check","0","01/28/2013","Payment","PAY","103.01","(103.01)","267","1","","Open","0.00","1.01","0","0.00","Unknown","0","01/28/2013","Credit","CRED","1.01","(1.01)","666","1","","Open","0.00","103.02","0","0.00","Cash","0","02/28/2013","Payment","PAY","103.02","(103.02)","1158","1","","Open","0.00","103.03","0","0.00","American Express","0","03/28/2013","Payment","PAY","103.03","(103.03)","1739","1","","Open","0.00","32.82","0","0.00","Visa","0","04/28/2013","Payment","PAY","103.04","(103.04)"
"27","1","0.00","0.00","0.00","0.00","(0.01)","0.00","0.00","0.00","0.01","0.01","0.00","645.05","670.85","0.00","Compound","12348","G:12348","Global","0.00","0.00","645.06","670.85","0.00","0.00","25.79","25.79","670.85","1","Paid in Full","0.00","25.80","25.80","01/27/2013","670.85","0.00","0.00","0.00","0.00","180","1","4","Open","0.00","104.01","0","0.00","Check","0","01/28/2013","Payment","PAY","104.01","(104.01)","268","1","","Open","0.00","1.01","0","0.00","Unknown","0","01/28/2013","Credit","CRED","1.01","(1.01)","667","1","","Open","0.00","104.02","0","0.00","Cash","0","02/28/2013","Payment","PAY","104.02","(104.02)","1159","1","","Open","0.00","104.03","0","0.00","American Express","0","03/28/2013","Payment","PAY","104.03","(104.03)","1740","1","","Open","0.00","104.04","0","0.00","Visa","0","04/28/2013","Payment","PAY","104.04","(104.04)","2328","1","","Open","0.00","104.05","0","0.00","Master Card","0","05/28/2013","Payment","PAY","104.05","(104.05)","2913","1","","Open","0.00","104.06","0","0.00","Discover","0","06/28/2013","Payment","PAY","104.06","(104.06)","3497","1","","Open","0.00","45.63","0","0.00","Japan Credit Bureau (JCB)","0","07/28/2013","Payment","PAY","104.07","(104.07)"
"1","1","0.00","0.00","0.00","0.00","0.00","0.00","0.00","0.00","0.00","0.00","0.00","424.41","441.39","0.00","Compound","12349","G:12349","Global","0.00","0.00","424.41","441.39","0.00","0.00","16.98","16.98","441.39","1","Paid in Full","0.00","16.98","16.98","01/27/2013","441.39","0.00","0.00","0.00","0.00","181","1","5","Open","0.00","105.01","0","0.00","Check","0","01/28/2013","Payment","PAY","105.01","(105.01)","269","1","","Open","0.00","1.01","0","0.00","Unknown","0","01/28/2013","Credit","CRED","1.01","(1.01)","668","1","","Open","0.00","105.02","0","0.00","Cash","0","02/28/2013","Payment","PAY","105.02","(105.02)","1160","1","","Open","0.00","105.03","0","0.00","American Express","0","03/28/2013","Payment","PAY","105.03","(105.03)","1741","1","","Open","0.00","105.04","0","0.00","Visa","0","04/28/2013","Payment","PAY","105.04","(105.04)","2329","1","","Open","0.00","20.28","0","0.00","Master Card","0","05/28/2013","Payment","PAY","105.05","(105.05)"
"113","1","0.00","0.00","0.00","0.00","82.02","85.30","0.00","0.00","3.28","3.28","85.30","287.89","299.41","0.00","Compound","12351","G:12351","Global","0.00","0.00","205.87","214.11","0.00","0.00","8.24","8.24","214.11","1","Partially Paid","0.00","11.52","11.52","01/27/2013","299.41","0.00","89.43","0.00","0.00","1161","1","","Open","0.00","107.03","0","0.00","American Express","0","03/28/2013","Payment","PAY","107.03","(107.03)","4079","1","","Open","0.00","107.08","0","0.00","Debit Card","0","08/28/2013","Payment","PAY","107.08","(107.08)"
"3","1","0.00","0.00","0.00","0.00","124.17","129.13","0.00","0.00","4.96","4.96","129.13","332.91","346.23","0.00","Compound","12352","G:12352","Global","0.00","0.00","208.74","217.10","0.00","0.00","8.36","8.36","217.10","1","Partially Paid","0.00","13.32","13.32","01/27/2013","346.23","0.00","88.68","0.00","0.00","270","1","","Open","0.00","1.01","0","0.00","Unknown","0","01/28/2013","Credit","CRED","1.01","(1.01)","669","1","","Open","0.00","108.02","0","0.00","Cash","0","02/28/2013","Payment","PAY","108.02","(108.02)","3499","1","","Open","0.00","108.07","0","0.00","Japan Credit Bureau (JCB)","0","07/28/2013","Payment","PAY","108.07","(108.07)"
"103","1","0.00","0.00","0.00","0.00","1066.83","1109.51","0.00","0.00","42.68","42.68","1109.51","1381.43","1436.69","0.00","Compound","12353","G:12353","Global","0.00","0.00","314.60","327.18","0.00","0.00","12.58","12.58","327.18","1","Partially Paid","0.00","55.26","55.26","01/27/2013","1436.69","0.00","66.84","0.00","0.00","182","1","9","Open","0.00","109.01","0","0.00","Check","0","01/28/2013","Payment","PAY","109.01","(109.01)","2915","1","","Open","0.00","109.06","0","0.00","Discover","0","06/28/2013","Payment","PAY","109.06","(109.06)","5806","0","","Open","0.00","109.11","0","0.00","Other 2","0","11/28/2013","Payment","PAY","109.11","(109.11)"
"154","1","0.00","0.00","0.00","0.00","930.04","967.25","0.00","0.00","37.21","37.21","967.25","1143.63","1189.38","0.00","Compound","12355","G:12355","Global","0.00","0.00","213.59","222.13","0.00","0.00","8.54","8.54","222.13","1","Partially Paid","0.00","45.75","45.75","01/27/2013","1189.38","0.00","0.00","0.00","0.00","1743","1","","Open","0.00","111.04","0","0.00","Visa","0","04/28/2013","Payment","PAY","111.04","(111.04)","4659","1","","Open","0.00","111.09","0","0.00","Electronic Transfer","0","09/28/2013","Payment","PAY","111.09","(111.09)"
"61","1","0.00","0.00","0.00","0.00","0.00","0.00","0.00","0.00","0.00","0.00","0.00","126.14","131.19","0.00","Compound","12356","G:12356","Global","0.00","0.00","126.14","131.19","0.00","0.00","5.05","5.05","131.19","1","Paid in Full","0.00","5.05","5.05","01/27/2013","131.19","0.00","0.00","0.00","0.00","1162","1","","Open","0.00","112.03","0","0.00","American Express","0","03/28/2013","Payment","PAY","112.03","(112.03)","4080","1","","Open","0.00","19.16","0","0.00","Debit Card","0","08/28/2013","Payment","PAY","112.08","(112.08)"
"62","1","0.00","0.00","0.00","0.00","9.50","9.88","0.00","0.00","0.38","0.38","9.88","226.89","235.97","0.00","Compound","12357","G:12357","Global","0.00","0.00","217.39","226.09","0.00","0.00","8.70","8.70","226.09","1","Partially Paid","0.00","9.08","9.08","01/27/2013","235.97","0.00","0.00","0.00","0.00","670","1","","Open","0.00","113.02","0","0.00","Cash","0","02/28/2013","Payment","PAY","113.02","(113.02)","3500","1","","Open","0.00","113.07","0","0.00","Japan Credit Bureau (JCB)","0","07/28/2013","Payment","PAY","113.07","(113.07)"
"48","1","0.00","0.00","0.00","0.00","4.24","4.40","0.00","0.00","0.16","0.16","4.40","333.25","346.58","0.00","Compound","12358","G:12358","Global","0.00","0.00","329.01","342.18","0.00","0.00","13.17","13.17","342.18","1","Partially Paid","0.00","13.33","13.33","01/27/2013","346.58","0.00","0.00","0.00","0.00","183","1","14","Open","0.00","114.01","0","0.00","Check","0","01/28/2013","Payment","PAY","114.01","(114.01)","2916","1","","Open","0.00","114.06","0","0.00","Discover","0","06/28/2013","Payment","PAY","114.06","(114.06)","5807","0","","Open","0.00","114.11","0","0.00","Other 2","0","11/28/2013","Payment","PAY","114.11","(114.11)"
"88","1","0.00","0.00","0.00","0.00","405.84","422.07","0.00","0.00","16.23","16.23","422.07","627.13","652.22","0.00","Compound","12359","G:12359","Global","0.00","0.00","221.29","230.15","0.00","0.00","8.86","8.86","230.15","1","Partially Paid","0.00","25.09","25.09","01/27/2013","652.22","0.00","0.00","0.00","0.00","2331","1","","Open","0.00","115.05","0","0.00","Master Card","0","05/28/2013","Payment","PAY","115.05","(115.05)","5238","1","","Open","0.00","115.10","0","0.00","Other 1","0","10/28/2013","Payment","PAY","115.10","(115.10)"
"49","1","0.00","0.00","0.00","0.00","205.86","214.10","0.00","0.00","8.24","8.24","214.10","429.07","446.23","0.00","Compound","12360","G:12360","Global","0.00","0.00","223.21","232.13","0.00","0.00","8.92","8.92","232.13","1","Partially Paid","0.00","17.16","17.16","01/27/2013","446.23","0.00","0.00","0.00","0.00","1744","1","","Open","0.00","116.04","0","0.00","Visa","0","04/28/2013","Payment","PAY","116.04","(116.04)","4660","1","","Open","0.00","116.09","0","0.00","Electronic Transfer","0","09/28/2013","Payment","PAY","116.09","(116.09)"
"69","1","0.00","0.00","0.00","0.00","515.89","536.53","0.00","0.00","20.64","20.64","536.53","742.90","772.62","0.00","Compound","12362","G:12362","Global","0.00","0.00","227.01","236.09","0.00","0.00","9.08","9.08","236.09","1","Partially Paid","0.00","29.72","29.72","01/27/2013","772.62","0.00","0.00","0.00","0.00","671","1","","Open","0.00","118.02","0","0.00","Cash","0","02/28/2013","Payment","PAY","118.02","(118.02)","3501","1","","Open","0.00","118.07","0","0.00","Japan Credit Bureau (JCB)","0","07/28/2013","Payment","PAY","118.07","(118.07)"
"141","1","0.00","0.00","0.00","0.00","510.92","531.35","0.00","0.00","20.43","20.43","531.35","854.36","888.53","0.00","Compound","12363","G:12363","Global","0.00","0.00","343.44","357.18","0.00","0.00","13.74","13.74","357.18","1","Partially Paid","0.00","34.17","34.17","01/27/2013","888.53","0.00","0.00","0.00","0.00","184","1","19","Open","0.00","119.01","0","0.00","Check","0","01/28/2013","Payment","PAY","119.01","(119.01)","2917","1","","Open","0.00","119.06","0","0.00","Discover","0","06/28/2013","Payment","PAY","119.06","(119.06)","5808","0","","Open","0.00","119.11","0","0.00","Other 2","0","11/28/2013","Payment","PAY","119.11","(119.11)"
"63","1","0.00","0.00","0.00","0.00","700.13","728.13","0.00","0.00","28.00","28.00","728.13","931.04","968.28","0.00","Compound","12364","G:12364","Global","0.00","0.00","230.91","240.15","0.00","0.00","9.24","9.24","240.15","1","Partially Paid","0.00","37.24","37.24","01/27/2013","968.28","0.00","0.00","0.00","0.00","2332","1","","Open","0.00","120.05","0","0.00","Master Card","0","05/28/2013","Payment","PAY","120.05","(120.05)","5239","1","","Open","0.00","120.10","0","0.00","Other 1","0","10/28/2013","Payment","PAY","120.10","(120.10)"
"4","1","0.00","0.00","0.00","0.00","0.00","0.00","0.00","0.00","0.00","0.00","0.00","45.02","46.82","0.00","Compound","12366","G:12366","Global","0.00","0.00","45.02","46.82","0.00","0.00","1.80","1.80","46.82","1","Paid in Full","0.00","1.80","1.80","01/27/2013","46.82","0.00","0.00","0.00","0.00","1164","1","","Open","0.00","46.82","0","0.00","American Express","0","03/28/2013","Payment","PAY","122.03","(122.03)"
"28","1","0.00","0.00","0.00","0.00","0.00","0.00","0.00","0.00","0.00","0.00","0.00","60.04","62.44","0.00","Compound","12367","G:12367","Global","0.00","0.00","60.04","62.44","0.00","0.00","2.40","2.40","62.44","1","Paid in Full","0.00","2.40","2.40","01/27/2013","62.44","0.00","0.00","0.00","0.00","672","1","","Open","0.00","62.44","0","0.00","Cash","0","02/28/2013","Payment","PAY","123.02","(123.02)"
"89","1","0.00","0.00","0.00","0.00","11.82","12.30","0.00","0.00","0.48","0.48","12.30","369.69","384.48","0.00","Compound","12368","G:12368","Global","0.00","0.00","357.87","372.18","0.00","0.00","14.31","14.31","372.18","1","Partially Paid","0.00","14.79","14.79","01/27/2013","384.48","0.00","0.00","0.00","0.00","185","1","24","Open","0.00","124.01","0","0.00","Check","0","01/28/2013","Payment","PAY","124.01","(124.01)","2918","1","","Open","0.00","124.06","0","0.00","Discover","0","06/28/2013","Payment","PAY","124.06","(124.06)","5809","0","","Open","0.00","124.11","0","0.00","Other 2","0","11/28/2013","Payment","PAY","124.11","(124.11)"
"124","1","0.00","0.00","0.00","0.00","1220.17","1268.97","0.00","0.00","48.80","48.80","1268.97","1463.57","1522.11","0.00","Compound","12369","G:12369","Global","0.00","0.00","243.40","253.14","0.00","0.00","9.74","9.74","253.14","1","Partially Paid","0.00","58.54","58.54","01/27/2013","1522.11","0.00","0.00","0.00","0.00","272","1","","Open","0.00","1.01","0","0.00","Unknown","0","01/28/2013","Credit","CRED","1.01","(1.01)","1746","1","","Open","0.00","126.04","0","0.00","Visa","0","04/28/2013","Payment","PAY","126.04","(126.04)","4662","1","","Open","0.00","126.09","0","0.00","Electronic Transfer","0","09/28/2013","Payment","PAY","126.09","(126.09)"
"155","1","0.00","0.00","0.00","0.00","1024.36","1065.33","0.00","0.00","40.97","40.97","1065.33","1268.69","1319.44","0.00","Compound","12370","G:12370","Global","0.00","0.00","244.33","254.11","0.00","0.00","9.78","9.78","254.11","1","Partially Paid","0.00","50.75","50.75","01/27/2013","1319.44","0.00","0.00","0.00","0.00","1165","1","","Open","0.00","127.03","0","0.00","American Express","0","03/28/2013","Payment","PAY","127.03","(127.03)","4083","1","","Open","0.00","127.08","0","0.00","Debit Card","0","08/28/2013","Payment","PAY","127.08","(127.08)"
"70","1","0.00","0.00","0.00","0.00","535.56","556.98","0.00","0.00","21.42","21.42","556.98","907.85","944.16","0.00","Compound","12372","G:12372","Global","0.00","0.00","372.29","387.18","0.00","0.00","14.89","14.89","387.18","1","Partially Paid","0.00","36.31","36.31","01/27/2013","944.16","0.00","0.00","0.00","0.00","186","1","29","Open","0.00","129.01","0","0.00","Check","0","01/28/2013","Payment","PAY","129.01","(129.01)","2919","1","","Open","0.00","129.06","0","0.00","Discover","0","06/28/2013","Payment","PAY","129.06","(129.06)","5810","0","","Open","0.00","129.11","0","0.00","Other 2","0","11/28/2013","Payment","PAY","129.11","(129.11)"
"50","1","0.00","0.00","0.00","0.00","447.67","465.58","0.00","0.00","17.91","17.91","465.58","697.82","725.73","0.00","Compound","12373","G:12373","Global","0.00","0.00","250.15","260.15","0.00","0.00","10.00","10.00","260.15","1","Partially Paid","0.00","27.91","27.91","01/27/2013","725.73","0.00","0.00","0.00","0.00","2334","1","","Open","0.00","130.05","0","0.00","Master Card","0","05/28/2013","Payment","PAY","130.05","(130.05)","5241","1","","Open","0.00","130.10","0","0.00","Other 1","0","10/28/2013","Payment","PAY","130.10","(130.10)"
"2","1","0.00","0.00","0.00","0.00","1034.31","1075.68","0.00","0.00","41.37","41.37","1075.68","1286.36","1337.81","0.00","Compound","12374","G:12374","Global","0.00","0.00","252.05","262.13","0.00","0.00","10.08","10.08","262.13","1","Partially Paid","0.00","51.45","51.45","01/27/2013","1337.81","0.00","0.00","0.00","0.00","1747","1","","Open","0.00","131.04","0","0.00","Visa","0","04/28/2013","Payment","PAY","131.04","(131.04)","4663","1","","Open","0.00","131.09","0","0.00","Electronic Transfer","0","09/28/2013","Payment","PAY","131.09","(131.09)"
"71","1","0.00","0.00","0.00","0.00","1166.08","1212.71","0.00","0.00","46.63","46.63","1212.71","1423.86","1480.81","0.00","Compound","12376","G:12376","Global","0.00","0.00","257.78","268.10","0.00","0.00","10.32","10.32","268.10","1","Partially Paid","0.00","56.95","56.95","01/27/2013","1480.81","0.00","0.00","0.00","0.00","174","1","","Open","0.00","2.01","0","0.00","Unknown","0","01/28/2013","Write Off","WOFF","2.01","(2.01)","674","1","","Open","0.00","133.02","0","0.00","Cash","0","02/28/2013","Payment","PAY","133.02","(133.02)","3504","1","","Open","0.00","133.07","0","0.00","Japan Credit Bureau (JCB)","0","07/28/2013","Payment","PAY","133.07","(133.07)"
"5","1","0.00","0.00","0.00","0.00","0.00","0.00","0.00","0.00","0.00","0.00","0.00","7.37","7.66","0.00","Compound","12377","G:12377","Global","0.00","0.00","7.37","7.66","0.00","0.00","0.29","0.29","7.66","1","Paid in Full","0.00","0.29","0.29","01/27/2013","7.66","0.00","0.00","0.00","0.00","187","1","34","Open","0.00","7.66","0","0.00","Check","0","01/28/2013","Payment","PAY","134.01","(134.01)"
"90","1","0.00","0.00","0.00","0.00","111.41","115.86","0.00","0.00","4.45","4.45","115.86","372.13","387.02","0.00","Compound","12378","G:12378","Global","0.00","0.00","260.72","271.16","0.00","0.00","10.44","10.44","271.16","1","Partially Paid","0.00","14.89","14.89","01/27/2013","387.02","0.00","0.00","0.00","0.00","273","1","","Open","0.00","1.01","0","0.00","Unknown","0","01/28/2013","Credit","CRED","1.01","(1.01)","2335","1","","Open","0.00","135.05","0","0.00","Master Card","0","05/28/2013","Payment","PAY","135.05","(135.05)","5242","1","","Open","0.00","135.10","0","0.00","Other 1","0","10/28/2013","Payment","PAY","135.10","(135.10)"
"133","1","0.00","0.00","0.00","0.00","567.64","590.35","0.00","0.00","22.71","22.71","590.35","829.31","862.48","0.00","Compound","12379","G:12379","Global","0.00","0.00","261.67","272.13","0.00","0.00","10.46","10.46","272.13","1","Partially Paid","0.00","33.17","33.17","01/27/2013","862.48","0.00","0.00","0.00","0.00","1748","1","","Open","0.00","136.04","0","0.00","Visa","0","04/28/2013","Payment","PAY","136.04","(136.04)","4664","1","","Open","0.00","136.09","0","0.00","Electronic Transfer","0","09/28/2013","Payment","PAY","136.09","(136.09)"
"157","1","0.00","0.00","0.00","0.00","1634.68","1700.07","0.00","0.00","65.39","65.39","1700.07","1898.25","1974.18","0.00","Compound","12380","G:12380","Global","0.00","0.00","263.57","274.11","0.00","0.00","10.54","10.54","274.11","1","Partially Paid","0.00","75.93","75.93","01/27/2013","1974.18","0.00","0.00","0.00","0.00","1167","1","","Open","0.00","137.03","0","0.00","American Express","0","03/28/2013","Payment","PAY","137.03","(137.03)","4085","1","","Open","0.00","137.08","0","0.00","Debit Card","0","08/28/2013","Payment","PAY","137.08","(137.08)"
"86","1","0.00","0.00","0.00","0.00","428.29","445.42","0.00","0.00","17.13","17.13","445.42","693.76","721.51","0.00","Compound","12381","G:12381","Global","0.00","0.00","265.47","276.09","0.00","0.00","10.62","10.62","276.09","1","Partially Paid","0.00","27.75","27.75","01/27/2013","721.51","0.00","0.00","0.00","0.00","675","1","","Open","0.00","138.02","0","0.00","Cash","0","02/28/2013","Payment","PAY","138.02","(138.02)","3505","1","","Open","0.00","138.07","0","0.00","Japan Credit Bureau (JCB)","0","07/28/2013","Payment","PAY","138.07","(138.07)"
"72","1","0.00","0.00","0.00","0.00","653.67","679.81","0.00","0.00","26.14","26.14","679.81","923.04","959.96","0.00","Compound","12383","G:12383","Global","0.00","0.00","269.37","280.15","0.00","0.00","10.78","10.78","280.15","1","Partially Paid","0.00","36.92","36.92","01/27/2013","959.96","0.00","0.00","0.00","0.00","2336","1","","Open","0.00","140.05","0","0.00","Master Card","0","05/28/2013","Payment","PAY","140.05","(140.05)","5243","1","","Open","0.00","140.10","0","0.00","Other 1","0","10/28/2013","Payment","PAY","140.10","(140.10)"
"138","1","0.00","0.00","0.00","0.00","614.41","638.98","0.00","0.00","24.57","24.57","638.98","885.68","921.11","0.00","Compound","12384","G:12384","Global","0.00","0.00","271.27","282.13","0.00","0.00","10.86","10.86","282.13","1","Partially Paid","0.00","35.43","35.43","01/27/2013","921.11","0.00","0.00","0.00","0.00","1749","1","","Open","0.00","141.04","0","0.00","Visa","0","04/28/2013","Payment","PAY","141.04","(141.04)","4665","1","","Open","0.00","141.09","0","0.00","Electronic Transfer","0","09/28/2013","Payment","PAY","141.09","(141.09)"
"161","1","0.00","0.00","0.00","0.00","729.79","758.99","0.00","0.00","29.20","29.20","758.99","1002.98","1043.10","0.00","Compound","12385","G:12385","Global","0.00","0.00","273.19","284.11","0.00","0.00","10.92","10.92","284.11","1","Partially Paid","0.00","40.12","40.12","01/27/2013","1043.10","0.00","0.00","0.00","0.00","1168","1","","Open","0.00","142.03","0","0.00","American Express","0","03/28/2013","Payment","PAY","142.03","(142.03)","4086","1","","Open","0.00","142.08","0","0.00","Debit Card","0","08/28/2013","Payment","PAY","142.08","(142.08)"
"6","1","0.00","0.00","0.00","0.00","827.12","860.21","0.00","0.00","33.09","33.09","860.21","1243.65","1293.40","0.00","Compound","12387","G:12387","Global","0.00","0.00","416.53","433.19","0.00","0.00","16.66","16.66","433.19","1","Partially Paid","0.00","49.75","49.75","01/27/2013","1293.40","0.00","0.00","0.00","0.00","189","1","44","Open","0.00","144.01","0","0.00","Check","0","01/28/2013","Payment","PAY","144.01","(144.01)","274","1","","Open","0.00","1.01","0","0.00","Unknown","0","01/28/2013","Credit","CRED","1.01","(1.01)","2922","1","","Open","0.00","144.06","0","0.00","Discover","0","06/28/2013","Payment","PAY","144.06","(144.06)","5813","0","","Open","0.00","144.11","0","0.00","Other 2","0","11/28/2013","Payment","PAY","144.11","(144.11)"
"140","1","0.00","0.00","0.00","0.00","0.00","0.00","0.00","0.00","0.00","0.00","0.00","121.26","126.11","0.00","Compound","12388","G:12388","Global","0.00","0.00","121.26","126.11","0.00","0.00","4.85","4.85","126.11","1","Paid in Full","0.00","4.85","4.85","01/27/2013","126.11","0.00","0.00","0.00","0.00","2337","1","","Open","0.00","126.11","0","0.00","Master Card","0","05/28/2013","Payment","PAY","145.05","(145.05)"
"73","1","0.00","0.00","0.00","0.00","0.00","0.00","0.00","0.00","0.00","0.00","0.00","224.53","233.51","0.00","Compound","12389","G:12389","Global","0.00","0.00","224.53","233.51","0.00","0.00","8.98","8.98","233.51","1","Paid in Full","0.00","8.98","8.98","01/27/2013","233.51","0.00","0.00","0.00","0.00","1750","1","","Open","0.00","146.04","0","0.00","Visa","0","04/28/2013","Payment","PAY","146.04","(146.04)","4666","1","","Open","0.00","87.47","0","0.00","Electronic Transfer","0","09/28/2013","Payment","PAY","146.09","(146.09)"
"152","1","0.00","0.00","0.00","0.00","47.02","48.90","0.00","0.00","1.88","1.88","48.90","329.82","343.01","0.00","Compound","12390","G:12390","Global","0.00","0.00","282.80","294.11","0.00","0.00","11.31","11.31","294.11","1","Partially Paid","0.00","13.19","13.19","01/27/2013","343.01","0.00","0.00","0.00","0.00","1169","1","","Open","0.00","147.03","0","0.00","American Express","0","03/28/2013","Payment","PAY","147.03","(147.03)","4087","1","","Open","0.00","147.08","0","0.00","Debit Card","0","08/28/2013","Payment","PAY","147.08","(147.08)"
"52","1","0.00","0.00","0.00","0.00","373.00","387.92","0.00","0.00","14.92","14.92","387.92","657.70","684.01","0.00","Compound","12391","G:12391","Global","0.00","0.00","284.70","296.09","0.00","0.00","11.39","11.39","296.09","1","Partially Paid","0.00","26.31","26.31","01/27/2013","684.01","0.00","0.00","0.00","0.00","677","1","","Open","0.00","148.02","0","0.00","Cash","0","02/28/2013","Payment","PAY","148.02","(148.02)","3507","1","","Open","0.00","148.07","0","0.00","Japan Credit Bureau (JCB)","0","07/28/2013","Payment","PAY","148.07","(148.07)"
"102","1","0.00","0.00","0.00","0.00","7.20","7.49","0.00","0.00","0.29","0.29","7.49","437.18","454.67","0.00","Compound","12392","G:12392","Global","0.00","0.00","429.98","447.18","0.00","0.00","17.20","17.20","447.18","1","Partially Paid","0.00","17.49","17.49","01/27/2013","454.67","0.00","0.00","0.00","0.00","190","1","49","Open","0.00","149.01","0","0.00","Check","0","01/28/2013","Payment","PAY","149.01","(149.01)","2923","1","","Open","0.00","149.06","0","0.00","Discover","0","06/28/2013","Payment","PAY","149.06","(149.06)","5814","0","","Open","0.00","149.11","0","0.00","Other 2","0","11/28/2013","Payment","PAY","149.11","(149.11)"
"125","1","0.00","0.00","0.00","0.00","480.68","499.91","0.00","0.00","19.23","19.23","499.91","771.19","802.04","0.00","Compound","12393","G:12393","Global","0.00","0.00","290.51","302.13","0.00","0.00","11.62","11.62","302.13","1","Partially Paid","0.00","30.85","30.85","01/27/2013","802.04","0.00","0.00","0.00","0.00","1751","1","","Open","0.00","151.04","0","0.00","Visa","0","04/28/2013","Payment","PAY","151.04","(151.04)","4667","1","","Open","0.00","151.09","0","0.00","Electronic Transfer","0","09/28/2013","Payment","PAY","151.09","(151.09)"
"91","1","0.00","0.00","0.00","0.00","594.17","617.93","0.00","0.00","23.76","23.76","617.93","886.58","922.04","0.00","Compound","12394","G:12394","Global","0.00","0.00","292.41","304.11","0.00","0.00","11.70","11.70","304.11","1","Partially Paid","0.00","35.46","35.46","01/27/2013","922.04","0.00","0.00","0.00","0.00","1170","1","","Open","0.00","152.03","0","0.00","American Express","0","03/28/2013","Payment","PAY","152.03","(152.03)","4088","1","","Open","0.00","152.08","0","0.00","Debit Card","0","08/28/2013","Payment","PAY","152.08","(152.08)"
"142","1","0.00","0.00","0.00","0.00","705.83","734.05","0.00","0.00","28.22","28.22","734.05","1004.00","1044.16","0.00","Compound","12395","G:12395","Global","0.00","0.00","298.17","310.11","0.00","0.00","11.94","11.94","310.11","1","Partially Paid","0.00","40.16","40.16","01/27/2013","1044.16","0.00","0.00","0.00","0.00","175","1","","Open","0.00","3.01","0","0.00","Unknown","0","01/28/2013","Write Off","WOFF","3.01","(3.01)","275","1","","Open","0.00","1.01","0","0.00","Unknown","0","01/28/2013","Credit","CRED","1.01","(1.01)","678","1","","Open","0.00","153.02","0","0.00","Cash","0","02/28/2013","Payment","PAY","153.02","(153.02)","3508","1","","Open","0.00","153.07","0","0.00","Japan Credit Bureau (JCB)","0","07/28/2013","Payment","PAY","153.07","(153.07)"
"74","1","0.00","0.00","0.00","0.00","946.66","984.53","0.00","0.00","37.87","37.87","984.53","1244.88","1294.68","0.00","Compound","12397","G:12397","Global","0.00","0.00","298.22","310.15","0.00","0.00","11.93","11.93","310.15","1","Partially Paid","0.00","49.80","49.80","01/27/2013","1294.68","0.00","0.00","0.00","0.00","2339","1","","Open","0.00","155.05","0","0.00","Master Card","0","05/28/2013","Payment","PAY","155.05","(155.05)","5246","1","","Open","0.00","155.10","0","0.00","Other 1","0","10/28/2013","Payment","PAY","155.10","(155.10)"
"162","1","0.00","0.00","0.00","0.00","0.00","0.00","0.00","0.00","0.00","0.00","0.00","121.39","126.25","0.00","Compound","12398","G:12398","Global","0.00","0.00","121.39","126.25","0.00","0.00","4.86","4.86","126.25","1","Paid in Full","0.00","4.86","4.86","01/27/2013","126.25","0.00","0.00","0.00","0.00","1752","1","","Open","0.00","126.25","0","0.00","Visa","0","04/28/2013","Payment","PAY","156.04","(156.04)"
"104","1","0.00","0.00","0.00","0.00","0.00","0.00","0.00","0.00","0.00","0.00","0.00","224.77","233.76","0.00","Compound","12399","G:12399","Global","0.00","0.00","224.77","233.76","0.00","0.00","8.99","8.99","233.76","1","Paid in Full","0.00","8.99","8.99","01/27/2013","233.76","0.00","0.00","0.00","0.00","1171","1","","Open","0.00","157.03","0","0.00","American Express","0","03/28/2013","Payment","PAY","157.03","(157.03)","4089","1","","Open","0.00","76.73","0","0.00","Debit Card","0","08/28/2013","Payment","PAY","157.08","(157.08)"
"135","1","0.00","0.00","0.00","0.00","26.25","27.30","0.00","0.00","1.05","1.05","27.30","330.18","343.39","0.00","Compound","12400","G:12400","Global","0.00","0.00","303.93","316.09","0.00","0.00","12.16","12.16","316.09","1","Partially Paid","0.00","13.21","13.21","01/27/2013","343.39","0.00","0.00","0.00","0.00","679","1","","Open","0.00","158.02","0","0.00","Cash","0","02/28/2013","Payment","PAY","158.02","(158.02)","3509","1","","Open","0.00","158.07","0","0.00","Japan Credit Bureau (JCB)","0","07/28/2013","Payment","PAY","158.07","(158.07)"
"29","1","0.00","0.00","0.00","0.00","199.56","207.54","0.00","0.00","7.98","7.98","207.54","658.38","684.72","0.00","Compound","12401","G:12401","Global","0.00","0.00","458.82","477.18","0.00","0.00","18.36","18.36","477.18","1","Partially Paid","0.00","26.34","26.34","01/27/2013","684.72","0.00","0.00","0.00","0.00","192","1","59","Open","0.00","159.01","0","0.00","Check","0","01/28/2013","Payment","PAY","159.01","(159.01)","2925","1","","Open","0.00","159.06","0","0.00","Discover","0","06/28/2013","Payment","PAY","159.06","(159.06)","5816","0","","Open","0.00","159.11","0","0.00","Other 2","0","11/28/2013","Payment","PAY","159.11","(159.11)"
"7","1","0.00","0.00","0.00","0.00","129.81","135.00","0.00","0.00","5.19","5.19","135.00","437.64","455.15","0.00","Compound","12402","G:12402","Global","0.00","0.00","307.83","320.15","0.00","0.00","12.32","12.32","320.15","1","Partially Paid","0.00","17.51","17.51","01/27/2013","455.15","0.00","0.00","0.00","0.00","2340","1","","Open","0.00","160.05","0","0.00","Master Card","0","05/28/2013","Payment","PAY","160.05","(160.05)","5247","1","","Open","0.00","160.10","0","0.00","Other 1","0","10/28/2013","Payment","PAY","160.10","(160.10)"
"8","1","0.00","0.00","0.00","0.00","443.52","461.27","0.00","0.00","17.75","17.75","461.27","756.14","786.39","0.00","Compound","12404","G:12404","Global","0.00","0.00","312.62","325.12","0.00","0.00","12.50","12.50","325.12","1","Partially Paid","0.00","30.25","30.25","01/27/2013","786.39","0.00","0.00","0.00","0.00","276","1","","Open","0.00","1.01","0","0.00","Unknown","0","01/28/2013","Credit","CRED","1.01","(1.01)","1172","1","","Open","0.00","162.03","0","0.00","American Express","0","03/28/2013","Payment","PAY","162.03","(162.03)","4090","1","","Open","0.00","162.08","0","0.00","Debit Card","0","08/28/2013","Payment","PAY","162.08","(162.08)"
"158","1","0.00","0.00","0.00","0.00","531.30","552.55","0.00","0.00","21.25","21.25","552.55","844.85","878.64","0.00","Compound","12405","G:12405","Global","0.00","0.00","313.55","326.09","0.00","0.00","12.54","12.54","326.09","1","Partially Paid","0.00","33.79","33.79","01/27/2013","878.64","0.00","0.00","0.00","0.00","680","1","","Open","0.00","163.02","0","0.00","Cash","0","02/28/2013","Payment","PAY","163.02","(163.02)","3510","1","","Open","0.00","163.07","0","0.00","Japan Credit Bureau (JCB)","0","07/28/2013","Payment","PAY","163.07","(163.07)"
"43","1","0.00","0.00","0.00","0.00","483.92","503.28","0.00","0.00","19.36","19.36","503.28","957.17","995.46","0.00","Compound","12406","G:12406","Global","0.00","0.00","473.25","492.18","0.00","0.00","18.93","18.93","492.18","1","Partially Paid","0.00","38.29","38.29","01/27/2013","995.46","0.00","0.00","0.00","0.00","193","1","64","Open","0.00","164.01","0","0.00","Check","0","01/28/2013","Payment","PAY","164.01","(164.01)","2926","1","","Open","0.00","164.06","0","0.00","Discover","0","06/28/2013","Payment","PAY","164.06","(164.06)","5817","0","","Open","0.00","164.11","0","0.00","Other 2","0","11/28/2013","Payment","PAY","164.11","(164.11)"
"126","1","0.00","0.00","0.00","0.00","823.72","856.66","0.00","0.00","32.94","32.94","856.66","1143.07","1188.79","0.00","Compound","12408","G:12408","Global","0.00","0.00","319.35","332.13","0.00","0.00","12.78","12.78","332.13","1","Partially Paid","0.00","45.72","45.72","01/27/2013","1188.79","0.00","0.00","0.00","0.00","1754","1","","Open","0.00","166.04","0","0.00","Visa","0","04/28/2013","Payment","PAY","166.04","(166.04)","4670","1","","Open","0.00","166.09","0","0.00","Electronic Transfer","0","09/28/2013","Payment","PAY","166.09","(166.09)"
"54","1","0.00","0.00","0.00","0.00","0.00","0.00","0.00","0.00","0.00","0.00","0.00","126.08","131.12","0.00","Compound","12409","G:12409","Global","0.00","0.00","126.08","131.12","0.00","0.00","5.04","5.04","131.12","1","Paid in Full","0.00","5.04","5.04","01/27/2013","131.12","0.00","0.00","0.00","0.00","1173","1","","Open","0.00","131.12","0","0.00","American Express","0","03/28/2013","Payment","PAY","167.03","(167.03)"
"92","1","0.00","0.00","0.00","0.00","0.00","0.00","0.00","0.00","0.00","0.00","0.00","226.78","235.85","0.00","Compound","12410","G:12410","Global","0.00","0.00","226.78","235.85","0.00","0.00","9.07","9.07","235.85","1","Paid in Full","0.00","9.07","9.07","01/27/2013","235.85","0.00","0.00","0.00","0.00","681","1","","Open","0.00","168.02","0","0.00","Cash","0","02/28/2013","Payment","PAY","168.02","(168.02)","3511","1","","Open","0.00","67.83","0","0.00","Japan Credit Bureau (JCB)","0","07/28/2013","Payment","PAY","168.07","(168.07)"
"55","1","0.00","0.00","0.00","0.00","0.00","0.00","0.00","0.00","0.00","0.00","0.00","333.09","346.41","0.00","Compound","12411","G:12411","Global","0.00","0.00","333.09","346.41","0.00","0.00","13.32","13.32","346.41","1","Paid in Full","0.00","13.32","13.32","01/27/2013","346.41","0.00","0.00","0.00","0.00","194","1","69","Open","0.00","169.01","0","0.00","Check","0","01/28/2013","Payment","PAY","169.01","(169.01)","2927","1","","Open","0.00","169.06","0","0.00","Discover","0","06/28/2013","Payment","PAY","169.06","(169.06)","5818","0","","Open","0.00","8.34","0","0.00","Other 2","0","11/28/2013","Payment","PAY","169.11","(169.11)"
"9","1","0.00","0.00","0.00","0.00","463.31","481.84","0.00","0.00","18.53","18.53","481.84","626.82","651.89","0.00","Compound","12412","G:12412","Global","0.00","0.00","163.51","170.05","0.00","0.00","6.54","6.54","170.05","1","Partially Paid","0.00","25.07","25.07","01/27/2013","651.89","0.00","0.00","0.00","0.00","2342","1","","Open","0.00","170.05","0","0.00","Master Card","0","05/28/2013","Payment","PAY","170.05","(170.05)"
"30","1","0.00","0.00","0.00","0.00","263.43","273.96","0.00","0.00","10.53","10.53","273.96","428.86","446.01","0.00","Compound","12413","G:12413","Global","0.00","0.00","165.43","172.05","0.00","0.00","6.62","6.62","172.05","1","Partially Paid","0.00","17.15","17.15","01/27/2013","446.01","0.00","0.00","0.00","0.00","277","1","","Open","0.00","1.01","0","0.00","Unknown","0","01/28/2013","Credit","CRED","1.01","(1.01)","1755","1","","Open","0.00","171.04","0","0.00","Visa","0","04/28/2013","Payment","PAY","171.04","(171.04)"
"166","1","0.00","0.00","0.00","0.00","576.17","599.22","0.00","0.00","23.05","23.05","599.22","742.54","772.24","0.00","Compound","12415","G:12415","Global","0.00","0.00","166.37","173.02","0.00","0.00","6.65","6.65","173.02","1","Partially Paid","0.00","29.70","29.70","01/27/2013","772.24","0.00","0.00","0.00","0.00","682","1","","Open","0.00","173.02","0","0.00","Cash","0","02/28/2013","Payment","PAY","173.02","(173.02)"
"127","1","0.00","0.00","0.00","0.00","519.22","539.99","0.00","0.00","20.77","20.77","539.99","853.95","888.11","0.00","Compound","12416","G:12416","Global","0.00","0.00","334.73","348.12","0.00","0.00","13.39","13.39","348.12","1","Partially Paid","0.00","34.16","34.16","01/27/2013","888.11","0.00","0.00","0.00","0.00","195","1","74","Open","0.00","174.01","0","0.00","Check","0","01/28/2013","Payment","PAY","174.01","(174.01)","5819","0","","Open","0.00","174.11","0","0.00","Other 2","0","11/28/2013","Payment","PAY","174.11","(174.11)"
"167","1","0.00","0.00","0.00","0.00","1007.63","1047.94","0.00","0.00","40.31","40.31","1047.94","1177.90","1225.02","0.00","Compound","12418","G:12418","Global","0.00","0.00","170.27","177.08","0.00","0.00","6.81","6.81","177.08","1","Partially Paid","0.00","47.12","47.12","01/27/2013","1225.02","0.00","0.00","0.00","0.00","4093","1","","Open","0.00","177.08","0","0.00","Debit Card","0","08/28/2013","Payment","PAY","177.08","(177.08)"
"75","1","0.00","0.00","0.00","0.00","0.00","0.00","0.00","0.00","0.00","0.00","0.00","123.82","128.77","0.00","Compound","12419","G:12419","Global","0.00","0.00","123.82","128.77","0.00","0.00","4.95","4.95","128.77","1","Paid in Full","0.00","4.95","4.95","01/27/2013","128.77","0.00","0.00","0.00","0.00","3513","1","","Open","0.00","128.77","0","0.00","Japan Credit Bureau (JCB)","0","07/28/2013","Payment","PAY","178.07","(178.07)"
"128","1","0.00","0.00","0.00","0.00","0.00","0.00","0.00","0.00","0.00","0.00","0.00","229.22","238.39","0.00","Compound","12420","G:12420","Global","0.00","0.00","229.22","238.39","0.00","0.00","9.17","9.17","238.39","1","Paid in Full","0.00","9.17","9.17","01/27/2013","238.39","0.00","0.00","0.00","0.00","2929","1","","Open","0.00","179.06","0","0.00","Discover","0","06/28/2013","Payment","PAY","179.06","(179.06)","5820","0","","Open","0.00","59.33","0","0.00","Other 2","0","11/28/2013","Payment","PAY","179.11","(179.11)"
"105","1","0.00","0.00","0.00","0.00","0.00","0.00","0.00","0.00","0.00","0.00","0.00","323.84","336.79","0.00","Compound","12421","G:12421","Global","0.00","0.00","323.84","336.79","0.00","0.00","12.95","12.95","336.79","1","Paid in Full","0.00","12.95","12.95","01/27/2013","336.79","0.00","0.00","0.00","0.00","278","1","","Open","0.00","1.01","0","0.00","Unknown","0","01/28/2013","Credit","CRED","1.01","(1.01)","2344","1","","Open","0.00","180.05","0","0.00","Master Card","0","05/28/2013","Payment","PAY","180.05","(180.05)","5251","1","","Open","0.00","155.73","0","0.00","Other 1","0","10/28/2013","Payment","PAY","180.10","(180.10)"
"84","1","0.00","0.00","0.00","0.00","619.05","643.82","0.00","0.00","24.77","24.77","643.82","967.26","1005.95","0.00","Compound","12422","G:12422","Global","0.00","0.00","348.21","362.13","0.00","0.00","13.92","13.92","362.13","1","Partially Paid","0.00","38.69","38.69","01/27/2013","1005.95","0.00","0.00","0.00","0.00","1757","1","","Open","0.00","181.04","0","0.00","Visa","0","04/28/2013","Payment","PAY","181.04","(181.04)","4673","1","","Open","0.00","181.09","0","0.00","Electronic Transfer","0","09/28/2013","Payment","PAY","181.09","(181.09)"
"106","1","0.00","0.00","0.00","0.00","460.57","479.00","0.00","0.00","18.43","18.43","479.00","810.68","843.11","0.00","Compound","12423","G:12423","Global","0.00","0.00","350.11","364.11","0.00","0.00","14.00","14.00","364.11","1","Partially Paid","0.00","32.43","32.43","01/27/2013","843.11","0.00","0.00","0.00","0.00","1176","1","","Open","0.00","182.03","0","0.00","American Express","0","03/28/2013","Payment","PAY","182.03","(182.03)","4094","1","","Open","0.00","182.08","0","0.00","Debit Card","0","08/28/2013","Payment","PAY","182.08","(182.08)"
"13","1","0.00","0.00","0.00","0.00","2009.09","2089.45","0.00","0.00","80.36","80.36","2089.45","2009.09","2089.45","0.00","Compound","12425","G:12425","Global","0.00","0.00","0.00","0.00","0.00","0.00","0.00","0.00","0.00","1","Unpaid","0.00","80.36","80.36","01/27/2013","2089.45","0.00","0.00","0.00","0.00"
"12","1","0.00","0.00","0.00","0.00","1082.81","1126.12","0.00","0.00","43.31","43.31","1126.12","1082.81","1126.12","0.00","Compound","12426","G:12426","Global","0.00","0.00","0.00","0.00","0.00","0.00","0.00","0.00","0.00","1","Unpaid","0.00","43.31","43.31","01/27/2013","1126.12","0.00","0.00","0.00","0.00"
"11","1","0.00","0.00","0.00","0.00","0.00","0.00","0.00","0.00","0.00","0.00","0.00","129.35","134.52","0.00","Compound","12427","G:12427","Global","0.00","0.00","129.35","134.52","0.00","0.00","5.17","5.17","134.52","1","Paid in Full","0.00","5.17","5.17","01/27/2013","134.52","0.00","0.00","0.00","0.00","1760","1","","Open","0.00","134.52","0","0.00","Visa","0","04/28/2013","Payment","PAY","186.04","(186.04)"
"10","1","0.00","0.00","0.00","0.00","0.00","0.00","0.00","0.00","0.00","0.00","0.00","135.30","140.71","0.00","Compound","12429","G:12429","Global","0.00","0.00","135.30","140.71","0.00","0.00","5.41","5.41","140.71","1","Paid in Full","0.00","5.41","5.41","01/27/2013","140.71","0.00","0.00","0.00","0.00","687","1","","Open","0.00","140.71","0","0.00","Cash","0","02/28/2013","Payment","PAY","188.02","(188.02)"
"143","1","0.00","0.00","0.00","0.00","0.00","0.00","0.00","0.00","0.00","0.00","0.00","336.11","349.55","0.00","Compound","12430","G:12430","Global","0.00","0.00","336.11","349.55","0.00","0.00","13.44","13.44","349.55","1","Paid in Full","0.00","13.44","13.44","01/27/2013","349.55","0.00","0.00","0.00","0.00","199","1","89","Open","0.00","189.01","0","0.00","Check","0","01/28/2013","Payment","PAY","189.01","(189.01)","279","1","","Open","0.00","1.01","0","0.00","Unknown","0","01/28/2013","Credit","CRED","1.01","(1.01)","2932","1","","Open","0.00","159.53","0","0.00","Discover","0","06/28/2013","Payment","PAY","189.06","(189.06)"
"159","1","0.00","0.00","0.00","0.00","314.49","327.07","0.00","0.00","12.58","12.58","327.07","680.02","707.22","0.00","Compound","12431","G:12431","Global","0.00","0.00","365.53","380.15","0.00","0.00","14.62","14.62","380.15","1","Partially Paid","0.00","27.20","27.20","01/27/2013","707.22","0.00","0.00","0.00","0.00","2347","1","","Open","0.00","190.05","0","0.00","Master Card","0","05/28/2013","Payment","PAY","190.05","(190.05)","5254","1","","Open","0.00","190.10","0","0.00","Other 1","0","10/28/2013","Payment","PAY","190.10","(190.10)"
"46","1","0.00","0.00","0.00","0.00","0.00","0.00","0.00","0.00","0.00","0.00","0.00","240.35","249.96","0.00","Compound","12432","G:12432","Global","0.00","0.00","240.35","249.96","0.00","0.00","9.61","9.61","249.96","1","Paid in Full","0.00","9.61","9.61","01/27/2013","249.96","0.00","0.00","0.00","0.00","1761","1","","Open","0.00","191.04","0","0.00","Visa","0","04/28/2013","Payment","PAY","191.04","(191.04)","4677","1","","Open","0.00","58.92","0","0.00","Electronic Transfer","0","09/28/2013","Payment","PAY","191.09","(191.09)"
"56","1","0.00","0.00","0.00","0.00","208.00","216.32","0.00","0.00","8.32","8.32","216.32","577.34","600.43","0.00","Compound","12433","G:12433","Global","0.00","0.00","369.34","384.11","0.00","0.00","14.77","14.77","384.11","1","Partially Paid","0.00","23.09","23.09","01/27/2013","600.43","0.00","0.00","0.00","0.00","1180","1","","Open","0.00","192.03","0","0.00","American Express","0","03/28/2013","Payment","PAY","192.03","(192.03)","4098","1","","Open","0.00","192.08","0","0.00","Debit Card","0","08/28/2013","Payment","PAY","192.08","(192.08)"
"114","1","0.00","0.00","0.00","0.00","544.91","566.71","0.00","0.00","21.80","21.80","566.71","916.15","952.80","0.00","Compound","12434","G:12434","Global","0.00","0.00","371.24","386.09","0.00","0.00","14.85","14.85","386.09","1","Partially Paid","0.00","36.65","36.65","01/27/2013","952.80","0.00","0.00","0.00","0.00","688","1","","Open","0.00","193.02","0","0.00","Cash","0","02/28/2013","Payment","PAY","193.02","(193.02)","3518","1","","Open","0.00","193.07","0","0.00","Japan Credit Bureau (JCB)","0","07/28/2013","Payment","PAY","193.07","(193.07)"
"168","1","0.00","0.00","0.00","0.00","2218.33","2307.07","0.00","0.00","88.74","88.74","2307.07","2405.88","2502.12","0.00","Compound","12436","G:12436","Global","0.00","0.00","187.55","195.05","0.00","0.00","7.50","7.50","195.05","1","Partially Paid","0.00","96.24","96.24","01/27/2013","2502.12","0.00","0.00","0.00","0.00","2348","1","","Open","0.00","195.05","0","0.00","Master Card","0","05/28/2013","Payment","PAY","195.05","(195.05)"
"169","1","0.00","0.00","0.00","0.00","2559.81","2662.20","0.00","0.00","102.39","102.39","2662.20","2748.31","2858.24","0.00","Compound","12437","G:12437","Global","0.00","0.00","188.50","196.04","0.00","0.00","7.54","7.54","196.04","1","Partially Paid","0.00","109.93","109.93","01/27/2013","2858.24","0.00","0.00","0.00","0.00","1762","1","","Open","0.00","196.04","0","0.00","Visa","0","04/28/2013","Payment","PAY","196.04","(196.04)"
"160","1","0.00","0.00","0.00","0.00","2664.11","2770.67","0.00","0.00","106.56","106.56","2770.67","2853.56","2967.70","0.00","Compound","12438","G:12438","Global","0.00","0.00","189.45","197.03","0.00","0.00","7.58","7.58","197.03","1","Partially Paid","0.00","114.14","114.14","01/27/2013","2967.70","0.00","0.00","0.00","0.00","1181","1","","Open","0.00","197.03","0","0.00","American Express","0","03/28/2013","Payment","PAY","197.03","(197.03)"
"44","1","0.00","0.00","0.00","0.00","380.92","396.16","0.00","0.00","15.24","15.24","396.16","763.73","794.28","0.00","Compound","12440","G:12440","Global","0.00","0.00","382.81","398.12","0.00","0.00","15.31","15.31","398.12","1","Partially Paid","0.00","30.55","30.55","01/27/2013","794.28","0.00","0.00","0.00","0.00","201","1","99","Open","0.00","199.01","0","0.00","Check","0","01/28/2013","Payment","PAY","199.01","(199.01)","5825","0","","Open","0.00","199.11","0","0.00","Other 2","0","11/28/2013","Payment","PAY","199.11","(199.11)"
"85","1","0.00","0.00","0.00","0.00","31.07","32.31","0.00","0.00","1.24","1.24","32.31","224.42","233.40","0.00","Compound","12441","G:12441","Global","0.00","0.00","193.35","201.09","0.00","0.00","7.74","7.74","201.09","1","Partially Paid","0.00","8.98","8.98","01/27/2013","233.40","0.00","0.00","0.00","0.00","4679","1","","Open","0.00","201.09","0","0.00","Electronic Transfer","0","09/28/2013","Payment","PAY","201.09","(201.09)"
"129","1","0.00","0.00","0.00","0.00","135.35","140.77","0.00","0.00","5.42","5.42","140.77","329.66","342.85","0.00","Compound","12442","G:12442","Global","0.00","0.00","194.31","202.08","0.00","0.00","7.77","7.77","202.08","1","Partially Paid","0.00","13.19","13.19","01/27/2013","342.85","0.00","0.00","0.00","0.00","4100","1","","Open","0.00","202.08","0","0.00","Debit Card","0","08/28/2013","Payment","PAY","202.08","(202.08)"
"165","1","0.00","0.00","0.00","0.00","462.13","480.62","0.00","0.00","18.49","18.49","480.62","657.39","683.69","0.00","Compound","12443","G:12443","Global","0.00","0.00","195.26","203.07","0.00","0.00","7.81","7.81","203.07","1","Partially Paid","0.00","26.30","26.30","01/27/2013","683.69","0.00","0.00","0.00","0.00","3520","1","","Open","0.00","203.07","0","0.00","Japan Credit Bureau (JCB)","0","07/28/2013","Payment","PAY","203.07","(203.07)"
"64","1","0.00","0.00","0.00","0.00","44.50","46.28","0.00","0.00","1.78","1.78","46.28","436.97","454.45","0.00","Compound","12444","G:12444","Global","0.00","0.00","392.47","408.17","0.00","0.00","15.70","15.70","408.17","1","Partially Paid","0.00","17.48","17.48","01/27/2013","454.45","0.00","0.00","0.00","0.00","2935","1","","Open","0.00","204.06","0","0.00","Discover","0","06/28/2013","Payment","PAY","204.06","(204.06)","5826","0","","Open","0.00","204.11","0","0.00","Other 2","0","11/28/2013","Payment","PAY","204.11","(204.11)"
"60","1","0.00","0.00","0.00","0.00","374.55","389.53","0.00","0.00","14.98","14.98","389.53","770.83","801.66","0.00","Compound","12446","G:12446","Global","0.00","0.00","396.28","412.13","0.00","0.00","15.85","15.85","412.13","1","Partially Paid","0.00","30.83","30.83","01/27/2013","801.66","0.00","0.00","0.00","0.00","1764","1","","Open","0.00","206.04","0","0.00","Visa","0","04/28/2013","Payment","PAY","206.04","(206.04)","4680","1","","Open","0.00","206.09","0","0.00","Electronic Transfer","0","09/28/2013","Payment","PAY","206.09","(206.09)"
"115","1","0.00","0.00","0.00","0.00","487.02","506.50","0.00","0.00","19.48","19.48","506.50","886.17","921.62","0.00","Compound","12447","G:12447","Global","0.00","0.00","399.15","415.12","0.00","0.00","15.97","15.97","415.12","1","Partially Paid","0.00","35.45","35.45","01/27/2013","921.62","0.00","0.00","0.00","0.00","281","1","","Open","0.00","1.01","0","0.00","Unknown","0","01/28/2013","Credit","CRED","1.01","(1.01)","1183","1","","Open","0.00","207.03","0","0.00","American Express","0","03/28/2013","Payment","PAY","207.03","(207.03)","4101","1","","Open","0.00","207.08","0","0.00","Debit Card","0","08/28/2013","Payment","PAY","207.08","(207.08)"
"14","1","0.00","0.00","0.00","0.00","603.45","627.59","0.00","0.00","24.14","24.14","627.59","1003.54","1043.68","0.00","Compound","12448","G:12448","Global","0.00","0.00","400.09","416.09","0.00","0.00","16.00","16.00","416.09","1","Partially Paid","0.00","40.14","40.14","01/27/2013","1043.68","0.00","0.00","0.00","0.00","691","1","","Open","0.00","208.02","0","0.00","Cash","0","02/28/2013","Payment","PAY","208.02","(208.02)","3521","1","","Open","0.00","208.07","0","0.00","Japan Credit Bureau (JCB)","0","07/28/2013","Payment","PAY","208.07","(208.07)"
"76","1","0.00","0.00","0.00","0.00","840.33","873.94","0.00","0.00","33.61","33.61","873.94","1244.32","1294.09","0.00","Compound","12450","G:12450","Global","0.00","0.00","403.99","420.15","0.00","0.00","16.16","16.16","420.15","1","Partially Paid","0.00","49.77","49.77","01/27/2013","1294.09","0.00","0.00","0.00","0.00","2351","1","","Open","0.00","210.05","0","0.00","Master Card","0","05/28/2013","Payment","PAY","210.05","(210.05)","5258","1","","Open","0.00","210.10","0","0.00","Other 1","0","10/28/2013","Payment","PAY","210.10","(210.10)"
"15","1","0.00","0.00","0.00","0.00","0.00","0.00","0.00","0.00","0.00","0.00","0.00","121.33","126.18","0.00","Compound","12451","G:12451","Global","0.00","0.00","121.33","126.18","0.00","0.00","4.85","4.85","126.18","1","Paid in Full","0.00","4.85","4.85","01/27/2013","126.18","0.00","0.00","0.00","0.00","1765","1","","Open","0.00","126.18","0","0.00","Visa","0","04/28/2013","Payment","PAY","211.04","(211.04)"
"16","1","0.00","0.00","0.00","0.00","0.00","0.00","0.00","0.00","0.00","0.00","0.00","224.66","233.65","0.00","Compound","12452","G:12452","Global","0.00","0.00","224.66","233.65","0.00","0.00","8.99","8.99","233.65","1","Paid in Full","0.00","8.99","8.99","01/27/2013","233.65","0.00","0.00","0.00","0.00","1184","1","","Open","0.00","212.03","0","0.00","American Express","0","03/28/2013","Payment","PAY","212.03","(212.03)","4102","1","","Open","0.00","21.62","0","0.00","Debit Card","0","08/28/2013","Payment","PAY","212.08","(212.08)"
"31","1","0.00","0.00","0.00","0.00","0.00","0.00","0.00","0.00","0.00","0.00","0.00","330.02","343.22","0.00","Compound","12453","G:12453","Global","0.00","0.00","330.02","343.22","0.00","0.00","13.20","13.20","343.22","1","Paid in Full","0.00","13.20","13.20","01/27/2013","343.22","0.00","0.00","0.00","0.00","692","1","","Open","0.00","213.02","0","0.00","Cash","0","02/28/2013","Payment","PAY","213.02","(213.02)","3522","1","","Open","0.00","130.20","0","0.00","Japan Credit Bureau (JCB)","0","07/28/2013","Payment","PAY","213.07","(213.07)"
"47","1","0.00","0.00","0.00","0.00","40.58","42.21","0.00","0.00","1.63","1.63","42.21","658.07","684.39","0.00","Compound","12454","G:12454","Global","0.00","0.00","617.49","642.18","0.00","0.00","24.69","24.69","642.18","1","Partially Paid","0.00","26.32","26.32","01/27/2013","684.39","0.00","0.00","0.00","0.00","204","1","114","Open","0.00","214.01","0","0.00","Check","0","01/28/2013","Payment","PAY","214.01","(214.01)","2937","1","","Open","0.00","214.06","0","0.00","Discover","0","06/28/2013","Payment","PAY","214.06","(214.06)","5828","0","","Open","0.00","214.11","0","0.00","Other 2","0","11/28/2013","Payment","PAY","214.11","(214.11)"
"65","1","0.00","0.00","0.00","0.00","23.82","24.78","0.00","0.00","0.96","0.96","24.78","437.43","454.93","0.00","Compound","12455","G:12455","Global","0.00","0.00","413.61","430.15","0.00","0.00","16.54","16.54","430.15","1","Partially Paid","0.00","17.50","17.50","01/27/2013","454.93","0.00","0.00","0.00","0.00","2352","1","","Open","0.00","215.05","0","0.00","Master Card","0","05/28/2013","Payment","PAY","215.05","(215.05)","5259","1","","Open","0.00","215.10","0","0.00","Other 1","0","10/28/2013","Payment","PAY","215.10","(215.10)"
"17","1","0.00","0.00","0.00","0.00","25.68","26.71","0.00","0.00","1.03","1.03","26.71","771.62","802.48","0.00","Compound","12457","G:12457","Global","0.00","0.00","745.94","775.77","0.00","0.00","29.83","29.83","775.77","1","Partially Paid","0.00","30.86","30.86","01/27/2013","802.48","0.00","0.00","0.00","0.00","309","1","pay-1-1","Open","0.00","31.01","0","0.00","Check","0","01/28/2013","Payment","PAY","31.01","(31.01)","798","1","pay-1-2","Open","0.00","31.02","0","0.00","Check","0","02/28/2013","Payment","PAY","31.02","(31.02)","1185","1","","Open","0.00","217.03","0","0.00","American Express","0","03/28/2013","Payment","PAY","217.03","(217.03)","1289","1","pay-1-3","Open","0.00","31.03","0","0.00","Check","0","03/28/2013","Payment","PAY","31.03","(31.03)","1870","1","pay-1-4","Open","0.00","31.04","0","0.00","Check","0","04/28/2013","Payment","PAY","31.04","(31.04)","2456","1","pay-1-5","Open","0.00","31.05","0","0.00","Check","0","05/28/2013","Payment","PAY","31.05","(31.05)","3041","1","pay-1-6","Open","0.00","31.06","0","0.00","Check","0","06/28/2013","Payment","PAY","31.06","(31.06)","3627","1","pay-1-7","Open","0.00","31.07","0","0.00","Check","0","07/28/2013","Payment","PAY","31.07","(31.07)","4103","1","","Open","0.00","217.08","0","0.00","Debit Card","0","08/28/2013","Payment","PAY","217.08","(217.08)","4206","1","pay-1-8","Open","0.00","31.08","0","0.00","Check","0","08/28/2013","Payment","PAY","31.08","(31.08)","4787","1","pay-1-9","Open","0.00","31.09","0","0.00","Check","0","09/28/2013","Payment","PAY","31.09","(31.09)","5364","1","pay-1-10","Open","0.00","31.10","0","0.00","Check","0","10/28/2013","Payment","PAY","31.10","(31.10)","5933","0","pay-1-11","Open","0.00","31.11","0","0.00","Check","0","11/28/2013","Payment","PAY","31.11","(31.11)"
"144","1","0.00","0.00","0.00","0.00","128.63","133.81","0.00","0.00","5.18","5.18","133.81","887.08","922.56","0.00","Compound","12458","G:12458","Global","0.00","0.00","758.45","788.75","0.00","0.00","30.30","30.30","788.75","1","Partially Paid","0.00","35.48","35.48","01/27/2013","922.56","0.00","0.00","0.00","0.00","310","1","pay-2-1","Open","0.00","32.01","0","0.00","Check","0","01/28/2013","Payment","PAY","32.01","(32.01)","693","1","","Open","0.00","218.02","0","0.00","Cash","0","02/28/2013","Payment","PAY","218.02","(218.02)","799","1","pay-2-2","Open","0.00","32.02","0","0.00","Check","0","02/28/2013","Payment","PAY","32.02","(32.02)","1290","1","pay-2-3","Open","0.00","32.03","0","0.00","Check","0","03/28/2013","Payment","PAY","32.03","(32.03)","1871","1","pay-2-4","Open","0.00","32.04","0","0.00","Check","0","04/28/2013","Payment","PAY","32.04","(32.04)","2457","1","pay-2-5","Open","0.00","32.05","0","0.00","Check","0","05/28/2013","Payment","PAY","32.05","(32.05)","3042","1","pay-2-6","Open","0.00","32.06","0","0.00","Check","0","06/28/2013","Payment","PAY","32.06","(32.06)","3523","1","","Open","0.00","218.07","0","0.00","Japan Credit Bureau (JCB)","0","07/28/2013","Payment","PAY","218.07","(218.07)","3628","1","pay-2-7","Open","0.00","32.07","0","0.00","Check","0","07/28/2013","Payment","PAY","32.07","(32.07)","4207","1","pay-2-8","Open","0.00","32.08","0","0.00","Check","0","08/28/2013","Payment","PAY","32.08","(32.08)","4788","1","pay-2-9","Open","0.00","32.09","0","0.00","Check","0","09/28/2013","Payment","PAY","32.09","(32.09)","5365","1","pay-2-10","Open","0.00","32.10","0","0.00","Check","0","10/28/2013","Payment","PAY","32.10","(32.10)","5934","0","pay-2-11","Open","0.00","32.11","0","0.00","Check","0","11/28/2013","Payment","PAY","32.11","(32.11)"
"116","1","0.00","0.00","0.00","0.00","372.65","387.55","0.00","0.00","14.90","14.90","387.55","1004.55","1044.73","0.00","Compound","12459","G:12459","Global","0.00","0.00","631.90","657.18","0.00","0.00","25.28","25.28","657.18","1","Partially Paid","0.00","40.18","40.18","01/27/2013","1044.73","0.00","0.00","0.00","0.00","205","1","119","Open","0.00","219.01","0","0.00","Check","0","01/28/2013","Payment","PAY","219.01","(219.01)","2938","1","","Open","0.00","219.06","0","0.00","Discover","0","06/28/2013","Payment","PAY","219.06","(219.06)","5829","0","","Open","0.00","219.11","0","0.00","Other 2","0","11/28/2013","Payment","PAY","219.11","(219.11)"
"33","1","0.00","0.00","0.00","0.00","717.38","746.08","0.00","0.00","28.70","28.70","746.08","1142.51","1188.21","0.00","Compound","12461","G:12461","Global","0.00","0.00","425.13","442.13","0.00","0.00","17.00","17.00","442.13","1","Partially Paid","0.00","45.70","45.70","01/27/2013","1188.21","0.00","0.00","0.00","0.00","1767","1","","Open","0.00","221.04","0","0.00","Visa","0","04/28/2013","Payment","PAY","221.04","(221.04)","4683","1","","Open","0.00","221.09","0","0.00","Electronic Transfer","0","09/28/2013","Payment","PAY","221.09","(221.09)"
"145","1","0.00","0.00","0.00","0.00","0.00","0.00","0.00","0.00","0.00","0.00","0.00","126.02","131.06","0.00","Compound","12462","G:12462","Global","0.00","0.00","126.02","131.06","0.00","0.00","5.04","5.04","131.06","1","Paid in Full","0.00","5.04","5.04","01/27/2013","131.06","0.00","0.00","0.00","0.00","1186","1","","Open","0.00","131.06","0","0.00","American Express","0","03/28/2013","Payment","PAY","222.03","(222.03)"
"146","1","0.00","0.00","0.00","0.00","0.00","0.00","0.00","0.00","0.00","0.00","0.00","226.67","235.74","0.00","Compound","12463","G:12463","Global","0.00","0.00","226.67","235.74","0.00","0.00","9.07","9.07","235.74","1","Paid in Full","0.00","9.07","9.07","01/27/2013","235.74","0.00","0.00","0.00","0.00","694","1","","Open","0.00","223.02","0","0.00","Cash","0","02/28/2013","Payment","PAY","223.02","(223.02)","3524","1","","Open","0.00","12.72","0","0.00","Japan Credit Bureau (JCB)","0","07/28/2013","Payment","PAY","223.07","(223.07)"
"18","1","0.00","0.00","0.00","0.00","0.00","0.00","0.00","0.00","0.00","0.00","0.00","332.93","346.25","0.00","Compound","12464","G:12464","Global","0.00","0.00","332.93","346.25","0.00","0.00","13.32","13.32","346.25","1","Paid in Full","0.00","13.32","13.32","01/27/2013","346.25","0.00","0.00","0.00","0.00","206","1","124","Open","0.00","224.01","0","0.00","Check","0","01/28/2013","Payment","PAY","224.01","(224.01)","2939","1","","Open","0.00","122.24","0","0.00","Discover","0","06/28/2013","Payment","PAY","224.06","(224.06)"
"163","1","0.00","0.00","0.00","0.00","428.65","445.80","0.00","0.00","17.15","17.15","445.80","428.65","445.80","0.00","Compound","12465","G:12465","Global","0.00","0.00","0.00","0.00","0.00","0.00","0.00","0.00","0.00","1","Unpaid","0.00","17.15","17.15","01/27/2013","445.80","0.00","0.00","0.00","0.00"
"107","1","0.00","0.00","0.00","0.00","742.18","771.87","0.00","0.00","29.69","29.69","771.87","742.18","771.87","0.00","Compound","12467","G:12467","Global","0.00","0.00","0.00","0.00","0.00","0.00","0.00","0.00","0.00","1","Unpaid","0.00","29.69","29.69","01/27/2013","771.87","0.00","0.00","0.00","0.00"
"53","1","0.00","0.00","0.00","0.00","853.54","887.68","0.00","0.00","34.14","34.14","887.68","853.54","887.68","0.00","Compound","12468","G:12468","Global","0.00","0.00","0.00","0.00","0.00","0.00","0.00","0.00","0.00","1","Unpaid","0.00","34.14","34.14","01/27/2013","887.68","0.00","0.00","0.00","0.00"
"57","1","0.00","0.00","0.00","0.00","487.67","507.17","0.00","0.00","19.50","19.50","507.17","930.12","967.32","0.00","Compound","12469","G:12469","Global","0.00","0.00","442.45","460.15","0.00","0.00","17.70","17.70","460.15","1","Partially Paid","0.00","37.20","37.20","01/27/2013","967.32","0.00","0.00","0.00","0.00","2355","1","","Open","0.00","230.05","0","0.00","Master Card","0","05/28/2013","Payment","PAY","230.05","(230.05)","5262","1","","Open","0.00","230.10","0","0.00","Other 1","0","10/28/2013","Payment","PAY","230.10","(230.10)"
"32","1","0.00","0.00","0.00","0.00","731.08","760.32","0.00","0.00","29.24","29.24","760.32","1177.34","1224.43","0.00","Compound","12471","G:12471","Global","0.00","0.00","446.26","464.11","0.00","0.00","17.85","17.85","464.11","1","Partially Paid","0.00","47.09","47.09","01/27/2013","1224.43","0.00","0.00","0.00","0.00","1188","1","","Open","0.00","232.03","0","0.00","American Express","0","03/28/2013","Payment","PAY","232.03","(232.03)","4106","1","","Open","0.00","232.08","0","0.00","Debit Card","0","08/28/2013","Payment","PAY","232.08","(232.08)"
"147","1","0.00","0.00","0.00","0.00","0.00","0.00","0.00","0.00","0.00","0.00","0.00","123.76","128.71","0.00","Compound","12472","G:12472","Global","0.00","0.00","123.76","128.71","0.00","0.00","4.95","4.95","128.71","1","Paid in Full","0.00","4.95","4.95","01/27/2013","128.71","0.00","0.00","0.00","0.00","696","1","","Open","0.00","128.71","0","0.00","Cash","0","02/28/2013","Payment","PAY","233.02","(233.02)"
"77","1","0.00","0.00","0.00","0.00","0.00","0.00","0.00","0.00","0.00","0.00","0.00","229.11","238.27","0.00","Compound","12473","G:12473","Global","0.00","0.00","229.11","238.27","0.00","0.00","9.16","9.16","238.27","1","Paid in Full","0.00","9.16","9.16","01/27/2013","238.27","0.00","0.00","0.00","0.00","208","1","134","Open","0.00","234.01","0","0.00","Check","0","01/28/2013","Payment","PAY","234.01","(234.01)","284","1","","Open","0.00","1.01","0","0.00","Unknown","0","01/28/2013","Credit","CRED","1.01","(1.01)","2941","1","","Open","0.00","3.25","0","0.00","Discover","0","06/28/2013","Payment","PAY","234.06","(234.06)"
"78","1","0.00","0.00","0.00","0.00","0.00","0.00","0.00","0.00","0.00","0.00","0.00","323.68","336.63","0.00","Compound","12474","G:12474","Global","0.00","0.00","323.68","336.63","0.00","0.00","12.95","12.95","336.63","1","Paid in Full","0.00","12.95","12.95","01/27/2013","336.63","0.00","0.00","0.00","0.00","2356","1","","Open","0.00","235.05","0","0.00","Master Card","0","05/28/2013","Payment","PAY","235.05","(235.05)","5263","1","","Open","0.00","101.58","0","0.00","Other 1","0","10/28/2013","Payment","PAY","235.10","(235.10)"
"93","1","0.00","0.00","0.00","0.00","179.42","186.60","0.00","0.00","7.18","7.18","186.60","633.39","658.73","0.00","Compound","12475","G:12475","Global","0.00","0.00","453.97","472.13","0.00","0.00","18.16","18.16","472.13","1","Partially Paid","0.00","25.34","25.34","01/27/2013","658.73","0.00","0.00","0.00","0.00","1770","1","","Open","0.00","236.04","0","0.00","Visa","0","04/28/2013","Payment","PAY","236.04","(236.04)","4686","1","","Open","0.00","236.09","0","0.00","Electronic Transfer","0","09/28/2013","Payment","PAY","236.09","(236.09)"
"19","1","0.00","0.00","0.00","0.00","0.00","0.00","0.00","0.00","0.00","0.00","0.00","441.71","459.38","0.00","Compound","12476","G:12476","Global","0.00","0.00","441.71","459.38","0.00","0.00","17.67","17.67","459.38","1","Paid in Full","0.00","17.67","17.67","01/27/2013","459.38","0.00","0.00","0.00","0.00","1189","1","","Open","0.00","237.03","0","0.00","American Express","0","03/28/2013","Payment","PAY","237.03","(237.03)","4107","1","","Open","0.00","222.35","0","0.00","Debit Card","0","08/28/2013","Payment","PAY","237.08","(237.08)"
"94","1","0.00","0.00","0.00","0.00","60.58","63.00","0.00","0.00","2.42","2.42","63.00","750.17","780.18","0.00","Compound","12478","G:12478","Global","0.00","0.00","689.59","717.18","0.00","0.00","27.59","27.59","717.18","1","Partially Paid","0.00","30.01","30.01","01/27/2013","780.18","0.00","0.00","0.00","0.00","209","1","139","Open","0.00","239.01","0","0.00","Check","0","01/28/2013","Payment","PAY","239.01","(239.01)","2942","1","","Open","0.00","239.06","0","0.00","Discover","0","06/28/2013","Payment","PAY","239.06","(239.06)","5833","0","","Open","0.00","239.11","0","0.00","Other 2","0","11/28/2013","Payment","PAY","239.11","(239.11)"
"66","1","0.00","0.00","0.00","0.00","368.15","382.88","0.00","0.00","14.73","14.73","382.88","829.84","863.03","0.00","Compound","12479","G:12479","Global","0.00","0.00","461.69","480.15","0.00","0.00","18.46","18.46","480.15","1","Partially Paid","0.00","33.19","33.19","01/27/2013","863.03","0.00","0.00","0.00","0.00","2357","1","","Open","0.00","240.05","0","0.00","Master Card","0","05/28/2013","Payment","PAY","240.05","(240.05)","5264","1","","Open","0.00","240.10","0","0.00","Other 1","0","10/28/2013","Payment","PAY","240.10","(240.10)"
"95","1","0.00","0.00","0.00","0.00","1146.50","1192.36","0.00","0.00","45.86","45.86","1192.36","1610.09","1674.49","0.00","Compound","12480","G:12480","Global","0.00","0.00","463.59","482.13","0.00","0.00","18.54","18.54","482.13","1","Partially Paid","0.00","64.40","64.40","01/27/2013","1674.49","0.00","0.00","0.00","0.00","1771","1","","Open","0.00","241.04","0","0.00","Visa","0","04/28/2013","Payment","PAY","241.04","(241.04)","4687","1","","Open","0.00","241.09","0","0.00","Electronic Transfer","0","09/28/2013","Payment","PAY","241.09","(241.09)"
"20","1","0.00","0.00","0.00","0.00","0.00","0.00","0.00","0.00","0.00","0.00","0.00","257.94","268.26","0.00","Compound","12482","G:12482","Global","0.00","0.00","257.94","268.26","0.00","0.00","10.32","10.32","268.26","1","Paid in Full","0.00","10.32","10.32","01/27/2013","268.26","0.00","0.00","0.00","0.00","285","1","","Open","0.00","1.01","0","0.00","Unknown","0","01/28/2013","Credit","CRED","1.01","(1.01)","698","1","","Open","0.00","243.02","0","0.00","Cash","0","02/28/2013","Payment","PAY","243.02","(243.02)","3528","1","","Open","0.00","24.23","0","0.00","Japan Credit Bureau (JCB)","0","07/28/2013","Payment","PAY","243.07","(243.07)"
"117","1","0.00","0.00","0.00","0.00","0.00","0.00","0.00","0.00","0.00","0.00","0.00","265.25","275.86","0.00","Compound","12483","G:12483","Global","0.00","0.00","265.25","275.86","0.00","0.00","10.61","10.61","275.86","1","Paid in Full","0.00","10.61","10.61","01/27/2013","275.86","0.00","0.00","0.00","0.00","210","1","144","Open","0.00","244.01","0","0.00","Check","0","01/28/2013","Payment","PAY","244.01","(244.01)","2943","1","","Open","0.00","31.85","0","0.00","Discover","0","06/28/2013","Payment","PAY","244.06","(244.06)"
"150","1","0.00","0.00","0.00","0.00","166.81","173.48","0.00","0.00","6.67","6.67","173.48","638.11","663.63","0.00","Compound","12484","G:12484","Global","0.00","0.00","471.30","490.15","0.00","0.00","18.85","18.85","490.15","1","Partially Paid","0.00","25.52","25.52","01/27/2013","663.63","0.00","0.00","0.00","0.00","2358","1","","Open","0.00","245.05","0","0.00","Master Card","0","05/28/2013","Payment","PAY","245.05","(245.05)","5265","1","","Open","0.00","245.10","0","0.00","Other 1","0","10/28/2013","Payment","PAY","245.10","(245.10)"
"148","1","0.00","0.00","0.00","0.00","442.19","459.88","0.00","0.00","17.69","17.69","459.88","915.39","952.01","0.00","Compound","12485","G:12485","Global","0.00","0.00","473.20","492.13","0.00","0.00","18.93","18.93","492.13","1","Partially Paid","0.00","36.62","36.62","01/27/2013","952.01","0.00","0.00","0.00","0.00","1772","1","","Open","0.00","246.04","0","0.00","Visa","0","04/28/2013","Payment","PAY","246.04","(246.04)","4688","1","","Open","0.00","246.09","0","0.00","Electronic Transfer","0","09/28/2013","Payment","PAY","246.09","(246.09)"
"79","1","0.00","0.00","0.00","0.00","374.72","389.71","0.00","0.00","14.99","14.99","389.71","849.83","883.82","0.00","Compound","12486","G:12486","Global","0.00","0.00","475.11","494.11","0.00","0.00","19.00","19.00","494.11","1","Partially Paid","0.00","33.99","33.99","01/27/2013","883.82","0.00","0.00","0.00","0.00","1191","1","","Open","0.00","247.03","0","0.00","American Express","0","03/28/2013","Payment","PAY","247.03","(247.03)","4109","1","","Open","0.00","247.08","0","0.00","Debit Card","0","08/28/2013","Payment","PAY","247.08","(247.08)"
"34","1","0.00","0.00","0.00","0.00","0.00","0.00","0.00","0.00","0.00","0.00","0.00","248.14","258.07","0.00","Compound","12487","G:12487","Global","0.00","0.00","248.14","258.07","0.00","0.00","9.93","9.93","258.07","1","Paid in Full","0.00","9.93","9.93","01/27/2013","258.07","0.00","0.00","0.00","0.00","699","1","","Open","0.00","248.02","0","0.00","Cash","0","02/28/2013","Payment","PAY","248.02","(248.02)","3529","1","","Open","0.00","10.05","0","0.00","Japan Credit Bureau (JCB)","0","07/28/2013","Payment","PAY","248.07","(248.07)"
"80","1","0.00","0.00","0.00","0.00","649.69","675.67","0.00","0.00","25.98","25.98","675.67","1132.50","1177.80","0.00","Compound","12489","G:12489","Global","0.00","0.00","482.81","502.13","0.00","0.00","19.32","19.32","502.13","1","Partially Paid","0.00","45.30","45.30","01/27/2013","1177.80","0.00","0.00","0.00","0.00","1773","1","","Open","0.00","251.04","0","0.00","Visa","0","04/28/2013","Payment","PAY","251.04","(251.04)","4689","1","","Open","0.00","251.09","0","0.00","Electronic Transfer","0","09/28/2013","Payment","PAY","251.09","(251.09)"
"35","1","0.00","0.00","0.00","0.00","85.81","89.24","0.00","0.00","3.43","3.43","89.24","571.50","594.36","0.00","Compound","12490","G:12490","Global","0.00","0.00","485.69","505.12","0.00","0.00","19.43","19.43","505.12","1","Partially Paid","0.00","22.86","22.86","01/27/2013","594.36","0.00","0.00","0.00","0.00","286","1","","Open","0.00","1.01","0","0.00","Unknown","0","01/28/2013","Credit","CRED","1.01","(1.01)","1192","1","","Open","0.00","252.03","0","0.00","American Express","0","03/28/2013","Payment","PAY","252.03","(252.03)","4110","1","","Open","0.00","252.08","0","0.00","Debit Card","0","08/28/2013","Payment","PAY","252.08","(252.08)"
"21","1","0.00","0.00","0.00","0.00","0.00","0.00","0.00","0.00","0.00","0.00","0.00","270.37","281.18","0.00","Compound","12492","G:12492","Global","0.00","0.00","270.37","281.18","0.00","0.00","10.81","10.81","281.18","1","Paid in Full","0.00","10.81","10.81","01/27/2013","281.18","0.00","0.00","0.00","0.00","212","1","154","Open","0.00","254.01","0","0.00","Check","0","01/28/2013","Payment","PAY","254.01","(254.01)","2945","1","","Open","0.00","27.17","0","0.00","Discover","0","06/28/2013","Payment","PAY","254.06","(254.06)"
"151","1","0.00","0.00","0.00","0.00","0.00","0.00","0.00","0.00","0.00","0.00","0.00","355.38","369.60","0.00","Compound","12493","G:12493","Global","0.00","0.00","355.38","369.60","0.00","0.00","14.22","14.22","369.60","1","Paid in Full","0.00","14.22","14.22","01/27/2013","369.60","0.00","0.00","0.00","0.00","2360","1","","Open","0.00","255.05","0","0.00","Master Card","0","05/28/2013","Payment","PAY","255.05","(255.05)","5267","1","","Open","0.00","114.55","0","0.00","Other 1","0","10/28/2013","Payment","PAY","255.10","(255.10)"
"51","1","0.00","0.00","0.00","0.00","0.00","0.00","0.00","0.00","0.00","0.00","0.00","189.55","197.13","0.00","Compound","12494","G:12494","Global","0.00","0.00","189.55","197.13","0.00","0.00","7.58","7.58","197.13","1","Paid in Full","0.00","7.58","7.58","01/27/2013","197.13","0.00","0.00","0.00","0.00","1774","1","","Open","0.00","197.13","0","0.00","Visa","0","04/28/2013","Payment","PAY","256.04","(256.04)"
"101","1","0.00","0.00","0.00","0.00","91.81","95.48","0.00","0.00","3.67","3.67","95.48","586.14","609.59","0.00","Compound","12495","G:12495","Global","0.00","0.00","494.33","514.11","0.00","0.00","19.78","19.78","514.11","1","Partially Paid","0.00","23.45","23.45","01/27/2013","609.59","0.00","0.00","0.00","0.00","1193","1","","Open","0.00","257.03","0","0.00","American Express","0","03/28/2013","Payment","PAY","257.03","(257.03)","4111","1","","Open","0.00","257.08","0","0.00","Debit Card","0","08/28/2013","Payment","PAY","257.08","(257.08)"
"67","1","0.00","0.00","0.00","0.00","236.48","245.94","0.00","0.00","9.46","9.46","245.94","732.72","762.03","0.00","Compound","12496","G:12496","Global","0.00","0.00","496.24","516.09","0.00","0.00","19.85","19.85","516.09","1","Partially Paid","0.00","29.31","29.31","01/27/2013","762.03","0.00","0.00","0.00","0.00","701","1","","Open","0.00","258.02","0","0.00","Cash","0","02/28/2013","Payment","PAY","258.02","(258.02)","3531","1","","Open","0.00","258.07","0","0.00","Japan Credit Bureau (JCB)","0","07/28/2013","Payment","PAY","258.07","(258.07)"
"26","1","0.00","0.00","0.00","0.00","0.00","0.00","0.00","0.00","0.00","0.00","0.00","198.20","206.13","0.00","Compound","12497","G:12497","Global","0.00","0.00","198.20","206.13","0.00","0.00","7.93","7.93","206.13","1","Paid in Full","0.00","7.93","7.93","01/27/2013","206.13","0.00","0.00","0.00","0.00","213","1","159","Open","0.00","206.13","0","0.00","Check","0","01/28/2013","Payment","PAY","259.01","(259.01)"
"22","1","0.00","0.00","0.00","0.00","267.45","278.15","0.00","0.00","10.70","10.70","278.15","770.47","801.29","0.00","Compound","12499","G:12499","Global","0.00","0.00","503.02","523.14","0.00","0.00","20.12","20.12","523.14","1","Partially Paid","0.00","30.82","30.82","01/27/2013","801.29","0.00","0.00","0.00","0.00","287","1","","Open","0.00","1.01","0","0.00","Unknown","0","01/28/2013","Credit","CRED","1.01","(1.01)","1775","1","","Open","0.00","261.04","0","0.00","Visa","0","04/28/2013","Payment","PAY","261.04","(261.04)","4691","1","","Open","0.00","261.09","0","0.00","Electronic Transfer","0","09/28/2013","Payment","PAY","261.09","(261.09)"
"68","1","0.00","0.00","0.00","0.00","381.81","397.08","0.00","0.00","15.27","15.27","397.08","885.76","921.19","0.00","Compound","12500","G:12500","Global","0.00","0.00","503.95","524.11","0.00","0.00","20.16","20.16","524.11","1","Partially Paid","0.00","35.43","35.43","01/27/2013","921.19","0.00","0.00","0.00","0.00","1194","1","","Open","0.00","262.03","0","0.00","American Express","0","03/28/2013","Payment","PAY","262.03","(262.03)","4112","1","","Open","0.00","262.08","0","0.00","Debit Card","0","08/28/2013","Payment","PAY","262.08","(262.08)"
"110","1","0.00","0.00","0.00","0.00","497.23","517.11","0.00","0.00","19.88","19.88","517.11","1003.08","1043.20","0.00","Compound","12501","G:12501","Global","0.00","0.00","505.85","526.09","0.00","0.00","20.24","20.24","526.09","1","Partially Paid","0.00","40.12","40.12","01/27/2013","1043.20","0.00","0.00","0.00","0.00","702","1","","Open","0.00","263.02","0","0.00","Cash","0","02/28/2013","Payment","PAY","263.02","(263.02)","3532","1","","Open","0.00","263.07","0","0.00","Japan Credit Bureau (JCB)","0","07/28/2013","Payment","PAY","263.07","(263.07)"
"134","1","0.00","0.00","0.00","0.00","734.00","763.36","0.00","0.00","29.36","29.36","763.36","1243.76","1293.51","0.00","Compound","12503","G:12503","Global","0.00","0.00","509.76","530.15","0.00","0.00","20.39","20.39","530.15","1","Partially Paid","0.00","49.75","49.75","01/27/2013","1293.51","0.00","0.00","0.00","0.00","2362","1","","Open","0.00","265.05","0","0.00","Master Card","0","05/28/2013","Payment","PAY","265.05","(265.05)","5269","1","","Open","0.00","265.10","0","0.00","Other 1","0","10/28/2013","Payment","PAY","265.10","(265.10)"
"118","1","0.00","0.00","0.00","0.00","0.00","0.00","0.00","0.00","0.00","0.00","0.00","121.27","126.12","0.00","Compound","12504","G:12504","Global","0.00","0.00","121.27","126.12","0.00","0.00","4.85","4.85","126.12","1","Paid in Full","0.00","4.85","4.85","01/27/2013","126.12","0.00","0.00","0.00","0.00","1776","1","","Open","0.00","126.12","0","0.00","Visa","0","04/28/2013","Payment","PAY","266.04","(266.04)"
"130","1","0.00","0.00","0.00","0.00","0.00","0.00","0.00","0.00","0.00","0.00","0.00","224.55","233.53","0.00","Compound","12505","G:12505","Global","0.00","0.00","224.55","233.53","0.00","0.00","8.98","8.98","233.53","1","Paid in Full","0.00","8.98","8.98","01/27/2013","233.53","0.00","0.00","0.00","0.00","1195","1","","Open","0.00","233.53","0","0.00","American Express","0","03/28/2013","Payment","PAY","267.03","(267.03)"
"119","1","0.00","0.00","0.00","0.00","0.00","0.00","0.00","0.00","0.00","0.00","0.00","329.86","343.05","0.00","Compound","12506","G:12506","Global","0.00","0.00","329.86","343.05","0.00","0.00","13.19","13.19","343.05","1","Paid in Full","0.00","13.19","13.19","01/27/2013","343.05","0.00","0.00","0.00","0.00","703","1","","Open","0.00","268.02","0","0.00","Cash","0","02/28/2013","Payment","PAY","268.02","(268.02)","3533","1","","Open","0.00","75.03","0","0.00","Japan Credit Bureau (JCB)","0","07/28/2013","Payment","PAY","268.07","(268.07)"
"170","1","0.00","0.00","0.00","0.00","0.00","0.00","0.00","0.00","0.00","0.00","0.00","657.76","684.07","0.00","Compound","12507","G:12507","Global","0.00","0.00","657.76","684.07","0.00","0.00","26.31","26.31","684.07","1","Paid in Full","0.00","26.31","26.31","01/27/2013","684.07","0.00","0.00","0.00","0.00","215","1","169","Open","0.00","269.01","0","0.00","Check","0","01/28/2013","Payment","PAY","269.01","(269.01)","2948","1","","Open","0.00","269.06","0","0.00","Discover","0","06/28/2013","Payment","PAY","269.06","(269.06)","5839","0","","Open","0.00","146.00","0","0.00","Other 2","0","11/28/2013","Payment","PAY","269.11","(269.11)"
"96","1","0.00","0.00","0.00","0.00","0.00","0.00","0.00","0.00","0.00","0.00","0.00","437.22","454.71","0.00","Compound","12508","G:12508","Global","0.00","0.00","437.22","454.71","0.00","0.00","17.49","17.49","454.71","1","Paid in Full","0.00","17.49","17.49","01/27/2013","454.71","0.00","0.00","0.00","0.00","288","1","","Open","0.00","1.01","0","0.00","Unknown","0","01/28/2013","Credit","CRED","1.01","(1.01)","2363","1","","Open","0.00","270.05","0","0.00","Master Card","0","05/28/2013","Payment","PAY","270.05","(270.05)","5270","1","","Open","0.00","183.65","0","0.00","Other 1","0","10/28/2013","Payment","PAY","270.10","(270.10)"
"164","1","0.00","0.00","0.00","0.00","248.07","258.00","0.00","0.00","9.93","9.93","258.00","771.26","802.11","0.00","Compound","12510","G:12510","Global","0.00","0.00","523.19","544.11","0.00","0.00","20.92","20.92","544.11","1","Partially Paid","0.00","30.85","30.85","01/27/2013","802.11","0.00","0.00","0.00","0.00","1196","1","","Open","0.00","272.03","0","0.00","American Express","0","03/28/2013","Payment","PAY","272.03","(272.03)","4114","1","","Open","0.00","272.08","0","0.00","Debit Card","0","08/28/2013","Payment","PAY","272.08","(272.08)"
"171","1","0.00","0.00","0.00","0.00","361.58","376.05","0.00","0.00","14.47","14.47","376.05","886.67","922.14","0.00","Compound","12511","G:12511","Global","0.00","0.00","525.09","546.09","0.00","0.00","21.00","21.00","546.09","1","Partially Paid","0.00","35.47","35.47","01/27/2013","922.14","0.00","0.00","0.00","0.00","704","1","","Open","0.00","273.02","0","0.00","Cash","0","02/28/2013","Payment","PAY","273.02","(273.02)","3534","1","","Open","0.00","273.07","0","0.00","Japan Credit Bureau (JCB)","0","07/28/2013","Payment","PAY","273.07","(273.07)"
"97","1","0.00","0.00","0.00","0.00","213.53","222.07","0.00","0.00","8.54","8.54","222.07","1004.09","1044.25","0.00","Compound","12512","G:12512","Global","0.00","0.00","790.56","822.18","0.00","0.00","31.62","31.62","822.18","1","Partially Paid","0.00","40.16","40.16","01/27/2013","1044.25","0.00","0.00","0.00","0.00","216","1","174","Open","0.00","274.01","0","0.00","Check","0","01/28/2013","Payment","PAY","274.01","(274.01)","2949","1","","Open","0.00","274.06","0","0.00","Discover","0","06/28/2013","Payment","PAY","274.06","(274.06)","5840","0","","Open","0.00","274.11","0","0.00","Other 2","0","11/28/2013","Payment","PAY","274.11","(274.11)"
"136","1","0.00","0.00","0.00","0.00","714.10","742.66","0.00","0.00","28.56","28.56","742.66","1244.99","1294.79","0.00","Compound","12513","G:12513","Global","0.00","0.00","530.89","552.13","0.00","0.00","21.24","21.24","552.13","1","Partially Paid","0.00","49.80","49.80","01/27/2013","1294.79","0.00","0.00","0.00","0.00","1778","1","","Open","0.00","276.04","0","0.00","Visa","0","04/28/2013","Payment","PAY","276.04","(276.04)","4694","1","","Open","0.00","276.09","0","0.00","Electronic Transfer","0","09/28/2013","Payment","PAY","276.09","(276.09)"
"131","1","0.00","0.00","0.00","0.00","0.00","0.00","0.00","0.00","0.00","0.00","0.00","121.40","126.26","0.00","Compound","12514","G:12514","Global","0.00","0.00","121.40","126.26","0.00","0.00","4.86","4.86","126.26","1","Paid in Full","0.00","4.86","4.86","01/27/2013","126.26","0.00","0.00","0.00","0.00","1197","1","","Open","0.00","126.26","0","0.00","American Express","0","03/28/2013","Payment","PAY","277.03","(277.03)"
"137","1","0.00","0.00","0.00","0.00","0.00","0.00","0.00","0.00","0.00","0.00","0.00","224.80","233.79","0.00","Compound","12515","G:12515","Global","0.00","0.00","224.80","233.79","0.00","0.00","8.99","8.99","233.79","1","Paid in Full","0.00","8.99","8.99","01/27/2013","233.79","0.00","0.00","0.00","0.00","705","1","","Open","0.00","233.79","0","0.00","Cash","0","02/28/2013","Payment","PAY","278.02","(278.02)"
"98","1","0.00","0.00","0.00","0.00","0.00","0.00","0.00","0.00","0.00","0.00","0.00","330.21","343.42","0.00","Compound","12516","G:12516","Global","0.00","0.00","330.21","343.42","0.00","0.00","13.21","13.21","343.42","1","Paid in Full","0.00","13.21","13.21","01/27/2013","343.42","0.00","0.00","0.00","0.00","217","1","179","Open","0.00","279.01","0","0.00","Check","0","01/28/2013","Payment","PAY","279.01","(279.01)","289","1","","Open","0.00","1.01","0","0.00","Unknown","0","01/28/2013","Credit","CRED","1.01","(1.01)","2950","1","","Open","0.00","63.40","0","0.00","Discover","0","06/28/2013","Payment","PAY","279.06","(279.06)"
"109","1","0.00","0.00","0.00","0.00","119.83","124.63","0.00","0.00","4.80","4.80","124.63","658.44","684.78","0.00","Compound","12517","G:12517","Global","0.00","0.00","538.61","560.15","0.00","0.00","21.54","21.54","560.15","1","Partially Paid","0.00","26.34","26.34","01/27/2013","684.78","0.00","0.00","0.00","0.00","2365","1","","Open","0.00","280.05","0","0.00","Master Card","0","05/28/2013","Payment","PAY","280.05","(280.05)","5272","1","","Open","0.00","280.10","0","0.00","Other 1","0","10/28/2013","Payment","PAY","280.10","(280.10)"
"108","1","0.00","0.00","0.00","0.00","0.00","0.00","0.00","0.00","0.00","0.00","0.00","428.44","445.58","0.00","Compound","12518","G:12518","Global","0.00","0.00","428.44","445.58","0.00","0.00","17.14","17.14","445.58","1","Paid in Full","0.00","17.14","17.14","01/27/2013","445.58","0.00","0.00","0.00","0.00","1779","1","","Open","0.00","281.04","0","0.00","Visa","0","04/28/2013","Payment","PAY","281.04","(281.04)","4695","1","","Open","0.00","164.54","0","0.00","Electronic Transfer","0","09/28/2013","Payment","PAY","281.09","(281.09)"
"36","1","0.00","0.00","0.00","0.00","197.50","205.40","0.00","0.00","7.90","7.90","205.40","741.82","771.49","0.00","Compound","12520","G:12520","Global","0.00","0.00","544.32","566.09","0.00","0.00","21.77","21.77","566.09","1","Partially Paid","0.00","29.67","29.67","01/27/2013","771.49","0.00","0.00","0.00","0.00","706","1","","Open","0.00","283.02","0","0.00","Cash","0","02/28/2013","Payment","PAY","283.02","(283.02)","3536","1","","Open","0.00","283.07","0","0.00","Japan Credit Bureau (JCB)","0","07/28/2013","Payment","PAY","283.07","(283.07)"
"120","1","0.00","0.00","0.00","0.00","33.73","35.08","0.00","0.00","1.35","1.35","35.08","853.13","887.26","0.00","Compound","12521","G:12521","Global","0.00","0.00","819.40","852.18","0.00","0.00","32.78","32.78","852.18","1","Partially Paid","0.00","34.13","34.13","01/27/2013","887.26","0.00","0.00","0.00","0.00","218","1","184","Open","0.00","284.01","0","0.00","Check","0","01/28/2013","Payment","PAY","284.01","(284.01)","2951","1","","Open","0.00","284.06","0","0.00","Discover","0","06/28/2013","Payment","PAY","284.06","(284.06)","5842","0","","Open","0.00","284.11","0","0.00","Other 2","0","11/28/2013","Payment","PAY","284.11","(284.11)"
"99","1","0.00","0.00","0.00","0.00","381.44","396.70","0.00","0.00","15.26","15.26","396.70","929.66","966.85","0.00","Compound","12522","G:12522","Global","0.00","0.00","548.22","570.15","0.00","0.00","21.93","21.93","570.15","1","Partially Paid","0.00","37.19","37.19","01/27/2013","966.85","0.00","0.00","0.00","0.00","2366","1","","Open","0.00","285.05","0","0.00","Master Card","0","05/28/2013","Payment","PAY","285.05","(285.05)","5273","1","","Open","0.00","285.10","0","0.00","Other 1","0","10/28/2013","Payment","PAY","285.10","(285.10)"
"132","1","0.00","0.00","0.00","0.00","624.75","649.74","0.00","0.00","24.99","24.99","649.74","1176.78","1223.85","0.00","Compound","12524","G:12524","Global","0.00","0.00","552.03","574.11","0.00","0.00","22.08","22.08","574.11","1","Partially Paid","0.00","47.07","47.07","01/27/2013","1223.85","0.00","0.00","0.00","0.00","1199","1","","Open","0.00","287.03","0","0.00","American Express","0","03/28/2013","Payment","PAY","287.03","(287.03)","4117","1","","Open","0.00","287.08","0","0.00","Debit Card","0","08/28/2013","Payment","PAY","287.08","(287.08)"
"81","1","0.00","0.00","0.00","0.00","0.00","0.00","0.00","0.00","0.00","0.00","0.00","123.70","128.65","0.00","Compound","12525","G:12525","Global","0.00","0.00","123.70","128.65","0.00","0.00","4.95","4.95","128.65","1","Paid in Full","0.00","4.95","4.95","01/27/2013","128.65","0.00","0.00","0.00","0.00","290","1","","Open","0.00","1.01","0","0.00","Unknown","0","01/28/2013","Credit","CRED","1.01","(1.01)","707","1","","Open","0.00","127.64","0","0.00","Cash","0","02/28/2013","Payment","PAY","288.02","(288.02)"
"139","1","0.00","0.00","0.00","0.00","0.00","0.00","0.00","0.00","0.00","0.00","0.00","229.00","238.16","0.00","Compound","12526","G:12526","Global","0.00","0.00","229.00","238.16","0.00","0.00","9.16","9.16","238.16","1","Paid in Full","0.00","9.16","9.16","01/27/2013","238.16","0.00","0.00","0.00","0.00","219","1","189","Open","0.00","238.16","0","0.00","Check","0","01/28/2013","Payment","PAY","289.01","(289.01)"
"58","1","0.00","0.00","0.00","0.00","0.00","0.00","0.00","0.00","0.00","0.00","0.00","323.52","336.46","0.00","Compound","12527","G:12527","Global","0.00","0.00","323.52","336.46","0.00","0.00","12.94","12.94","336.46","1","Paid in Full","0.00","12.94","12.94","01/27/2013","336.46","0.00","0.00","0.00","0.00","2367","1","","Open","0.00","290.05","0","0.00","Master Card","0","05/28/2013","Payment","PAY","290.05","(290.05)","5274","1","","Open","0.00","46.41","0","0.00","Other 1","0","10/28/2013","Payment","PAY","290.10","(290.10)"
"23","1","0.00","0.00","0.00","0.00","73.33","76.27","0.00","0.00","2.94","2.94","76.27","633.08","658.40","0.00","Compound","12528","G:12528","Global","0.00","0.00","559.75","582.13","0.00","0.00","22.38","22.38","582.13","1","Partially Paid","0.00","25.32","25.32","01/27/2013","658.40","0.00","0.00","0.00","0.00","1781","1","","Open","0.00","291.04","0","0.00","Visa","0","04/28/2013","Payment","PAY","291.04","(291.04)","4697","1","","Open","0.00","291.09","0","0.00","Electronic Transfer","0","09/28/2013","Payment","PAY","291.09","(291.09)"
"59","1","0.00","0.00","0.00","0.00","0.00","0.00","0.00","0.00","0.00","0.00","0.00","441.50","459.16","0.00","Compound","12529","G:12529","Global","0.00","0.00","441.50","459.16","0.00","0.00","17.66","17.66","459.16","1","Paid in Full","0.00","17.66","17.66","01/27/2013","459.16","0.00","0.00","0.00","0.00","1200","1","","Open","0.00","292.03","0","0.00","American Express","0","03/28/2013","Payment","PAY","292.03","(292.03)","4118","1","","Open","0.00","167.13","0","0.00","Debit Card","0","08/28/2013","Payment","PAY","292.08","(292.08)"
"25","1","0.00","0.00","0.00","0.00","0.00","0.00","0.00","0.00","0.00","0.00","0.00","749.81","779.80","0.00","Compound","12531","G:12531","Global","0.00","0.00","749.81","779.80","0.00","0.00","29.99","29.99","779.80","1","Paid in Full","0.00","29.99","29.99","01/27/2013","779.80","0.00","0.00","0.00","0.00","220","1","194","Open","0.00","294.01","0","0.00","Check","0","01/28/2013","Payment","PAY","294.01","(294.01)","2953","1","","Open","0.00","294.06","0","0.00","Discover","0","06/28/2013","Payment","PAY","294.06","(294.06)","5844","0","","Open","0.00","191.73","0","0.00","Other 2","0","11/28/2013","Payment","PAY","294.11","(294.11)"
"45","1","0.00","0.00","0.00","0.00","261.98","272.46","0.00","0.00","10.48","10.48","272.46","829.43","862.61","0.00","Compound","12532","G:12532","Global","0.00","0.00","567.45","590.15","0.00","0.00","22.70","22.70","590.15","1","Partially Paid","0.00","33.18","33.18","01/27/2013","862.61","0.00","0.00","0.00","0.00","2368","1","","Open","0.00","295.05","0","0.00","Master Card","0","05/28/2013","Payment","PAY","295.05","(295.05)","5275","1","","Open","0.00","295.10","0","0.00","Other 1","0","10/28/2013","Payment","PAY","295.10","(295.10)"
"112","1","0.00","0.00","0.00","0.00","939.87","977.46","0.00","0.00","37.59","37.59","977.46","939.87","977.46","0.00","Compound","12533","G:12533","Global","0.00","0.00","0.00","0.00","0.00","0.00","0.00","0.00","0.00","1","Unpaid","0.00","37.59","37.59","01/27/2013","977.46","0.00","0.00","0.00","0.00"
"100","1","0.00","0.00","0.00","0.00","821.93","854.81","0.00","0.00","32.88","32.88","854.81","1155.62","1201.84","0.00","Compound","12535","G:12535","Global","0.00","0.00","333.69","347.03","0.00","0.00","13.34","13.34","347.03","1","Partially Paid","0.00","46.22","46.22","01/27/2013","1201.84","0.00","0.00","0.00","0.00","176","1","","Open","0.00","49.01","0","0.00","Unknown","0","01/28/2013","Discount","DISC","49.01","(49.01)","709","1","","Open","0.00","298.02","0","0.00","Cash","0","02/28/2013","Payment","PAY","298.02","(298.02)"
"156","1","0.00","0.00","0.00","0.00","0.00","0.00","0.00","0.00","0.00","0.00","0.00","125.03","130.03","0.00","Compound","12536","G:12536","Global","0.00","0.00","125.03","130.03","0.00","0.00","5.00","5.00","130.03","1","Paid in Full","0.00","5.00","5.00","01/27/2013","130.03","0.00","0.00","0.00","0.00","221","1","199","Open","0.00","130.03","0","0.00","Check","0","01/28/2013","Payment","PAY","299.01","(299.01)"
"172","1","0.00","0.00","0.00","0.00","1084.83","1128.22","0.00","0.00","43.39","43.39","1128.22","1084.83","1128.22","0.00","Compound","12537","G:12537","Global","0.00","0.00","0.00","0.00","0.00","0.00","0.00","0.00","0.00","1","Unpaid","0.00","43.39","43.39","01/27/2013","1128.22","0.00","0.00","0.00","0.00"
"82","1","0.00","0.00","0.00","0.00","874.32","909.29","0.00","0.00","34.97","34.97","909.29","874.32","909.29","0.00","Compound","12538","G:12538","Global","0.00","0.00","0.00","0.00","0.00","0.00","0.00","0.00","0.00","1","Unpaid","0.00","34.97","34.97","01/27/2013","909.29","0.00","0.00","0.00","0.00"
"37","1","0.00","0.00","0.00","0.00","0.00","0.00","0.00","0.00","0.00","0.00","0.00","268.93","279.69","0.00","Compound","12539","G:12539","Global","0.00","0.00","268.93","279.69","0.00","0.00","10.76","10.76","279.69","1","Paid in Full","0.00","10.76","10.76","01/27/2013","279.69","0.00","0.00","0.00","0.00","710","1","","Open","0.00","279.69","0","0.00","Cash","0","02/28/2013","Payment","PAY","303.02","(303.02)"
"122","1","0.00","0.00","0.00","0.00","1634.76","1700.15","0.00","0.00","65.39","65.39","1700.15","1634.76","1700.15","0.00","Compound","12541","G:12541","Global","0.00","0.00","0.00","0.00","0.00","0.00","0.00","0.00","0.00","1","Unpaid","0.00","65.39","65.39","01/27/2013","1700.15","0.00","0.00","0.00","0.00"
"121","1","0.00","0.00","0.00","0.00","1852.72","1926.83","0.00","0.00","74.11","74.11","1926.83","1853.69","1927.84","0.00","Compound","12542","G:12542","Global","0.00","0.00","0.97","1.01","0.00","0.00","0.04","0.04","1.01","1","Partially Paid","0.00","74.15","74.15","01/27/2013","1927.84","0.00","0.00","0.00","0.00","292","1","","Open","0.00","1.01","0","0.00","Unknown","0","01/28/2013","Credit","CRED","1.01","(1.01)"
"153","1","0.00","0.00","0.00","0.00","2751.44","2861.50","0.00","0.00","110.06","110.06","2861.50","2751.44","2861.50","0.00","Compound","12543","G:12543","Global","0.00","0.00","0.00","0.00","0.00","0.00","0.00","0.00","0.00","1","Unpaid","0.00","110.06","110.06","01/27/2013","2861.50","0.00","0.00","0.00","0.00"
"38","1","0.00","0.00","0.00","0.00","740.21","769.82","0.00","0.00","29.61","29.61","769.82","740.21","769.82","0.00","Compound","12545","G:12545","Global","0.00","0.00","0.00","0.00","0.00","0.00","0.00","0.00","0.00","1","Unpaid","0.00","29.61","29.61","01/27/2013","769.82","0.00","0.00","0.00","0.00"
"40","1","0.00","0.00","0.00","0.00","0.00","0.00","0.00","0.00","0.00","0.00","0.00","238.92","248.48","0.00","Compound","12546","G:12546","Global","0.00","0.00","238.92","248.48","0.00","0.00","9.56","9.56","248.48","1","Paid in Full","0.00","9.56","9.56","01/27/2013","248.48","0.00","0.00","0.00","0.00","224","1","210","Open","0.00","248.48","0","0.00","Check","0","01/28/2013","Payment","PAY","310.01","(310.01)"
"42","1","0.00","0.00","0.00","0.00","750.44","780.46","0.00","0.00","30.02","30.02","780.46","750.44","780.46","0.00","Compound","12547","G:12547","Global","0.00","0.00","0.00","0.00","0.00","0.00","0.00","0.00","0.00","1","Unpaid","0.00","30.02","30.02","01/27/2013","780.46","0.00","0.00","0.00","0.00"
"39","1","0.00","0.00","0.00","0.00","461.18","479.63","0.00","0.00","18.45","18.45","479.63","461.18","479.63","0.00","Compound","12548","G:12548","Global","0.00","0.00","0.00","0.00","0.00","0.00","0.00","0.00","0.00","1","Unpaid","0.00","18.45","18.45","01/27/2013","479.63","0.00","0.00","0.00","0.00"
"41","1","0.00","0.00","0.00","0.00","952.23","990.32","0.00","0.00","38.09","38.09","990.32","1253.21","1303.34","0.00","Compound","12549","G:12549","Global","0.00","0.00","300.98","313.02","0.00","0.00","12.04","12.04","313.02","1","Partially Paid","0.00","50.13","50.13","01/27/2013","1303.34","0.00","0.00","0.00","0.00","714","1","","Open","0.00","313.02","0","0.00","Cash","0","02/28/2013","Payment","PAY","313.02","(313.02)"
"24","1","0.00","0.00","0.00","0.00","0.00","0.00","0.00","0.00","0.00","0.00","0.00","113.99","118.55","0.00","Compound","12550","G:12550","Global","0.00","0.00","113.99","118.55","0.00","0.00","4.56","4.56","118.55","1","Paid in Full","0.00","4.56","4.56","01/27/2013","118.55","0.00","0.00","0.00","0.00","225","1","214","Open","0.00","118.55","0","0.00","Check","0","01/28/2013","Payment","PAY","314.01","(314.01)"
"83","1","0.00","0.00","0.00","0.00","1030.75","1071.98","0.00","0.00","41.23","41.23","1071.98","1030.75","1071.98","0.00","Compound","12552","G:12552","Global","0.00","0.00","0.00","0.00","0.00","0.00","0.00","0.00","0.00","1","Unpaid","0.00","41.23","41.23","01/27/2013","1071.98","0.00","0.00","0.00","0.00"
"123","1","0.00","0.00","0.00","0.00","0.00","0.00","0.00","0.00","0.00","0.00","0.00","296.85","308.72","0.00","Compound","12553","G:12553","Global","0.00","0.00","296.85","308.72","0.00","0.00","11.87","11.87","308.72","1","Paid in Full","0.00","11.87","11.87","01/27/2013","308.72","0.00","0.00","0.00","0.00","228","1","229","Open","0.00","308.72","0","0.00","Check","0","01/28/2013","Payment","PAY","329.01","(329.01)"
"111","1","0.00","0.00","0.00","0.00","395.80","411.63","0.00","0.00","15.83","15.83","411.63","395.80","411.63","0.00","Compound","12554","G:12554","Global","0.00","0.00","0.00","0.00","0.00","0.00","0.00","0.00","0.00","1","Unpaid","0.00","15.83","15.83","01/27/2013","411.63","0.00","0.00","0.00","0.00"
"590","1","0.00","0.00","0.00","0.00","201.79","209.83","0.00","0.00","8.04","8.04","209.83","1176.11","1223.15","2.10","Compound","12555","G:12555","Global","0.00","0.00","974.32","1013.32","2.10","0.00","39.00","39.00","1015.42","1","Partially Paid","0.00","47.04","47.04","02/27/2013","1225.25","0.00","0.00","0.00","0.00","591","1","","Open","0.00","22.91","0","2.10","Unknown","0","02/27/2013","Payment","PAY","25.01","(25.01)","664","1","","Open","0.00","75.73","0","0.00","Cash","0","02/28/2013","Payment","PAY","101.02","(101.02)","754","1","","Open","0.00","2.02","0","0.00","Unknown","0","02/28/2013","Credit","CRED","2.02","(2.02)","1156","1","","Open","0.00","101.03","0","0.00","American Express","0","03/28/2013","Payment","PAY","101.03","(101.03)","1245","1","","Open","0.00","3.03","0","0.00","Unknown","0","03/28/2013","Credit","CRED","3.03","(3.03)","1737","1","","Open","0.00","101.04","0","0.00","Visa","0","04/28/2013","Payment","PAY","101.04","(101.04)","2325","1","","Open","0.00","101.05","0","0.00","Master Card","0","05/28/2013","Payment","PAY","101.05","(101.05)","2910","1","","Open","0.00","101.06","0","0.00","Discover","0","06/28/2013","Payment","PAY","101.06","(101.06)","3494","1","","Open","0.00","101.07","0","0.00","Japan Credit Bureau (JCB)","0","07/28/2013","Payment","PAY","101.07","(101.07)","4074","1","","Open","0.00","101.08","0","0.00","Debit Card","0","08/28/2013","Payment","PAY","101.08","(101.08)","4653","1","","Open","0.00","101.09","0","0.00","Electronic Transfer","0","09/28/2013","Payment","PAY","101.09","(101.09)","5232","1","","Open","0.00","101.10","0","0.00","Other 1","0","10/28/2013","Payment","PAY","101.10","(101.10)","5801","0","","Open","0.00","101.11","0","0.00","Other 2","0","11/28/2013","Payment","PAY","101.11","(101.11)"
"482","1","0.00","0.00","0.00","0.00","0.00","0.00","0.00","0.00","0.00","0.00","0.00","123.62","128.56","3.57","Compound","12556","G:12556","Global","0.00","0.00","123.62","128.56","3.57","0.00","4.94","4.94","132.13","1","Paid in Full","0.00","4.94","4.94","02/27/2013","132.13","0.00","0.00","0.00","0.00","483","1","","Open","0.00","21.44","0","3.57","Unknown","0","02/27/2013","Payment","PAY","25.01","(25.01)","755","1","","Open","0.00","2.02","0","0.00","Unknown","0","02/28/2013","Credit","CRED","2.02","(2.02)","1157","1","","Open","0.00","66.79","0","0.00","American Express","0","03/28/2013","Payment","PAY","102.03","(102.03)","1246","1","","Open","0.00","3.03","0","0.00","Unknown","0","03/28/2013","Credit","CRED","3.03","(3.03)","1738","1","","Open","0.00","35.28","0","0.00","Visa","0","04/28/2013","Payment","PAY","102.04","(102.04)"
"647","1","0.00","0.00","0.00","0.00","0.00","0.00","0.00","0.00","0.00","0.00","0.00","228.87","238.02","5.00","Compound","12557","G:12557","Global","0.00","0.00","228.87","238.02","5.00","0.00","9.15","9.15","243.02","1","Paid in Full","0.00","9.15","9.15","02/27/2013","243.02","0.00","0.00","0.00","0.00","648","1","","Open","0.00","20.01","0","5.00","Unknown","0","02/27/2013","Payment","PAY","25.01","(25.01)","756","1","","Open","0.00","2.02","0","0.00","Unknown","0","02/28/2013","Credit","CRED","2.02","(2.02)","1247","1","","Open","0.00","3.03","0","0.00","Unknown","0","03/28/2013","Credit","CRED","3.03","(3.03)","1739","1","","Open","0.00","70.22","0","0.00","Visa","0","04/28/2013","Payment","PAY","103.04","(103.04)","2327","1","","Open","0.00","103.05","0","0.00","Master Card","0","05/28/2013","Payment","PAY","103.05","(103.05)","2912","1","","Open","0.00","39.69","0","0.00","Discover","0","06/28/2013","Payment","PAY","103.06","(103.06)"
"367","1","0.00","0.00","0.00","0.00","0.00","0.00","0.00","0.00","0.00","0.00","0.00","323.33","336.26","7.39","Compound","12558","G:12558","Global","0.00","0.00","323.33","336.26","7.39","0.00","12.93","12.93","343.65","1","Paid in Full","0.00","12.93","12.93","02/27/2013","343.65","0.00","0.00","0.00","0.00","368","1","","Open","0.00","17.62","0","7.39","Unknown","0","02/27/2013","Payment","PAY","25.01","(25.01)","757","1","","Open","0.00","2.02","0","0.00","Unknown","0","02/28/2013","Credit","CRED","2.02","(2.02)","1248","1","","Open","0.00","3.03","0","0.00","Unknown","0","03/28/2013","Credit","CRED","3.03","(3.03)","3497","1","","Open","0.00","58.44","0","0.00","Japan Credit Bureau (JCB)","0","07/28/2013","Payment","PAY","104.07","(104.07)","4077","1","","Open","0.00","104.08","0","0.00","Debit Card","0","08/28/2013","Payment","PAY","104.08","(104.08)","4656","1","","Open","0.00","104.09","0","0.00","Electronic Transfer","0","09/28/2013","Payment","PAY","104.09","(104.09)","5235","1","","Open","0.00","46.98","0","0.00","Other 1","0","10/28/2013","Payment","PAY","104.10","(104.10)"
"311","1","0.00","0.00","0.00","0.00","0.00","0.00","0.00","0.00","0.00","0.00","0.00","632.71","658.02","7.41","Compound","12559","G:12559","Global","0.00","0.00","632.71","658.02","7.41","0.00","25.31","25.31","665.43","1","Paid in Full","0.00","25.31","25.31","02/27/2013","665.43","0.00","0.00","0.00","0.00","312","1","","Open","0.00","17.60","0","7.41","Unknown","0","02/27/2013","Payment","PAY","25.01","(25.01)","758","1","","Open","0.00","2.02","0","0.00","Unknown","0","02/28/2013","Credit","CRED","2.02","(2.02)","1249","1","","Open","0.00","3.03","0","0.00","Unknown","0","03/28/2013","Credit","CRED","3.03","(3.03)","1831","1","","Open","0.00","4.04","0","0.00","Unknown","0","04/28/2013","Credit","CRED","4.04","(4.04)","2329","1","","Open","0.00","84.77","0","0.00","Master Card","0","05/28/2013","Payment","PAY","105.05","(105.05)","2914","1","","Open","0.00","105.06","0","0.00","Discover","0","06/28/2013","Payment","PAY","105.06","(105.06)","3498","1","","Open","0.00","105.07","0","0.00","Japan Credit Bureau (JCB)","0","07/28/2013","Payment","PAY","105.07","(105.07)","4078","1","","Open","0.00","105.08","0","0.00","Debit Card","0","08/28/2013","Payment","PAY","105.08","(105.08)","4657","1","","Open","0.00","105.09","0","0.00","Electronic Transfer","0","09/28/2013","Payment","PAY","105.09","(105.09)","5236","1","","Open","0.00","105.10","0","0.00","Other 1","0","10/28/2013","Payment","PAY","105.10","(105.10)","5805","0","","Open","0.00","21.16","0","0.00","Other 2","0","11/28/2013","Payment","PAY","105.11","(105.11)"
"378","1","0.00","0.00","0.00","0.00","234.37","243.74","0.00","0.00","9.37","9.37","243.74","441.25","458.90","0.00","Compound","12560","G:12560","Global","0.00","0.00","206.88","215.16","0.00","0.00","8.28","8.28","215.16","1","Partially Paid","0.00","17.65","17.65","02/27/2013","458.90","0.00","0.00","0.00","0.00","1250","1","","Open","0.00","3.03","0","0.00","Unknown","0","03/28/2013","Credit","CRED","3.03","(3.03)","1742","1","","Open","0.00","106.04","0","0.00","Visa","0","04/28/2013","Payment","PAY","106.04","(106.04)","4658","1","","Open","0.00","106.09","0","0.00","Electronic Transfer","0","09/28/2013","Payment","PAY","106.09","(106.09)"
"529","1","0.00","0.00","0.00","0.00","287.17","298.66","0.00","0.00","11.49","11.49","298.66","287.89","299.41","1.27","Compound","12561","G:12561","Global","0.00","0.00","0.72","0.75","1.27","0.00","0.03","0.03","2.02","1","Partially Paid","0.00","11.52","11.52","02/27/2013","300.68","0.00","89.43","0.00","0.00","759","1","","Open","0.00","0.75","0","1.27","Unknown","0","02/28/2013","Credit","CRED","2.02","(2.02)"
"314","1","0.00","0.00","0.00","0.00","1082.29","1125.58","1.47","0.00","43.29","43.29","1127.05","1082.29","1125.58","1.47","Compound","12562","G:12562","Global","0.00","0.00","0.00","0.00","0.00","0.00","0.00","0.00","0.00","1","Unpaid","0.00","43.29","43.29","02/27/2013","1127.05","0.00","88.68","0.00","0.00"
"508","1","0.00","0.00","0.00","0.00","2210.37","2298.78","5.64","0.00","88.41","88.41","2304.42","2210.37","2298.78","5.64","Compound","12563","G:12563","Global","0.00","0.00","0.00","0.00","0.00","0.00","0.00","0.00","0.00","1","Unpaid","0.00","88.41","88.41","02/27/2013","2304.42","0.00","66.84","0.00","0.00"
"616","1","0.00","0.00","0.00","0.00","727.63","756.74","0.00","0.00","29.11","29.11","756.74","939.32","976.89","0.00","Compound","12564","G:12564","Global","0.00","0.00","211.69","220.15","0.00","0.00","8.46","8.46","220.15","1","Partially Paid","0.00","37.57","37.57","02/27/2013","976.89","0.00","0.00","0.00","0.00","2330","1","","Open","0.00","110.05","0","0.00","Master Card","0","05/28/2013","Payment","PAY","110.05","(110.05)","5237","1","","Open","0.00","110.10","0","0.00","Other 1","0","10/28/2013","Payment","PAY","110.10","(110.10)"
"608","1","0.00","0.00","0.00","0.00","0.00","0.00","0.00","0.00","0.00","0.00","0.00","0.00","0.00","5.05","Compound","12565","G:12565","Global","0.00","0.00","0.00","0.00","5.05","0.00","0.00","0.00","5.05","1","Paid in Full","0.00","0.00","0.00","02/27/2013","5.05","0.00","0.00","0.00","0.00","609","1","","Open","0.00","0.00","0","5.05","Unknown","0","02/27/2013","Payment","PAY","5.05","(5.05)"
"432","1","0.00","0.00","0.00","0.00","1066.13","1108.78","0.00","0.00","42.65","42.65","1108.78","1154.94","1201.14","0.56","Compound","12566","G:12566","Global","0.00","0.00","88.81","92.36","0.56","0.00","3.55","3.55","92.92","1","Partially Paid","0.00","46.20","46.20","02/27/2013","1201.70","0.00","0.00","0.00","0.00","4080","1","","Open","0.00","92.36","0","0.56","Debit Card","0","08/28/2013","Payment","PAY","112.08","(112.08)"
"433","1","0.00","0.00","0.00","0.00","124.96","129.96","1.00","0.00","5.00","5.00","130.96","124.96","129.96","1.00","Compound","12567","G:12567","Global","0.00","0.00","0.00","0.00","0.00","0.00","0.00","0.00","0.00","1","Unpaid","0.00","5.00","5.00","02/27/2013","130.96","0.00","0.00","0.00","0.00"
"406","1","0.00","0.00","0.00","0.00","222.51","231.41","0.99","0.00","8.90","8.90","232.40","222.51","231.41","0.99","Compound","12568","G:12568","Global","0.00","0.00","0.00","0.00","0.00","0.00","0.00","0.00","0.00","1","Unpaid","0.00","8.90","8.90","02/27/2013","232.40","0.00","0.00","0.00","0.00"
"484","1","0.00","0.00","0.00","0.00","326.88","339.96","2.77","0.00","13.08","13.08","342.73","326.88","339.96","2.77","Compound","12569","G:12569","Global","0.00","0.00","0.00","0.00","0.00","0.00","0.00","0.00","0.00","1","Unpaid","0.00","13.08","13.08","02/27/2013","342.73","0.00","0.00","0.00","0.00"
"407","1","0.00","0.00","0.00","0.00","651.87","677.94","0.00","0.00","26.07","26.07","677.94","651.99","678.07","1.89","Compound","12570","G:12570","Global","0.00","0.00","0.12","0.13","1.89","0.00","0.01","0.01","2.02","1","Partially Paid","0.00","26.08","26.08","02/27/2013","679.96","0.00","0.00","0.00","0.00","760","1","","Open","0.00","0.13","0","1.89","Unknown","0","02/28/2013","Credit","CRED","2.02","(2.02)"
"633","1","0.00","0.00","0.00","0.00","183.18","190.51","0.00","0.00","7.33","7.33","190.51","433.31","450.64","0.00","Compound","12571","G:12571","Global","0.00","0.00","250.13","260.13","0.00","0.00","10.00","10.00","260.13","1","Partially Paid","0.00","17.33","17.33","02/27/2013","450.64","0.00","0.00","0.00","0.00","271","1","","Open","0.00","1.01","0","0.00","Unknown","0","01/28/2013","Credit","CRED","1.01","(1.01)","634","1","","Open","0.00","25.01","0","0.00","Unknown","0","02/27/2013","Payment","PAY","25.01","(25.01)","1163","1","","Open","0.00","117.03","0","0.00","American Express","0","03/28/2013","Payment","PAY","117.03","(117.03)","4081","1","","Open","0.00","117.08","0","0.00","Debit Card","0","08/28/2013","Payment","PAY","117.08","(117.08)"
"445","1","0.00","0.00","0.00","0.00","0.00","0.00","3.28","0.00","0.00","0.00","3.28","0.00","0.00","3.28","Compound","12572","G:12572","Global","0.00","0.00","0.00","0.00","0.00","0.00","0.00","0.00","0.00","1","Unpaid","0.00","0.00","0.00","02/27/2013","3.28","0.00","0.00","0.00","0.00"
"577","1","0.00","0.00","0.00","0.00","728.57","757.71","3.27","0.00","29.14","29.14","760.98","728.57","757.71","3.27","Compound","12573","G:12573","Global","0.00","0.00","0.00","0.00","0.00","0.00","0.00","0.00","0.00","1","Unpaid","0.00","29.14","29.14","02/27/2013","760.98","0.00","0.00","0.00","0.00"
"434","1","0.00","0.00","0.00","0.00","838.04","871.56","4.11","0.00","33.52","33.52","875.67","838.04","871.56","4.11","Compound","12574","G:12574","Global","0.00","0.00","0.00","0.00","0.00","0.00","0.00","0.00","0.00","1","Unpaid","0.00","33.52","33.52","02/27/2013","875.67","0.00","0.00","0.00","0.00"
"623","1","0.00","0.00","0.00","0.00","2683.68","2791.02","0.00","0.00","107.34","107.34","2791.02","2916.49","3033.15","0.00","Compound","12575","G:12575","Global","0.00","0.00","232.81","242.13","0.00","0.00","9.32","9.32","242.13","1","Partially Paid","0.00","116.66","116.66","02/27/2013","3033.15","0.00","0.00","0.00","0.00","1745","1","","Open","0.00","121.04","0","0.00","Visa","0","04/28/2013","Payment","PAY","121.04","(121.04)","4661","1","","Open","0.00","121.09","0","0.00","Electronic Transfer","0","09/28/2013","Payment","PAY","121.09","(121.09)"
"315","1","0.00","0.00","0.00","0.00","0.00","0.00","0.00","0.00","0.00","0.00","0.00","0.00","0.00","0.20","Compound","12576","G:12576","Global","0.00","0.00","0.00","0.00","0.20","0.00","0.00","0.00","0.20","1","Paid in Full","0.00","0.00","0.00","02/27/2013","0.20","0.00","0.00","0.00","0.00","1164","1","","Open","0.00","0.00","0","0.20","American Express","0","03/28/2013","Payment","PAY","122.03","(122.03)"
"369","1","0.00","0.00","0.00","0.00","359.96","374.36","0.00","0.00","14.40","14.40","374.36","560.34","582.75","0.27","Compound","12577","G:12577","Global","0.00","0.00","200.38","208.39","0.27","0.00","8.01","8.01","208.66","1","Partially Paid","0.00","22.41","22.41","02/27/2013","583.02","0.00","0.00","0.00","0.00","370","1","","Open","0.00","24.74","0","0.27","Unknown","0","02/27/2013","Payment","PAY","25.01","(25.01)","672","1","","Open","0.00","60.58","0","0.00","Cash","0","02/28/2013","Payment","PAY","123.02","(123.02)","3502","1","","Open","0.00","123.07","0","0.00","Japan Credit Bureau (JCB)","0","07/28/2013","Payment","PAY","123.07","(123.07)"
"485","1","0.00","0.00","0.00","0.00","0.00","0.00","1.11","0.00","0.00","0.00","1.11","0.00","0.00","1.11","Compound","12578","G:12578","Global","0.00","0.00","0.00","0.00","0.00","0.00","0.00","0.00","0.00","1","Unpaid","0.00","0.00","0.00","02/27/2013","1.11","0.00","0.00","0.00","0.00"
"316","1","0.00","0.00","0.00","0.00","0.00","0.00","0.00","0.00","0.00","0.00","0.00","11.11","11.55","0.00","Compound","12579","G:12579","Global","0.00","0.00","11.11","11.55","0.00","0.00","0.44","0.44","11.55","1","Paid in Full","0.00","0.44","0.44","02/27/2013","11.55","0.00","0.00","0.00","0.00","761","1","","Open","0.00","2.02","0","0.00","Unknown","0","02/28/2013","Credit","CRED","2.02","(2.02)","2333","1","","Open","0.00","9.53","0","0.00","Master Card","0","05/28/2013","Payment","PAY","125.05","(125.05)"
"548","1","0.00","0.00","0.00","0.00","755.39","785.61","6.46","0.00","30.22","30.22","792.07","755.39","785.61","6.46","Compound","12580","G:12580","Global","0.00","0.00","0.00","0.00","0.00","0.00","0.00","0.00","0.00","1","Unpaid","0.00","30.22","30.22","02/27/2013","792.07","0.00","0.00","0.00","0.00"
"610","1","0.00","0.00","0.00","0.00","1872.83","1947.74","5.60","0.00","74.91","74.91","1953.34","1872.83","1947.74","5.60","Compound","12581","G:12581","Global","0.00","0.00","0.00","0.00","0.00","0.00","0.00","0.00","0.00","1","Unpaid","0.00","74.91","74.91","02/27/2013","1953.34","0.00","0.00","0.00","0.00"
"655","1","0.00","0.00","0.00","0.00","1219.90","1268.70","0.00","0.00","48.80","48.80","1268.70","1466.14","1524.79","0.00","Compound","12582","G:12582","Global","0.00","0.00","246.24","256.09","0.00","0.00","9.85","9.85","256.09","1","Partially Paid","0.00","58.65","58.65","02/27/2013","1524.79","0.00","0.00","0.00","0.00","673","1","","Open","0.00","128.02","0","0.00","Cash","0","02/28/2013","Payment","PAY","128.02","(128.02)","3503","1","","Open","0.00","128.07","0","0.00","Japan Credit Bureau (JCB)","0","07/28/2013","Payment","PAY","128.07","(128.07)"
"446","1","0.00","0.00","0.00","0.00","0.00","0.00","0.00","0.00","0.00","0.00","0.00","0.00","0.00","3.46","Compound","12583","G:12583","Global","0.00","0.00","0.00","0.00","3.46","0.00","0.00","0.00","3.46","1","Paid in Full","0.00","0.00","0.00","02/27/2013","3.46","0.00","0.00","0.00","0.00","447","1","","Open","0.00","0.00","0","3.46","Unknown","0","02/27/2013","Payment","PAY","3.46","(3.46)"
"409","1","0.00","0.00","0.00","0.00","612.72","637.23","3.08","0.00","24.51","24.51","640.31","612.72","637.23","3.08","Compound","12584","G:12584","Global","0.00","0.00","0.00","0.00","0.00","0.00","0.00","0.00","0.00","1","Unpaid","0.00","24.51","24.51","02/27/2013","640.31","0.00","0.00","0.00","0.00"
"313","1","0.00","0.00","0.00","0.00","1146.54","1192.40","5.68","0.00","45.86","45.86","1198.08","1146.54","1192.40","5.68","Compound","12585","G:12585","Global","0.00","0.00","0.00","0.00","0.00","0.00","0.00","0.00","0.00","1","Unpaid","0.00","45.86","45.86","02/27/2013","1198.08","0.00","0.00","0.00","0.00"
"509","1","0.00","0.00","0.00","0.00","1495.15","1554.95","0.00","0.00","59.80","59.80","1554.95","1749.10","1819.06","0.00","Compound","12586","G:12586","Global","0.00","0.00","253.95","264.11","0.00","0.00","10.16","10.16","264.11","1","Partially Paid","0.00","69.96","69.96","02/27/2013","1819.06","0.00","0.00","0.00","0.00","1166","1","","Open","0.00","132.03","0","0.00","American Express","0","03/28/2013","Payment","PAY","132.03","(132.03)","4084","1","","Open","0.00","132.08","0","0.00","Debit Card","0","08/28/2013","Payment","PAY","132.08","(132.08)"
"448","1","0.00","0.00","0.00","0.00","0.00","0.00","4.26","0.00","0.00","0.00","4.26","0.00","0.00","6.28","Compound","12587","G:12587","Global","0.00","0.00","0.00","0.00","2.02","0.00","0.00","0.00","2.02","1","Partially Paid","0.00","0.00","0.00","02/27/2013","6.28","0.00","0.00","0.00","0.00","659","1","","Open","0.00","0.00","0","2.02","Unknown","0","02/28/2013","Write Off","WOFF","2.02","(2.02)"
"317","1","0.00","0.00","0.00","0.00","0.00","0.00","0.00","0.00","0.00","0.00","0.00","68.77","71.52","34.99","Compound","12588","G:12588","Global","0.00","0.00","68.77","71.52","34.99","0.00","2.75","2.75","106.51","1","Paid in Full","0.00","2.75","2.75","02/27/2013","106.51","0.00","0.00","0.00","0.00","187","1","34","Open","0.00","71.52","0","34.99","Check","0","01/28/2013","Payment","PAY","134.01","(134.01)"
"486","1","0.00","0.00","0.00","0.00","180.51","187.73","0.00","0.00","7.22","7.22","187.73","202.98","211.10","1.64","Compound","12589","G:12589","Global","0.00","0.00","22.47","23.37","1.64","0.00","0.90","0.90","25.01","1","Partially Paid","0.00","8.12","8.12","02/27/2013","212.74","0.00","0.00","0.00","0.00","487","1","","Open","0.00","23.37","0","1.64","Unknown","0","02/27/2013","Payment","PAY","25.01","(25.01)"
"564","1","0.00","0.00","0.00","0.00","570.15","592.96","3.66","0.00","22.81","22.81","596.62","570.15","592.96","3.66","Compound","12590","G:12590","Global","0.00","0.00","0.00","0.00","0.00","0.00","0.00","0.00","0.00","1","Unpaid","0.00","22.81","22.81","02/27/2013","596.62","0.00","0.00","0.00","0.00"
"614","1","0.00","0.00","0.00","0.00","979.74","1018.93","8.38","0.00","39.19","39.19","1027.31","979.74","1018.93","8.38","Compound","12591","G:12591","Global","0.00","0.00","0.00","0.00","0.00","0.00","0.00","0.00","0.00","1","Unpaid","0.00","39.19","39.19","02/27/2013","1027.31","0.00","0.00","0.00","0.00"
"481","1","0.00","0.00","0.00","0.00","1024.12","1065.08","3.06","0.00","40.96","40.96","1068.14","1024.12","1065.08","3.06","Compound","12592","G:12592","Global","0.00","0.00","0.00","0.00","0.00","0.00","0.00","0.00","0.00","1","Unpaid","0.00","40.96","40.96","02/27/2013","1068.14","0.00","0.00","0.00","0.00"
"530","1","0.00","0.00","0.00","0.00","506.87","527.14","0.00","0.00","20.27","20.27","527.14","908.00","944.32","0.00","Compound","12593","G:12593","Global","0.00","0.00","401.13","417.18","0.00","0.00","16.05","16.05","417.18","1","Partially Paid","0.00","36.32","36.32","02/27/2013","944.32","0.00","0.00","0.00","0.00","188","1","39","Open","0.00","139.01","0","0.00","Check","0","01/28/2013","Payment","PAY","139.01","(139.01)","2921","1","","Open","0.00","139.06","0","0.00","Discover","0","06/28/2013","Payment","PAY","139.06","(139.06)","5812","0","","Open","0.00","139.11","0","0.00","Other 2","0","11/28/2013","Payment","PAY","139.11","(139.11)"
"449","1","0.00","0.00","0.00","0.00","0.00","0.00","4.08","0.00","0.00","0.00","4.08","0.00","0.00","4.08","Compound","12594","G:12594","Global","0.00","0.00","0.00","0.00","0.00","0.00","0.00","0.00","0.00","1","Unpaid","0.00","0.00","0.00","02/27/2013","4.08","0.00","0.00","0.00","0.00"
"574","1","0.00","0.00","0.00","0.00","750.18","780.19","0.00","0.00","30.01","30.01","780.19","770.47","801.29","3.91","Compound","12595","G:12595","Global","0.00","0.00","20.29","21.10","3.91","0.00","0.81","0.81","25.01","1","Partially Paid","0.00","30.82","30.82","02/27/2013","805.20","0.00","0.00","0.00","0.00","575","1","","Open","0.00","21.10","0","3.91","Unknown","0","02/27/2013","Payment","PAY","25.01","(25.01)"
"624","1","0.00","0.00","0.00","0.00","885.76","921.19","4.43","0.00","35.43","35.43","925.62","885.76","921.19","4.43","Compound","12596","G:12596","Global","0.00","0.00","0.00","0.00","0.00","0.00","0.00","0.00","0.00","1","Unpaid","0.00","35.43","35.43","02/27/2013","925.62","0.00","0.00","0.00","0.00"
"578","1","0.00","0.00","0.00","0.00","726.05","755.09","0.00","0.00","29.04","29.04","755.09","1003.08","1043.20","0.00","Compound","12597","G:12597","Global","0.00","0.00","277.03","288.11","0.00","0.00","11.08","11.08","288.11","1","Partially Paid","0.00","40.12","40.12","02/27/2013","1043.20","0.00","0.00","0.00","0.00","676","1","","Open","0.00","143.02","0","0.00","Cash","0","02/28/2013","Payment","PAY","143.02","(143.02)","763","1","","Open","0.00","2.02","0","0.00","Unknown","0","02/28/2013","Credit","CRED","2.02","(2.02)","3506","1","","Open","0.00","143.07","0","0.00","Japan Credit Bureau (JCB)","0","07/28/2013","Payment","PAY","143.07","(143.07)"
"318","1","0.00","0.00","0.00","0.00","0.00","0.00","4.88","0.00","0.00","0.00","4.88","0.00","0.00","4.88","Compound","12598","G:12598","Global","0.00","0.00","0.00","0.00","0.00","0.00","0.00","0.00","0.00","1","Unpaid","0.00","0.00","0.00","02/27/2013","4.88","0.00","0.00","0.00","0.00"
"576","1","0.00","0.00","0.00","0.00","1086.55","1130.01","0.00","0.00","43.46","43.46","1130.01","1243.76","1293.51","0.54","Compound","12599","G:12599","Global","0.00","0.00","157.21","163.50","0.54","0.00","6.29","6.29","164.04","1","Partially Paid","0.00","49.75","49.75","02/27/2013","1294.05","0.00","0.00","0.00","0.00","2337","1","","Open","0.00","18.40","0","0.54","Master Card","0","05/28/2013","Payment","PAY","145.05","(145.05)","5244","1","","Open","0.00","145.10","0","0.00","Other 1","0","10/28/2013","Payment","PAY","145.10","(145.10)"
"450","1","0.00","0.00","0.00","0.00","65.86","68.49","0.00","0.00","2.63","2.63","68.49","121.27","126.12","0.99","Compound","12600","G:12600","Global","0.00","0.00","55.41","57.63","0.99","0.00","2.22","2.22","58.62","1","Partially Paid","0.00","4.85","4.85","02/27/2013","127.11","0.00","0.00","0.00","0.00","4666","1","","Open","0.00","57.63","0","0.99","Electronic Transfer","0","09/28/2013","Payment","PAY","146.09","(146.09)"
"603","1","0.00","0.00","0.00","0.00","201.91","209.98","0.00","0.00","8.07","8.07","209.98","224.55","233.53","1.46","Compound","12601","G:12601","Global","0.00","0.00","22.64","23.55","1.46","0.00","0.91","0.91","25.01","1","Partially Paid","0.00","8.98","8.98","02/27/2013","234.99","0.00","0.00","0.00","0.00","604","1","","Open","0.00","23.55","0","1.46","Unknown","0","02/27/2013","Payment","PAY","25.01","(25.01)"
"411","1","0.00","0.00","0.00","0.00","329.86","343.05","2.90","0.00","13.19","13.19","345.95","329.86","343.05","2.90","Compound","12602","G:12602","Global","0.00","0.00","0.00","0.00","0.00","0.00","0.00","0.00","0.00","1","Unpaid","0.00","13.19","13.19","02/27/2013","345.95","0.00","0.00","0.00","0.00"
"507","1","0.00","0.00","0.00","0.00","0.00","0.00","1.30","0.00","0.00","0.00","1.30","0.00","0.00","1.30","Compound","12603","G:12603","Global","0.00","0.00","0.00","0.00","0.00","0.00","0.00","0.00","0.00","1","Unpaid","0.00","0.00","0.00","02/27/2013","1.30","0.00","0.00","0.00","0.00"
"565","1","0.00","0.00","0.00","0.00","148.61","154.56","0.00","0.00","5.95","5.95","154.56","437.22","454.71","0.00","Compound","12604","G:12604","Global","0.00","0.00","288.61","300.15","0.00","0.00","11.54","11.54","300.15","1","Partially Paid","0.00","17.49","17.49","02/27/2013","454.71","0.00","0.00","0.00","0.00","2338","1","","Open","0.00","150.05","0","0.00","Master Card","0","05/28/2013","Payment","PAY","150.05","(150.05)","5245","1","","Open","0.00","150.10","0","0.00","Other 1","0","10/28/2013","Payment","PAY","150.10","(150.10)"
"549","1","0.00","0.00","0.00","0.00","0.00","0.00","3.41","0.00","0.00","0.00","3.41","0.00","0.00","3.41","Compound","12605","G:12605","Global","0.00","0.00","0.00","0.00","0.00","0.00","0.00","0.00","0.00","1","Unpaid","0.00","0.00","0.00","02/27/2013","3.41","0.00","0.00","0.00","0.00"
"488","1","0.00","0.00","0.00","0.00","771.26","802.11","1.90","0.00","30.85","30.85","804.01","771.26","802.11","3.92","Compound","12606","G:12606","Global","0.00","0.00","0.00","0.00","2.02","0.00","0.00","0.00","2.02","1","Partially Paid","0.00","30.85","30.85","02/27/2013","806.03","0.00","0.00","0.00","0.00","764","1","","Open","0.00","0.00","0","2.02","Unknown","0","02/28/2013","Credit","CRED","2.02","(2.02)"
"579","1","0.00","0.00","0.00","0.00","863.97","898.53","0.00","0.00","34.56","34.56","898.53","886.67","922.14","4.42","Compound","12607","G:12607","Global","0.00","0.00","22.70","23.61","4.42","0.00","0.91","0.91","28.03","1","Partially Paid","0.00","35.47","35.47","02/27/2013","926.56","0.00","0.00","0.00","0.00","580","1","","Open","0.00","20.59","0","4.42","Unknown","0","02/27/2013","Payment","PAY","25.01","(25.01)","660","1","","Open","0.00","3.02","0","0.00","Unknown","0","02/28/2013","Write Off","WOFF","3.02","(3.02)"
"412","1","0.00","0.00","0.00","0.00","559.68","582.07","0.00","0.00","22.39","22.39","582.07","1004.09","1044.25","0.00","Compound","12608","G:12608","Global","0.00","0.00","444.41","462.18","0.00","0.00","17.77","17.77","462.18","1","Partially Paid","0.00","40.16","40.16","02/27/2013","1044.25","0.00","0.00","0.00","0.00","191","1","54","Open","0.00","154.01","0","0.00","Check","0","01/28/2013","Payment","PAY","154.01","(154.01)","2924","1","","Open","0.00","154.06","0","0.00","Discover","0","06/28/2013","Payment","PAY","154.06","(154.06)","5815","0","","Open","0.00","154.11","0","0.00","Other 2","0","11/28/2013","Payment","PAY","154.11","(154.11)"
"451","1","0.00","0.00","0.00","0.00","0.00","0.00","5.50","0.00","0.00","0.00","5.50","0.00","0.00","5.50","Compound","12609","G:12609","Global","0.00","0.00","0.00","0.00","0.00","0.00","0.00","0.00","0.00","1","Unpaid","0.00","0.00","0.00","02/27/2013","5.50","0.00","0.00","0.00","0.00"
"625","1","0.00","0.00","0.00","0.00","1066.78","1109.45","0.00","0.00","42.67","42.67","1109.45","1244.99","1294.79","0.54","Compound","12610","G:12610","Global","0.00","0.00","178.21","185.34","0.54","0.00","7.13","7.13","185.88","1","Partially Paid","0.00","49.80","49.80","02/27/2013","1295.33","0.00","0.00","0.00","0.00","1752","1","","Open","0.00","29.25","0","0.54","Visa","0","04/28/2013","Payment","PAY","156.04","(156.04)","4668","1","","Open","0.00","156.09","0","0.00","Electronic Transfer","0","09/28/2013","Payment","PAY","156.09","(156.09)"
"510","1","0.00","0.00","0.00","0.00","45.09","46.90","0.00","0.00","1.81","1.81","46.90","121.40","126.26","0.99","Compound","12611","G:12611","Global","0.00","0.00","76.31","79.36","0.99","0.00","3.05","3.05","80.35","1","Partially Paid","0.00","4.86","4.86","02/27/2013","127.25","0.00","0.00","0.00","0.00","4089","1","","Open","0.00","79.36","0","0.99","Debit Card","0","08/28/2013","Payment","PAY","157.08","(157.08)"
"568","1","0.00","0.00","0.00","0.00","224.80","233.79","1.46","0.00","8.99","8.99","235.25","224.80","233.79","1.46","Compound","12612","G:12612","Global","0.00","0.00","0.00","0.00","0.00","0.00","0.00","0.00","0.00","1","Unpaid","0.00","8.99","8.99","02/27/2013","235.25","0.00","0.00","0.00","0.00"
"372","1","0.00","0.00","0.00","0.00","308.31","320.64","0.00","0.00","12.33","12.33","320.64","330.21","343.42","2.23","Compound","12613","G:12613","Global","0.00","0.00","21.90","22.78","2.23","0.00","0.88","0.88","25.01","1","Partially Paid","0.00","13.21","13.21","02/27/2013","345.65","0.00","0.00","0.00","0.00","373","1","","Open","0.00","22.78","0","2.23","Unknown","0","02/27/2013","Payment","PAY","25.01","(25.01)"
"319","1","0.00","0.00","0.00","0.00","658.44","684.78","1.93","0.00","26.34","26.34","686.71","658.44","684.78","1.93","Compound","12614","G:12614","Global","0.00","0.00","0.00","0.00","0.00","0.00","0.00","0.00","0.00","1","Unpaid","0.00","26.34","26.34","02/27/2013","686.71","0.00","0.00","0.00","0.00"
"320","1","0.00","0.00","0.00","0.00","129.36","134.53","0.00","0.00","5.17","5.17","134.53","441.04","458.68","0.00","Compound","12615","G:12615","Global","0.00","0.00","311.68","324.15","0.00","0.00","12.47","12.47","324.15","1","Partially Paid","0.00","17.64","17.64","02/27/2013","458.68","0.00","0.00","0.00","0.00","765","1","","Open","0.00","2.02","0","0.00","Unknown","0","02/28/2013","Credit","CRED","2.02","(2.02)","1753","1","","Open","0.00","161.04","0","0.00","Visa","0","04/28/2013","Payment","PAY","161.04","(161.04)","4669","1","","Open","0.00","161.09","0","0.00","Electronic Transfer","0","09/28/2013","Payment","PAY","161.09","(161.09)"
"321","1","0.00","0.00","0.00","0.00","0.00","0.00","3.34","0.00","0.00","0.00","3.34","0.00","0.00","3.34","Compound","12616","G:12616","Global","0.00","0.00","0.00","0.00","0.00","0.00","0.00","0.00","0.00","1","Unpaid","0.00","0.00","0.00","02/27/2013","3.34","0.00","0.00","0.00","0.00"
"615","1","0.00","0.00","0.00","0.00","749.02","778.98","3.73","0.00","29.96","29.96","782.71","749.02","778.98","3.73","Compound","12617","G:12617","Global","0.00","0.00","0.00","0.00","0.00","0.00","0.00","0.00","0.00","1","Unpaid","0.00","29.96","29.96","02/27/2013","782.71","0.00","0.00","0.00","0.00"
"393","1","0.00","0.00","0.00","0.00","828.53","861.67","3.53","0.00","33.14","33.14","865.20","828.53","861.67","3.53","Compound","12618","G:12618","Global","0.00","0.00","0.00","0.00","0.00","0.00","0.00","0.00","0.00","1","Unpaid","0.00","33.14","33.14","02/27/2013","865.20","0.00","0.00","0.00","0.00"
"452","1","0.00","0.00","0.00","0.00","597.36","621.25","0.00","0.00","23.89","23.89","621.25","938.86","976.41","0.00","Compound","12619","G:12619","Global","0.00","0.00","341.50","355.16","0.00","0.00","13.66","13.66","355.16","1","Partially Paid","0.00","37.55","37.55","02/27/2013","976.41","0.00","0.00","0.00","0.00","453","1","","Open","0.00","25.01","0","0.00","Unknown","0","02/27/2013","Payment","PAY","25.01","(25.01)","2341","1","","Open","0.00","165.05","0","0.00","Master Card","0","05/28/2013","Payment","PAY","165.05","(165.05)","5248","1","","Open","0.00","165.10","0","0.00","Other 1","0","10/28/2013","Payment","PAY","165.10","(165.10)"
"550","1","0.00","0.00","0.00","0.00","0.00","0.00","5.05","0.00","0.00","0.00","5.05","0.00","0.00","5.05","Compound","12620","G:12620","Global","0.00","0.00","0.00","0.00","0.00","0.00","0.00","0.00","0.00","1","Unpaid","0.00","0.00","0.00","02/27/2013","5.05","0.00","0.00","0.00","0.00"
"414","1","0.00","0.00","0.00","0.00","959.74","998.13","0.00","0.00","38.39","38.39","998.13","1154.38","1200.56","0.56","Compound","12621","G:12621","Global","0.00","0.00","194.64","202.43","0.56","0.00","7.79","7.79","202.99","1","Partially Paid","0.00","46.18","46.18","02/27/2013","1201.12","0.00","0.00","0.00","0.00","1173","1","","Open","0.00","35.35","0","0.56","American Express","0","03/28/2013","Payment","PAY","167.03","(167.03)","4091","1","","Open","0.00","167.08","0","0.00","Debit Card","0","08/28/2013","Payment","PAY","167.08","(167.08)"
"489","1","0.00","0.00","0.00","0.00","29.48","30.66","0.00","0.00","1.18","1.18","30.66","124.90","129.90","1.00","Compound","12622","G:12622","Global","0.00","0.00","95.42","99.24","1.00","0.00","3.82","3.82","100.24","1","Partially Paid","0.00","5.00","5.00","02/27/2013","130.90","0.00","0.00","0.00","0.00","3511","1","","Open","0.00","99.24","0","1.00","Japan Credit Bureau (JCB)","0","07/28/2013","Payment","PAY","168.07","(168.07)"
"415","1","0.00","0.00","0.00","0.00","135.83","141.27","0.00","0.00","5.44","5.44","141.27","222.40","231.30","70.74","Compound","12623","G:12623","Global","0.00","0.00","86.57","90.03","70.74","0.00","3.46","3.46","160.77","1","Partially Paid","0.00","8.90","8.90","02/27/2013","302.04","0.00","0.00","0.00","0.00","5818","0","","Open","0.00","90.03","0","70.74","Other 2","0","11/28/2013","Payment","PAY","169.11","(169.11)"
"322","1","0.00","0.00","0.00","0.00","326.72","339.79","0.75","0.00","13.07","13.07","340.54","326.72","339.79","2.77","Compound","12624","G:12624","Global","0.00","0.00","0.00","0.00","2.02","0.00","0.00","0.00","2.02","1","Partially Paid","0.00","13.07","13.07","02/27/2013","342.56","0.00","0.00","0.00","0.00","766","1","","Open","0.00","0.00","0","2.02","Unknown","0","02/28/2013","Credit","CRED","2.02","(2.02)"
"374","1","0.00","0.00","0.00","0.00","629.45","654.63","0.00","0.00","25.18","25.18","654.63","651.68","677.75","1.89","Compound","12625","G:12625","Global","0.00","0.00","22.23","23.12","1.89","0.00","0.89","0.89","25.01","1","Partially Paid","0.00","26.07","26.07","02/27/2013","679.64","0.00","0.00","0.00","0.00","375","1","","Open","0.00","23.12","0","1.89","Unknown","0","02/27/2013","Payment","PAY","25.01","(25.01)"
"531","1","0.00","0.00","0.00","0.00","267.69","278.39","0.00","0.00","10.70","10.70","278.39","433.10","450.42","0.00","Compound","12626","G:12626","Global","0.00","0.00","165.41","172.03","0.00","0.00","6.62","6.62","172.03","1","Partially Paid","0.00","17.32","17.32","02/27/2013","450.42","0.00","0.00","0.00","0.00","1174","1","","Open","0.00","172.03","0","0.00","American Express","0","03/28/2013","Payment","PAY","172.03","(172.03)"
"636","1","0.00","0.00","0.00","0.00","0.00","0.00","3.28","0.00","0.00","0.00","3.28","0.00","0.00","3.28","Compound","12627","G:12627","Global","0.00","0.00","0.00","0.00","0.00","0.00","0.00","0.00","0.00","1","Unpaid","0.00","0.00","0.00","02/27/2013","3.28","0.00","0.00","0.00","0.00"
"551","1","0.00","0.00","0.00","0.00","0.00","0.00","3.03","0.00","0.00","0.00","3.03","0.00","0.00","3.03","Compound","12628","G:12628","Global","0.00","0.00","0.00","0.00","0.00","0.00","0.00","0.00","0.00","1","Unpaid","0.00","0.00","0.00","02/27/2013","3.03","0.00","0.00","0.00","0.00"
"416","1","0.00","0.00","0.00","0.00","669.27","696.04","0.00","0.00","26.77","26.77","696.04","837.63","871.14","0.00","Compound","12629","G:12629","Global","0.00","0.00","168.36","175.10","0.00","0.00","6.74","6.74","175.10","1","Partially Paid","0.00","33.51","33.51","02/27/2013","871.14","0.00","0.00","0.00","0.00","5250","1","","Open","0.00","175.10","0","0.00","Other 1","0","10/28/2013","Payment","PAY","175.10","(175.10)"
"626","1","0.00","0.00","0.00","0.00","798.15","830.08","0.00","0.00","31.93","31.93","830.08","967.47","1006.17","0.00","Compound","12630","G:12630","Global","0.00","0.00","169.32","176.09","0.00","0.00","6.77","6.77","176.09","1","Partially Paid","0.00","38.70","38.70","02/27/2013","1006.17","0.00","0.00","0.00","0.00","4672","1","","Open","0.00","176.09","0","0.00","Electronic Transfer","0","09/28/2013","Payment","PAY","176.09","(176.09)"
"637","1","0.00","0.00","0.00","0.00","0.00","0.00","0.00","0.00","0.00","0.00","0.00","0.00","0.00","5.20","Compound","12631","G:12631","Global","0.00","0.00","0.00","0.00","5.20","0.00","0.00","0.00","5.20","1","Paid in Full","0.00","0.00","0.00","02/27/2013","5.20","0.00","0.00","0.00","0.00","638","1","","Open","0.00","0.00","0","5.20","Unknown","0","02/27/2013","Payment","PAY","5.20","(5.20)"
"454","1","0.00","0.00","0.00","0.00","1117.04","1161.71","0.00","0.00","44.67","44.67","1161.71","1166.82","1213.49","0.55","Compound","12632","G:12632","Global","0.00","0.00","49.78","51.78","0.55","0.00","2.00","2.00","52.33","1","Partially Paid","0.00","46.67","46.67","02/27/2013","1214.04","0.00","0.00","0.00","0.00","1258","1","","Open","0.00","2.48","0","0.55","Unknown","0","03/28/2013","Credit","CRED","3.03","(3.03)","3513","1","","Open","0.00","49.30","0","0.00","Japan Credit Bureau (JCB)","0","07/28/2013","Payment","PAY","178.07","(178.07)"
"552","1","0.00","0.00","0.00","0.00","4.56","4.74","0.00","0.00","0.18","0.18","4.74","121.43","126.29","0.25","Compound","12633","G:12633","Global","0.00","0.00","116.87","121.55","0.25","0.00","4.68","4.68","121.80","1","Partially Paid","0.00","4.86","4.86","02/27/2013","126.54","0.00","0.00","0.00","0.00","767","1","","Open","0.00","1.77","0","0.25","Unknown","0","02/28/2013","Credit","CRED","2.02","(2.02)","5820","0","","Open","0.00","119.78","0","0.00","Other 2","0","11/28/2013","Payment","PAY","179.11","(179.11)"
"511","1","0.00","0.00","0.00","0.00","202.78","210.89","0.00","0.00","8.11","8.11","210.89","224.84","233.83","1.43","Compound","12634","G:12634","Global","0.00","0.00","22.06","22.94","1.43","0.00","0.88","0.88","24.37","1","Partially Paid","0.00","8.99","8.99","02/27/2013","235.26","0.00","0.00","0.00","0.00","5251","1","","Open","0.00","22.94","0","1.43","Other 1","0","10/28/2013","Payment","PAY","180.10","(180.10)"
"473","1","0.00","0.00","0.00","0.00","499.23","519.20","4.27","0.00","19.97","19.97","523.47","499.23","519.20","4.27","Compound","12635","G:12635","Global","0.00","0.00","0.00","0.00","0.00","0.00","0.00","0.00","0.00","1","Unpaid","0.00","19.97","19.97","02/27/2013","523.47","0.00","0.00","0.00","0.00"
"512","1","0.00","0.00","0.00","0.00","1196.72","1244.59","3.58","0.00","47.87","47.87","1248.17","1196.72","1244.59","3.58","Compound","12636","G:12636","Global","0.00","0.00","0.00","0.00","0.00","0.00","0.00","0.00","0.00","1","Unpaid","0.00","47.87","47.87","02/27/2013","1248.17","0.00","0.00","0.00","0.00"
"581","1","0.00","0.00","0.00","0.00","791.67","823.34","0.00","0.00","31.67","31.67","823.34","1167.73","1214.44","0.00","Compound","12637","G:12637","Global","0.00","0.00","376.06","391.10","0.00","0.00","15.04","15.04","391.10","1","Partially Paid","0.00","46.71","46.71","02/27/2013","1214.44","0.00","0.00","0.00","0.00","582","1","","Open","0.00","25.01","0","0.00","Unknown","0","02/27/2013","Payment","PAY","25.01","(25.01)","684","1","","Open","0.00","183.02","0","0.00","Cash","0","02/28/2013","Payment","PAY","183.02","(183.02)","3514","1","","Open","0.00","183.07","0","0.00","Japan Credit Bureau (JCB)","0","07/28/2013","Payment","PAY","183.07","(183.07)"
"328","1","0.00","0.00","0.00","0.00","0.00","0.00","0.00","0.00","0.00","0.00","0.00","0.00","0.00","8.87","Compound","12638","G:12638","Global","0.00","0.00","0.00","0.00","8.87","0.00","0.00","0.00","8.87","1","Paid in Full","0.00","0.00","0.00","02/27/2013","8.87","0.00","0.00","0.00","0.00","197","1","84","Open","0.00","0.00","0","8.87","Check","0","01/28/2013","Payment","PAY","184.01","(184.01)"
"327","1","0.00","0.00","0.00","0.00","944.77","982.56","0.00","0.00","37.79","37.79","982.56","950.76","988.79","4.78","Compound","12639","G:12639","Global","0.00","0.00","5.99","6.23","4.78","0.00","0.24","0.24","11.01","1","Partially Paid","0.00","38.03","38.03","02/27/2013","993.57","0.00","0.00","0.00","0.00","256","1","","Open","0.00","6.23","0","4.78","Unknown","0","01/28/2013","Payment","PAY","11.01","(11.01)"
"325","1","0.00","0.00","0.00","0.00","0.00","0.00","0.00","0.00","0.00","0.00","0.00","115.29","119.90","0.57","Compound","12640","G:12640","Global","0.00","0.00","115.29","119.90","0.57","0.00","4.61","4.61","120.47","1","Paid in Full","0.00","4.61","4.61","02/27/2013","120.47","0.00","0.00","0.00","0.00","326","1","","Open","0.00","119.90","0","0.57","Unknown","0","02/27/2013","Payment","PAY","120.47","(120.47)"
"627","1","0.00","0.00","0.00","0.00","2591.21","2694.85","0.00","0.00","103.64","103.64","2694.85","2953.84","3071.99","0.00","Compound","12641","G:12641","Global","0.00","0.00","362.63","377.14","0.00","0.00","14.51","14.51","377.14","1","Partially Paid","0.00","118.15","118.15","02/27/2013","3071.99","0.00","0.00","0.00","0.00","1179","1","","Open","0.00","187.03","0","0.00","American Express","0","03/28/2013","Payment","PAY","187.03","(187.03)","1259","1","","Open","0.00","3.03","0","0.00","Unknown","0","03/28/2013","Credit","CRED","3.03","(3.03)","4097","1","","Open","0.00","187.08","0","0.00","Debit Card","0","08/28/2013","Payment","PAY","187.08","(187.08)"
"323","1","0.00","0.00","0.00","0.00","0.00","0.00","0.00","0.00","0.00","0.00","0.00","0.00","0.00","0.60","Compound","12642","G:12642","Global","0.00","0.00","0.00","0.00","0.60","0.00","0.00","0.00","0.60","1","Paid in Full","0.00","0.00","0.00","02/27/2013","0.60","0.00","0.00","0.00","0.00","687","1","","Open","0.00","0.00","0","0.60","Cash","0","02/28/2013","Payment","PAY","188.02","(188.02)"
"583","1","0.00","0.00","0.00","0.00","2903.39","3019.52","0.00","0.00","116.13","116.13","3019.52","3137.01","3262.49","0.68","Compound","12643","G:12643","Global","0.00","0.00","233.62","242.97","0.68","0.00","9.35","9.35","243.65","1","Partially Paid","0.00","125.48","125.48","02/27/2013","3263.17","0.00","0.00","0.00","0.00","584","1","","Open","0.00","24.33","0","0.68","Unknown","0","02/27/2013","Payment","PAY","25.01","(25.01)","2932","1","","Open","0.00","29.53","0","0.00","Discover","0","06/28/2013","Payment","PAY","189.06","(189.06)","5823","0","","Open","0.00","189.11","0","0.00","Other 2","0","11/28/2013","Payment","PAY","189.11","(189.11)"
"617","1","0.00","0.00","0.00","0.00","370.92","385.76","3.00","0.00","14.84","14.84","388.76","370.92","385.76","3.00","Compound","12644","G:12644","Global","0.00","0.00","0.00","0.00","0.00","0.00","0.00","0.00","0.00","1","Unpaid","0.00","14.84","14.84","02/27/2013","388.76","0.00","0.00","0.00","0.00"
"399","1","0.00","0.00","0.00","0.00","39.17","40.74","0.00","0.00","1.57","1.57","40.74","165.24","171.85","1.06","Compound","12645","G:12645","Global","0.00","0.00","126.07","131.11","1.06","0.00","5.04","5.04","132.17","1","Partially Paid","0.00","6.61","6.61","02/27/2013","172.91","0.00","0.00","0.00","0.00","4677","1","","Open","0.00","131.11","0","1.06","Electronic Transfer","0","09/28/2013","Payment","PAY","191.09","(191.09)"
"417","1","0.00","0.00","0.00","0.00","297.98","309.90","2.55","0.00","11.92","11.92","312.45","297.98","309.90","2.55","Compound","12646","G:12646","Global","0.00","0.00","0.00","0.00","0.00","0.00","0.00","0.00","0.00","1","Unpaid","0.00","11.92","11.92","02/27/2013","312.45","0.00","0.00","0.00","0.00"
"532","1","0.00","0.00","0.00","0.00","1352.41","1406.51","4.05","0.00","54.10","54.10","1410.56","1352.41","1406.51","4.05","Compound","12647","G:12647","Global","0.00","0.00","0.00","0.00","0.00","0.00","0.00","0.00","0.00","1","Unpaid","0.00","54.10","54.10","02/27/2013","1410.56","0.00","0.00","0.00","0.00"
"567","1","0.00","0.00","0.00","0.00","545.40","567.22","0.00","0.00","21.82","21.82","567.22","1105.19","1149.40","0.00","Compound","12648","G:12648","Global","0.00","0.00","559.79","582.18","0.00","0.00","22.39","22.39","582.18","1","Partially Paid","0.00","44.21","44.21","02/27/2013","1149.40","0.00","0.00","0.00","0.00","200","1","94","Open","0.00","194.01","0","0.00","Check","0","01/28/2013","Payment","PAY","194.01","(194.01)","2933","1","","Open","0.00","194.06","0","0.00","Discover","0","06/28/2013","Payment","PAY","194.06","(194.06)","5824","0","","Open","0.00","194.11","0","0.00","Other 2","0","11/28/2013","Payment","PAY","194.11","(194.11)"
"639","1","0.00","0.00","0.00","0.00","0.00","0.00","0.00","0.00","0.00","0.00","0.00","0.00","0.00","10.63","Compound","12649","G:12649","Global","0.00","0.00","0.00","0.00","10.63","0.00","0.00","0.00","10.63","1","Paid in Full","0.00","0.00","0.00","02/27/2013","10.63","0.00","0.00","0.00","0.00","640","1","","Open","0.00","0.00","0","10.63","Unknown","0","02/27/2013","Payment","PAY","10.63","(10.63)"
"641","1","0.00","0.00","0.00","0.00","2413.15","2509.68","12.14","0.00","96.53","96.53","2521.82","2413.15","2509.68","12.14","Compound","12650","G:12650","Global","0.00","0.00","0.00","0.00","0.00","0.00","0.00","0.00","0.00","1","Unpaid","0.00","96.53","96.53","02/27/2013","2521.82","0.00","0.00","0.00","0.00"
"618","1","0.00","0.00","0.00","0.00","2543.39","2645.13","10.58","0.00","101.74","101.74","2655.71","2543.39","2645.13","12.60","Compound","12651","G:12651","Global","0.00","0.00","0.00","0.00","2.02","0.00","0.00","0.00","2.02","1","Partially Paid","0.00","101.74","101.74","02/27/2013","2657.73","0.00","0.00","0.00","0.00","769","1","","Open","0.00","0.00","0","2.02","Unknown","0","02/28/2013","Credit","CRED","2.02","(2.02)"
"431","1","0.00","0.00","0.00","0.00","803.89","836.04","0.00","0.00","32.15","32.15","836.04","995.26","1035.07","0.00","Compound","12652","G:12652","Global","0.00","0.00","191.37","199.03","0.00","0.00","7.66","7.66","199.03","1","Partially Paid","0.00","39.81","39.81","02/27/2013","1035.07","0.00","0.00","0.00","0.00","280","1","","Open","0.00","1.01","0","0.00","Unknown","0","01/28/2013","Credit","CRED","1.01","(1.01)","689","1","","Open","0.00","198.02","0","0.00","Cash","0","02/28/2013","Payment","PAY","198.02","(198.02)"
"394","1","0.00","0.00","0.00","0.00","0.00","0.00","2.53","0.00","0.00","0.00","2.53","0.00","0.00","2.53","Compound","12653","G:12653","Global","0.00","0.00","0.00","0.00","0.00","0.00","0.00","0.00","0.00","1","Unpaid","0.00","0.00","0.00","02/27/2013","2.53","0.00","0.00","0.00","0.00"
"553","1","0.00","0.00","0.00","0.00","2509.04","2609.40","0.00","0.00","100.36","100.36","2609.40","2701.44","2809.50","0.00","Compound","12654","G:12654","Global","0.00","0.00","192.40","200.10","0.00","0.00","7.70","7.70","200.10","1","Partially Paid","0.00","108.06","108.06","02/27/2013","2809.50","0.00","0.00","0.00","0.00","5256","1","","Open","0.00","200.10","0","0.00","Other 1","0","10/28/2013","Payment","PAY","200.10","(200.10)"
"479","1","0.00","0.00","0.00","0.00","98.11","102.04","0.00","0.00","3.93","3.93","102.04","121.21","126.06","0.99","Compound","12655","G:12655","Global","0.00","0.00","23.10","24.02","0.99","0.00","0.92","0.92","25.01","1","Partially Paid","0.00","4.85","4.85","02/27/2013","127.05","0.00","0.00","0.00","0.00","480","1","","Open","0.00","24.02","0","0.99","Unknown","0","02/27/2013","Payment","PAY","25.01","(25.01)"
"554","1","0.00","0.00","0.00","0.00","224.44","233.42","1.46","0.00","8.98","8.98","234.88","224.44","233.42","1.46","Compound","12656","G:12656","Global","0.00","0.00","0.00","0.00","0.00","0.00","0.00","0.00","0.00","1","Unpaid","0.00","8.98","8.98","02/27/2013","234.88","0.00","0.00","0.00","0.00"
"632","1","0.00","0.00","0.00","0.00","329.70","342.89","2.90","0.00","13.19","13.19","345.79","329.70","342.89","2.90","Compound","12657","G:12657","Global","0.00","0.00","0.00","0.00","0.00","0.00","0.00","0.00","0.00","1","Unpaid","0.00","13.19","13.19","02/27/2013","345.79","0.00","0.00","0.00","0.00"
"435","1","0.00","0.00","0.00","0.00","657.45","683.75","106.05","0.00","26.30","26.30","789.80","657.45","683.75","106.05","Compound","12658","G:12658","Global","0.00","0.00","0.00","0.00","0.00","0.00","0.00","0.00","0.00","1","Unpaid","0.00","26.30","26.30","02/27/2013","789.80","0.00","0.00","0.00","0.00"
"514","1","0.00","0.00","0.00","0.00","39.73","41.31","0.00","0.00","1.58","1.58","41.31","437.01","454.49","0.00","Compound","12659","G:12659","Global","0.00","0.00","397.28","413.18","0.00","0.00","15.90","15.90","413.18","1","Partially Paid","0.00","17.48","17.48","02/27/2013","454.49","0.00","0.00","0.00","0.00","1261","1","","Open","0.00","3.03","0","0.00","Unknown","0","03/28/2013","Credit","CRED","3.03","(3.03)","2350","1","","Open","0.00","205.05","0","0.00","Master Card","0","05/28/2013","Payment","PAY","205.05","(205.05)","5257","1","","Open","0.00","205.10","0","0.00","Other 1","0","10/28/2013","Payment","PAY","205.10","(205.10)"
"421","1","0.00","0.00","0.00","0.00","0.00","0.00","1.38","0.00","0.00","0.00","1.38","0.00","0.00","3.40","Compound","12660","G:12660","Global","0.00","0.00","0.00","0.00","2.02","0.00","0.00","0.00","2.02","1","Partially Paid","0.00","0.00","0.00","02/27/2013","3.40","0.00","0.00","0.00","0.00","770","1","","Open","0.00","0.00","0","2.02","Unknown","0","02/28/2013","Credit","CRED","2.02","(2.02)"
"533","1","0.00","0.00","0.00","0.00","750.61","780.64","0.00","0.00","30.03","30.03","780.64","770.90","801.74","3.91","Compound","12661","G:12661","Global","0.00","0.00","20.29","21.10","3.91","0.00","0.81","0.81","25.01","1","Partially Paid","0.00","30.84","30.84","02/27/2013","805.65","0.00","0.00","0.00","0.00","534","1","","Open","0.00","21.10","0","3.91","Unknown","0","02/27/2013","Payment","PAY","25.01","(25.01)"
"329","1","0.00","0.00","0.00","0.00","886.26","921.71","4.43","0.00","35.45","35.45","926.14","886.26","921.71","4.43","Compound","12662","G:12662","Global","0.00","0.00","0.00","0.00","0.00","0.00","0.00","0.00","0.00","1","Unpaid","0.00","35.45","35.45","02/27/2013","926.14","0.00","0.00","0.00","0.00"
"635","1","0.00","0.00","0.00","0.00","400.57","416.60","0.00","0.00","16.03","16.03","416.60","1003.63","1043.78","0.00","Compound","12663","G:12663","Global","0.00","0.00","603.06","627.18","0.00","0.00","24.12","24.12","627.18","1","Partially Paid","0.00","40.15","40.15","02/27/2013","1043.78","0.00","0.00","0.00","0.00","203","1","109","Open","0.00","209.01","0","0.00","Check","0","01/28/2013","Payment","PAY","209.01","(209.01)","2936","1","","Open","0.00","209.06","0","0.00","Discover","0","06/28/2013","Payment","PAY","209.06","(209.06)","5827","0","","Open","0.00","209.11","0","0.00","Other 2","0","11/28/2013","Payment","PAY","209.11","(209.11)"
"455","1","0.00","0.00","0.00","0.00","0.00","0.00","5.50","0.00","0.00","0.00","5.50","0.00","0.00","5.50","Compound","12664","G:12664","Global","0.00","0.00","0.00","0.00","0.00","0.00","0.00","0.00","0.00","1","Unpaid","0.00","0.00","0.00","02/27/2013","5.50","0.00","0.00","0.00","0.00"
"330","1","0.00","0.00","0.00","0.00","960.38","998.80","0.00","0.00","38.42","38.42","998.80","1244.43","1294.21","0.54","Compound","12665","G:12665","Global","0.00","0.00","284.05","295.41","0.54","0.00","11.36","11.36","295.95","1","Partially Paid","0.00","49.78","49.78","02/27/2013","1294.75","0.00","0.00","0.00","0.00","1765","1","","Open","0.00","84.32","0","0.54","Visa","0","04/28/2013","Payment","PAY","211.04","(211.04)","4681","1","","Open","0.00","211.09","0","0.00","Electronic Transfer","0","09/28/2013","Payment","PAY","211.09","(211.09)"
"331","1","0.00","0.00","0.00","0.00","0.00","0.00","0.00","0.00","0.00","0.00","0.00","121.34","126.19","0.99","Compound","12666","G:12666","Global","0.00","0.00","121.34","126.19","0.99","0.00","4.85","4.85","127.18","1","Paid in Full","0.00","4.85","4.85","02/27/2013","127.18","0.00","0.00","0.00","0.00","4102","1","","Open","0.00","126.19","0","0.99","Debit Card","0","08/28/2013","Payment","PAY","212.08","(212.08)"
"376","1","0.00","0.00","0.00","0.00","122.37","127.26","0.00","0.00","4.89","4.89","127.26","224.69","233.68","1.46","Compound","12667","G:12667","Global","0.00","0.00","102.32","106.42","1.46","0.00","4.10","4.10","107.88","1","Partially Paid","0.00","8.99","8.99","02/27/2013","235.14","0.00","0.00","0.00","0.00","377","1","","Open","0.00","23.55","0","1.46","Unknown","0","02/27/2013","Payment","PAY","25.01","(25.01)","3522","1","","Open","0.00","82.87","0","0.00","Japan Credit Bureau (JCB)","0","07/28/2013","Payment","PAY","213.07","(213.07)"
"405","1","0.00","0.00","0.00","0.00","0.00","0.00","2.00","0.00","0.00","0.00","2.00","0.00","0.00","2.00","Compound","12668","G:12668","Global","0.00","0.00","0.00","0.00","0.00","0.00","0.00","0.00","0.00","1","Unpaid","0.00","0.00","0.00","02/27/2013","2.00","0.00","0.00","0.00","0.00"
"437","1","0.00","0.00","0.00","0.00","0.00","0.00","0.00","0.00","0.00","0.00","0.00","0.00","0.00","1.93","Compound","12669","G:12669","Global","0.00","0.00","0.00","0.00","1.93","0.00","0.00","0.00","1.93","1","Paid in Full","0.00","0.00","0.00","02/27/2013","1.93","0.00","0.00","0.00","0.00","771","1","","Open","0.00","0.00","0","1.93","Unknown","0","02/28/2013","Credit","CRED","2.02","(2.02)"
"332","1","0.00","0.00","0.00","0.00","0.00","0.00","3.28","0.00","0.00","0.00","3.28","0.00","0.00","3.28","Compound","12670","G:12670","Global","0.00","0.00","0.00","0.00","0.00","0.00","0.00","0.00","0.00","1","Unpaid","0.00","0.00","0.00","02/27/2013","3.28","0.00","0.00","0.00","0.00"
"585","1","0.00","0.00","0.00","0.00","0.00","0.00","3.78","0.00","0.00","0.00","3.78","0.00","0.00","3.78","Compound","12671","G:12671","Global","0.00","0.00","0.00","0.00","0.00","0.00","0.00","0.00","0.00","1","Unpaid","0.00","0.00","0.00","02/27/2013","3.78","0.00","0.00","0.00","0.00"
"535","1","0.00","0.00","0.00","0.00","0.00","0.00","0.00","0.00","0.00","0.00","0.00","0.00","0.00","3.51","Compound","12672","G:12672","Global","0.00","0.00","0.00","0.00","3.51","0.00","0.00","0.00","3.51","1","Paid in Full","0.00","0.00","0.00","02/27/2013","3.51","0.00","0.00","0.00","0.00","536","1","","Open","0.00","0.00","0","3.51","Unknown","0","02/27/2013","Payment","PAY","3.51","(3.51)"
"382","1","0.00","0.00","0.00","0.00","0.00","0.00","5.05","0.00","0.00","0.00","5.05","0.00","0.00","5.05","Compound","12673","G:12673","Global","0.00","0.00","0.00","0.00","0.00","0.00","0.00","0.00","0.00","1","Unpaid","0.00","0.00","0.00","02/27/2013","5.05","0.00","0.00","0.00","0.00"
"586","1","0.00","0.00","0.00","0.00","0.00","0.00","0.00","0.00","0.00","0.00","0.00","0.00","0.00","0.56","Compound","12674","G:12674","Global","0.00","0.00","0.00","0.00","0.56","0.00","0.00","0.00","0.56","1","Paid in Full","0.00","0.00","0.00","02/27/2013","0.56","0.00","0.00","0.00","0.00","1186","1","","Open","0.00","0.00","0","0.56","American Express","0","03/28/2013","Payment","PAY","222.03","(222.03)"
"587","1","0.00","0.00","0.00","0.00","0.00","0.00","0.00","0.00","0.00","0.00","0.00","0.00","0.00","1.00","Compound","12675","G:12675","Global","0.00","0.00","0.00","0.00","1.00","0.00","0.00","0.00","1.00","1","Paid in Full","0.00","0.00","0.00","02/27/2013","1.00","0.00","0.00","0.00","0.00","3524","1","","Open","0.00","0.00","0","1.00","Japan Credit Bureau (JCB)","0","07/28/2013","Payment","PAY","223.07","(223.07)"
"333","1","0.00","0.00","0.00","0.00","0.00","0.00","0.00","0.00","0.00","0.00","0.00","0.00","0.00","0.52","Compound","12676","G:12676","Global","0.00","0.00","0.00","0.00","0.52","0.00","0.00","0.00","0.52","1","Paid in Full","0.00","0.00","0.00","02/27/2013","0.52","0.00","0.00","0.00","0.00","772","1","","Open","0.00","0.00","0","0.52","Unknown","0","02/28/2013","Credit","CRED","2.02","(2.02)"
"628","1","0.00","0.00","0.00","0.00","0.00","0.00","1.89","0.00","0.00","0.00","1.89","0.00","0.00","1.89","Compound","12677","G:12677","Global","0.00","0.00","0.00","0.00","0.00","0.00","0.00","0.00","0.00","1","Unpaid","0.00","0.00","0.00","02/27/2013","1.89","0.00","0.00","0.00","0.00"
"513","1","0.00","0.00","0.00","0.00","0.00","0.00","3.28","0.00","0.00","0.00","3.28","0.00","0.00","3.28","Compound","12678","G:12678","Global","0.00","0.00","0.00","0.00","0.00","0.00","0.00","0.00","0.00","1","Unpaid","0.00","0.00","0.00","02/27/2013","3.28","0.00","0.00","0.00","0.00"
"413","1","0.00","0.00","0.00","0.00","0.00","0.00","0.00","0.00","0.00","0.00","0.00","0.00","0.00","3.77","Compound","12679","G:12679","Global","0.00","0.00","0.00","0.00","3.77","0.00","0.00","0.00","3.77","1","Paid in Full","0.00","0.00","0.00","02/27/2013","3.77","0.00","0.00","0.00","0.00","207","1","129","Open","0.00","0.00","0","3.77","Check","0","01/28/2013","Payment","PAY","229.01","(229.01)"
"418","1","0.00","0.00","0.00","0.00","0.00","0.00","4.11","0.00","0.00","0.00","4.11","0.00","0.00","4.11","Compound","12680","G:12680","Global","0.00","0.00","0.00","0.00","0.00","0.00","0.00","0.00","0.00","1","Unpaid","0.00","0.00","0.00","02/27/2013","4.11","0.00","0.00","0.00","0.00"
"379","1","0.00","0.00","0.00","0.00","0.00","0.00","5.20","0.00","0.00","0.00","5.20","0.00","0.00","5.20","Compound","12681","G:12681","Global","0.00","0.00","0.00","0.00","0.00","0.00","0.00","0.00","0.00","1","Unpaid","0.00","0.00","0.00","02/27/2013","5.20","0.00","0.00","0.00","0.00"
"588","1","0.00","0.00","0.00","0.00","0.00","0.00","0.00","0.00","0.00","0.00","0.00","0.00","0.00","0.55","Compound","12682","G:12682","Global","0.00","0.00","0.00","0.00","0.55","0.00","0.00","0.00","0.55","1","Paid in Full","0.00","0.00","0.00","02/27/2013","0.55","0.00","0.00","0.00","0.00","696","1","","Open","0.00","0.00","0","0.55","Cash","0","02/28/2013","Payment","PAY","233.02","(233.02)"
"456","1","0.00","0.00","0.00","0.00","0.00","0.00","0.00","0.00","0.00","0.00","0.00","0.00","0.00","0.01","Compound","12683","G:12683","Global","0.00","0.00","0.00","0.00","0.01","0.00","0.00","0.00","0.01","1","Paid in Full","0.00","0.00","0.00","02/27/2013","0.01","0.00","0.00","0.00","0.00","2941","1","","Open","0.00","0.00","0","0.01","Discover","0","06/28/2013","Payment","PAY","234.06","(234.06)"
"457","1","0.00","0.00","0.00","0.00","0.00","0.00","0.00","0.00","0.00","0.00","0.00","0.00","0.00","1.43","Compound","12684","G:12684","Global","0.00","0.00","0.00","0.00","1.43","0.00","0.00","0.00","1.43","1","Paid in Full","0.00","0.00","0.00","02/27/2013","1.43","0.00","0.00","0.00","0.00","5263","1","","Open","0.00","0.00","0","1.43","Other 1","0","10/28/2013","Payment","PAY","235.10","(235.10)"
"490","1","0.00","0.00","0.00","0.00","0.00","0.00","2.80","0.00","0.00","0.00","2.80","0.00","0.00","2.80","Compound","12685","G:12685","Global","0.00","0.00","0.00","0.00","0.00","0.00","0.00","0.00","0.00","1","Unpaid","0.00","0.00","0.00","02/27/2013","2.80","0.00","0.00","0.00","0.00"
"334","1","0.00","0.00","0.00","0.00","0.00","0.00","0.00","0.00","0.00","0.00","0.00","0.00","0.00","1.95","Compound","12686","G:12686","Global","0.00","0.00","0.00","0.00","1.95","0.00","0.00","0.00","1.95","1","Paid in Full","0.00","0.00","0.00","02/27/2013","1.95","0.00","0.00","0.00","0.00","335","1","","Open","0.00","0.00","0","1.95","Unknown","0","02/27/2013","Payment","PAY","1.95","(1.95)"
"491","1","0.00","0.00","0.00","0.00","0.00","0.00","142.29","0.00","0.00","0.00","142.29","0.00","0.00","142.29","Compound","12687","G:12687","Global","0.00","0.00","0.00","0.00","0.00","0.00","0.00","0.00","0.00","1","Unpaid","0.00","0.00","0.00","02/27/2013","142.29","0.00","0.00","0.00","0.00"
"438","1","0.00","0.00","0.00","0.00","0.00","0.00","3.66","0.00","0.00","0.00","3.66","0.00","0.00","3.66","Compound","12688","G:12688","Global","0.00","0.00","0.00","0.00","0.00","0.00","0.00","0.00","0.00","1","Unpaid","0.00","0.00","0.00","02/27/2013","3.66","0.00","0.00","0.00","0.00"
"492","1","0.00","0.00","0.00","0.00","0.00","0.00","7.11","0.00","0.00","0.00","7.11","0.00","0.00","7.11","Compound","12689","G:12689","Global","0.00","0.00","0.00","0.00","0.00","0.00","0.00","0.00","0.00","1","Unpaid","0.00","0.00","0.00","02/27/2013","7.11","0.00","0.00","0.00","0.00"
"336","1","0.00","0.00","0.00","0.00","0.00","0.00","0.00","0.00","0.00","0.00","0.00","0.00","0.00","1.13","Compound","12690","G:12690","Global","0.00","0.00","0.00","0.00","1.13","0.00","0.00","0.00","1.13","1","Paid in Full","0.00","0.00","0.00","02/27/2013","1.13","0.00","0.00","0.00","0.00","337","1","","Open","0.00","0.00","0","1.13","Unknown","0","02/27/2013","Payment","PAY","1.13","(1.13)"
"537","1","0.00","0.00","0.00","0.00","0.00","0.00","0.00","0.00","0.00","0.00","0.00","0.00","0.00","0.14","Compound","12691","G:12691","Global","0.00","0.00","0.00","0.00","0.14","0.00","0.00","0.00","0.14","1","Paid in Full","0.00","0.00","0.00","02/27/2013","0.14","0.00","0.00","0.00","0.00","2943","1","","Open","0.00","0.00","0","0.14","Discover","0","06/28/2013","Payment","PAY","244.06","(244.06)"
"595","1","0.00","0.00","0.00","0.00","0.00","0.00","2.82","0.00","0.00","0.00","2.82","0.00","0.00","2.82","Compound","12692","G:12692","Global","0.00","0.00","0.00","0.00","0.00","0.00","0.00","0.00","0.00","1","Unpaid","0.00","0.00","0.00","02/27/2013","2.82","0.00","0.00","0.00","0.00"
"589","1","0.00","0.00","0.00","0.00","0.00","0.00","4.04","0.00","0.00","0.00","4.04","0.00","0.00","4.04","Compound","12693","G:12693","Global","0.00","0.00","0.00","0.00","0.00","0.00","0.00","0.00","0.00","1","Unpaid","0.00","0.00","0.00","02/27/2013","4.04","0.00","0.00","0.00","0.00"
"458","1","0.00","0.00","0.00","0.00","0.00","0.00","3.75","0.00","0.00","0.00","3.75","0.00","0.00","3.75","Compound","12694","G:12694","Global","0.00","0.00","0.00","0.00","0.00","0.00","0.00","0.00","0.00","1","Unpaid","0.00","0.00","0.00","02/27/2013","3.75","0.00","0.00","0.00","0.00"
"383","1","0.00","0.00","0.00","0.00","0.00","0.00","0.00","0.00","0.00","0.00","0.00","0.00","0.00","1.10","Compound","12695","G:12695","Global","0.00","0.00","0.00","0.00","1.10","0.00","0.00","0.00","1.10","1","Paid in Full","0.00","0.00","0.00","02/27/2013","1.10","0.00","0.00","0.00","0.00","3529","1","","Open","0.00","0.00","0","1.10","Japan Credit Bureau (JCB)","0","07/28/2013","Payment","PAY","248.07","(248.07)"
"459","1","0.00","0.00","0.00","0.00","0.00","0.00","2.98","0.00","0.00","0.00","2.98","0.00","0.00","5.00","Compound","12696","G:12696","Global","0.00","0.00","0.00","0.00","2.02","0.00","0.00","0.00","2.02","1","Partially Paid","0.00","0.00","0.00","02/27/2013","5.00","0.00","0.00","0.00","0.00","775","1","","Open","0.00","0.00","0","2.02","Unknown","0","02/28/2013","Credit","CRED","2.02","(2.02)"
"384","1","0.00","0.00","0.00","0.00","0.00","0.00","2.52","0.00","0.00","0.00","2.52","0.00","0.00","2.52","Compound","12697","G:12697","Global","0.00","0.00","0.00","0.00","0.00","0.00","0.00","0.00","0.00","1","Unpaid","0.00","0.00","0.00","02/27/2013","2.52","0.00","0.00","0.00","0.00"
"338","1","0.00","0.00","0.00","0.00","0.00","0.00","0.00","0.00","0.00","0.00","0.00","0.00","0.00","0.12","Compound","12698","G:12698","Global","0.00","0.00","0.00","0.00","0.12","0.00","0.00","0.00","0.12","1","Paid in Full","0.00","0.00","0.00","02/27/2013","0.12","0.00","0.00","0.00","0.00","2945","1","","Open","0.00","0.00","0","0.12","Discover","0","06/28/2013","Payment","PAY","254.06","(254.06)"
"601","1","0.00","0.00","0.00","0.00","0.00","0.00","0.00","0.00","0.00","0.00","0.00","0.00","0.00","1.57","Compound","12699","G:12699","Global","0.00","0.00","0.00","0.00","1.57","0.00","0.00","0.00","1.57","1","Paid in Full","0.00","0.00","0.00","02/27/2013","1.57","0.00","0.00","0.00","0.00","602","1","","Open","0.00","0.00","0","1.57","Unknown","0","02/27/2013","Payment","PAY","1.57","(1.57)"
"410","1","0.00","0.00","0.00","0.00","0.00","0.00","0.00","0.00","0.00","0.00","0.00","0.00","0.00","0.84","Compound","12700","G:12700","Global","0.00","0.00","0.00","0.00","0.84","0.00","0.00","0.00","0.84","1","Paid in Full","0.00","0.00","0.00","02/27/2013","0.84","0.00","0.00","0.00","0.00","1774","1","","Open","0.00","0.00","0","0.84","Visa","0","04/28/2013","Payment","PAY","256.04","(256.04)"
"503","1","0.00","0.00","0.00","0.00","0.00","0.00","2.59","0.00","0.00","0.00","2.59","0.00","0.00","2.59","Compound","12701","G:12701","Global","0.00","0.00","0.00","0.00","0.00","0.00","0.00","0.00","0.00","1","Unpaid","0.00","0.00","0.00","02/27/2013","2.59","0.00","0.00","0.00","0.00"
"439","1","0.00","0.00","0.00","0.00","0.00","0.00","3.24","0.00","0.00","0.00","3.24","0.00","0.00","3.24","Compound","12702","G:12702","Global","0.00","0.00","0.00","0.00","0.00","0.00","0.00","0.00","0.00","1","Unpaid","0.00","0.00","0.00","02/27/2013","3.24","0.00","0.00","0.00","0.00"
"339","1","0.00","0.00","0.00","0.00","0.00","0.00","0.00","0.00","0.00","0.00","0.00","0.00","0.00","3.40","Compound","12703","G:12703","Global","0.00","0.00","0.00","0.00","3.40","0.00","0.00","0.00","3.40","1","Paid in Full","0.00","0.00","0.00","02/27/2013","3.40","0.00","0.00","0.00","0.00","340","1","","Open","0.00","0.00","0","3.40","Unknown","0","02/27/2013","Payment","PAY","3.40","(3.40)"
"440","1","0.00","0.00","0.00","0.00","0.00","0.00","3.91","0.00","0.00","0.00","3.91","0.00","0.00","3.91","Compound","12704","G:12704","Global","0.00","0.00","0.00","0.00","0.00","0.00","0.00","0.00","0.00","1","Unpaid","0.00","0.00","0.00","02/27/2013","3.91","0.00","0.00","0.00","0.00"
"525","1","0.00","0.00","0.00","0.00","0.00","0.00","4.43","0.00","0.00","0.00","4.43","0.00","0.00","4.43","Compound","12705","G:12705","Global","0.00","0.00","0.00","0.00","0.00","0.00","0.00","0.00","0.00","1","Unpaid","0.00","0.00","0.00","02/27/2013","4.43","0.00","0.00","0.00","0.00"
"566","1","0.00","0.00","0.00","0.00","0.00","0.00","5.49","0.00","0.00","0.00","5.49","0.00","0.00","5.49","Compound","12706","G:12706","Global","0.00","0.00","0.00","0.00","0.00","0.00","0.00","0.00","0.00","1","Unpaid","0.00","0.00","0.00","02/27/2013","5.49","0.00","0.00","0.00","0.00"
"538","1","0.00","0.00","0.00","0.00","0.00","0.00","0.00","0.00","0.00","0.00","0.00","0.00","0.00","0.54","Compound","12707","G:12707","Global","0.00","0.00","0.00","0.00","0.54","0.00","0.00","0.00","0.54","1","Paid in Full","0.00","0.00","0.00","02/27/2013","0.54","0.00","0.00","0.00","0.00","1776","1","","Open","0.00","0.00","0","0.54","Visa","0","04/28/2013","Payment","PAY","266.04","(266.04)"
"555","1","0.00","0.00","0.00","0.00","0.00","0.00","0.00","0.00","0.00","0.00","0.00","0.00","0.00","0.99","Compound","12708","G:12708","Global","0.00","0.00","0.00","0.00","0.99","0.00","0.00","0.00","0.99","1","Paid in Full","0.00","0.00","0.00","02/27/2013","0.99","0.00","0.00","0.00","0.00","556","1","","Open","0.00","0.00","0","0.99","Unknown","0","02/27/2013","Payment","PAY","0.99","(0.99)"
"539","1","0.00","0.00","0.00","0.00","0.00","0.00","0.00","0.00","0.00","0.00","0.00","0.00","0.00","1.46","Compound","12709","G:12709","Global","0.00","0.00","0.00","0.00","1.46","0.00","0.00","0.00","1.46","1","Paid in Full","0.00","0.00","0.00","02/27/2013","1.46","0.00","0.00","0.00","0.00","3533","1","","Open","0.00","0.00","0","1.46","Japan Credit Bureau (JCB)","0","07/28/2013","Payment","PAY","268.07","(268.07)"
"643","1","0.00","0.00","0.00","0.00","0.00","0.00","0.00","0.00","0.00","0.00","0.00","0.00","0.00","1.76","Compound","12710","G:12710","Global","0.00","0.00","0.00","0.00","1.76","0.00","0.00","0.00","1.76","1","Paid in Full","0.00","0.00","0.00","02/27/2013","1.76","0.00","0.00","0.00","0.00","777","1","","Open","0.00","0.00","0","1.76","Unknown","0","02/28/2013","Credit","CRED","2.02","(2.02)"
"493","1","0.00","0.00","0.00","0.00","0.00","0.00","0.00","0.00","0.00","0.00","0.00","0.00","0.00","1.93","Compound","12711","G:12711","Global","0.00","0.00","0.00","0.00","1.93","0.00","0.00","0.00","1.93","1","Paid in Full","0.00","0.00","0.00","02/27/2013","1.93","0.00","0.00","0.00","0.00","5270","1","","Open","0.00","0.00","0","1.93","Other 1","0","10/28/2013","Payment","PAY","270.10","(270.10)"
"629","1","0.00","0.00","0.00","0.00","0.00","0.00","3.41","0.00","0.00","0.00","3.41","0.00","0.00","3.41","Compound","12712","G:12712","Global","0.00","0.00","0.00","0.00","0.00","0.00","0.00","0.00","0.00","1","Unpaid","0.00","0.00","0.00","02/27/2013","3.41","0.00","0.00","0.00","0.00"
"644","1","0.00","0.00","0.00","0.00","0.00","0.00","0.00","0.00","0.00","0.00","0.00","0.00","0.00","3.92","Compound","12713","G:12713","Global","0.00","0.00","0.00","0.00","3.92","0.00","0.00","0.00","3.92","1","Paid in Full","0.00","0.00","0.00","02/27/2013","3.92","0.00","0.00","0.00","0.00","645","1","","Open","0.00","0.00","0","3.92","Unknown","0","02/27/2013","Payment","PAY","3.92","(3.92)"
"494","1","0.00","0.00","0.00","0.00","0.00","0.00","178.26","0.00","0.00","0.00","178.26","0.00","0.00","178.26","Compound","12714","G:12714","Global","0.00","0.00","0.00","0.00","0.00","0.00","0.00","0.00","0.00","1","Unpaid","0.00","0.00","0.00","02/27/2013","178.26","0.00","0.00","0.00","0.00"
"570","1","0.00","0.00","0.00","0.00","0.00","0.00","5.50","0.00","0.00","0.00","5.50","0.00","0.00","5.50","Compound","12715","G:12715","Global","0.00","0.00","0.00","0.00","0.00","0.00","0.00","0.00","0.00","1","Unpaid","0.00","0.00","0.00","02/27/2013","5.50","0.00","0.00","0.00","0.00"
"557","1","0.00","0.00","0.00","0.00","0.00","0.00","0.00","0.00","0.00","0.00","0.00","0.00","0.00","0.54","Compound","12716","G:12716","Global","0.00","0.00","0.00","0.00","0.54","0.00","0.00","0.00","0.54","1","Paid in Full","0.00","0.00","0.00","02/27/2013","0.54","0.00","0.00","0.00","0.00","1197","1","","Open","0.00","0.00","0","0.54","American Express","0","03/28/2013","Payment","PAY","277.03","(277.03)"
"572","1","0.00","0.00","0.00","0.00","0.00","0.00","0.00","0.00","0.00","0.00","0.00","0.00","0.00","0.99","Compound","12717","G:12717","Global","0.00","0.00","0.00","0.00","0.99","0.00","0.00","0.00","0.99","1","Paid in Full","0.00","0.00","0.00","02/27/2013","0.99","0.00","0.00","0.00","0.00","705","1","","Open","0.00","0.00","0","0.99","Cash","0","02/28/2013","Payment","PAY","278.02","(278.02)"
"495","1","0.00","0.00","0.00","0.00","0.00","0.00","0.00","0.00","0.00","0.00","0.00","0.00","0.00","0.27","Compound","12718","G:12718","Global","0.00","0.00","0.00","0.00","0.27","0.00","0.00","0.00","0.27","1","Paid in Full","0.00","0.00","0.00","02/27/2013","0.27","0.00","0.00","0.00","0.00","496","1","","Open","0.00","0.00","0","0.27","Unknown","0","02/27/2013","Payment","PAY","0.27","(0.27)"
"516","1","0.00","0.00","0.00","0.00","0.00","0.00","2.91","0.00","0.00","0.00","2.91","0.00","0.00","2.91","Compound","12719","G:12719","Global","0.00","0.00","0.00","0.00","0.00","0.00","0.00","0.00","0.00","1","Unpaid","0.00","0.00","0.00","02/27/2013","2.91","0.00","0.00","0.00","0.00"
"515","1","0.00","0.00","0.00","0.00","0.00","0.00","0.00","0.00","0.00","0.00","0.00","0.00","0.00","1.89","Compound","12720","G:12720","Global","0.00","0.00","0.00","0.00","1.89","0.00","0.00","0.00","1.89","1","Paid in Full","0.00","0.00","0.00","02/27/2013","1.89","0.00","0.00","0.00","0.00","4695","1","","Open","0.00","0.00","0","1.89","Electronic Transfer","0","09/28/2013","Payment","PAY","281.09","(281.09)"
"385","1","0.00","0.00","0.00","0.00","0.00","0.00","3.28","0.00","0.00","0.00","3.28","0.00","0.00","3.28","Compound","12721","G:12721","Global","0.00","0.00","0.00","0.00","0.00","0.00","0.00","0.00","0.00","1","Unpaid","0.00","0.00","0.00","02/27/2013","3.28","0.00","0.00","0.00","0.00"
"540","1","0.00","0.00","0.00","0.00","0.00","0.00","2.56","0.00","0.00","0.00","2.56","0.00","0.00","2.56","Compound","12722","G:12722","Global","0.00","0.00","0.00","0.00","0.00","0.00","0.00","0.00","0.00","1","Unpaid","0.00","0.00","0.00","02/27/2013","2.56","0.00","0.00","0.00","0.00"
"497","1","0.00","0.00","0.00","0.00","0.00","0.00","0.00","0.00","0.00","0.00","0.00","0.00","0.00","4.11","Compound","12723","G:12723","Global","0.00","0.00","0.00","0.00","4.11","0.00","0.00","0.00","4.11","1","Paid in Full","0.00","0.00","0.00","02/27/2013","4.11","0.00","0.00","0.00","0.00","498","1","","Open","0.00","0.00","0","4.11","Unknown","0","02/27/2013","Payment","PAY","4.11","(4.11)"
"558","1","0.00","0.00","0.00","0.00","0.00","0.00","3.18","0.00","0.00","0.00","3.18","0.00","0.00","5.20","Compound","12724","G:12724","Global","0.00","0.00","0.00","0.00","2.02","0.00","0.00","0.00","2.02","1","Partially Paid","0.00","0.00","0.00","02/27/2013","5.20","0.00","0.00","0.00","0.00","779","1","","Open","0.00","0.00","0","2.02","Unknown","0","02/28/2013","Credit","CRED","2.02","(2.02)"
"460","1","0.00","0.00","0.00","0.00","0.00","0.00","0.00","0.00","0.00","0.00","0.00","0.00","0.00","0.54","Compound","12725","G:12725","Global","0.00","0.00","0.00","0.00","0.54","0.00","0.00","0.00","0.54","1","Paid in Full","0.00","0.00","0.00","02/27/2013","0.54","0.00","0.00","0.00","0.00","707","1","","Open","0.00","0.00","0","0.54","Cash","0","02/28/2013","Payment","PAY","288.02","(288.02)"
"419","1","0.00","0.00","0.00","0.00","0.00","0.00","0.00","0.00","0.00","0.00","0.00","0.00","0.00","1.43","Compound","12726","G:12726","Global","0.00","0.00","0.00","0.00","1.43","0.00","0.00","0.00","1.43","1","Paid in Full","0.00","0.00","0.00","02/27/2013","1.43","0.00","0.00","0.00","0.00","5274","1","","Open","0.00","0.00","0","1.43","Other 1","0","10/28/2013","Payment","PAY","290.10","(290.10)"
"341","1","0.00","0.00","0.00","0.00","0.00","0.00","0.00","0.00","0.00","0.00","0.00","0.00","0.00","2.80","Compound","12727","G:12727","Global","0.00","0.00","0.00","0.00","2.80","0.00","0.00","0.00","2.80","1","Paid in Full","0.00","0.00","0.00","02/27/2013","2.80","0.00","0.00","0.00","0.00","342","1","","Open","0.00","0.00","0","2.80","Unknown","0","02/27/2013","Payment","PAY","2.80","(2.80)"
"420","1","0.00","0.00","0.00","0.00","0.00","0.00","0.00","0.00","0.00","0.00","0.00","0.00","0.00","1.95","Compound","12728","G:12728","Global","0.00","0.00","0.00","0.00","1.95","0.00","0.00","0.00","1.95","1","Paid in Full","0.00","0.00","0.00","02/27/2013","1.95","0.00","0.00","0.00","0.00","4118","1","","Open","0.00","0.00","0","1.95","Debit Card","0","08/28/2013","Payment","PAY","292.08","(292.08)"
"354","1","0.00","0.00","0.00","0.00","0.00","0.00","0.00","0.00","0.00","0.00","0.00","0.00","0.00","2.06","Compound","12729","G:12729","Global","0.00","0.00","0.00","0.00","2.06","0.00","0.00","0.00","2.06","1","Paid in Full","0.00","0.00","0.00","02/27/2013","2.06","0.00","0.00","0.00","0.00","5844","0","","Open","0.00","0.00","0","2.06","Other 2","0","11/28/2013","Payment","PAY","294.11","(294.11)"
"398","1","0.00","0.00","0.00","0.00","0.00","0.00","3.66","0.00","0.00","0.00","3.66","0.00","0.00","3.66","Compound","12730","G:12730","Global","0.00","0.00","0.00","0.00","0.00","0.00","0.00","0.00","0.00","1","Unpaid","0.00","0.00","0.00","02/27/2013","3.66","0.00","0.00","0.00","0.00"
"528","1","0.00","0.00","0.00","0.00","0.00","0.00","2.13","0.00","0.00","0.00","2.13","0.00","0.00","4.15","Compound","12731","G:12731","Global","0.00","0.00","0.00","0.00","2.02","0.00","0.00","0.00","2.02","1","Partially Paid","0.00","0.00","0.00","02/27/2013","4.15","0.00","0.00","0.00","0.00","780","1","","Open","0.00","0.00","0","2.02","Unknown","0","02/28/2013","Credit","CRED","2.02","(2.02)"
"499","1","0.00","0.00","0.00","0.00","0.00","0.00","4.90","0.00","0.00","0.00","4.90","0.00","0.00","4.90","Compound","12732","G:12732","Global","0.00","0.00","0.00","0.00","0.00","0.00","0.00","0.00","0.00","1","Unpaid","0.00","0.00","0.00","02/27/2013","4.90","0.00","0.00","0.00","0.00"
"646","1","0.00","0.00","0.00","0.00","0.00","0.00","4.79","0.00","0.00","0.00","4.79","0.00","0.00","4.79","Compound","12733","G:12733","Global","0.00","0.00","0.00","0.00","0.00","0.00","0.00","0.00","0.00","1","Unpaid","0.00","0.00","0.00","02/27/2013","4.79","0.00","0.00","0.00","0.00"
"461","1","0.00","0.00","0.00","0.00","0.00","0.00","3.86","0.00","0.00","0.00","3.86","0.00","0.00","3.86","Compound","12734","G:12734","Global","0.00","0.00","0.00","0.00","0.00","0.00","0.00","0.00","0.00","1","Unpaid","0.00","0.00","0.00","02/27/2013","3.86","0.00","0.00","0.00","0.00"
"386","1","0.00","0.00","0.00","0.00","0.00","0.00","0.00","0.00","0.00","0.00","0.00","0.00","0.00","1.19","Compound","12735","G:12735","Global","0.00","0.00","0.00","0.00","1.19","0.00","0.00","0.00","1.19","1","Paid in Full","0.00","0.00","0.00","02/27/2013","1.19","0.00","0.00","0.00","0.00","387","1","","Open","0.00","0.00","0","1.19","Unknown","0","02/27/2013","Payment","PAY","1.19","(1.19)"
"542","1","0.00","0.00","0.00","0.00","0.00","0.00","5.20","0.00","0.00","0.00","5.20","0.00","0.00","7.22","Compound","12736","G:12736","Global","0.00","0.00","0.00","0.00","2.02","0.00","0.00","0.00","2.02","1","Partially Paid","0.00","0.00","0.00","02/27/2013","7.22","0.00","0.00","0.00","0.00","781","1","","Open","0.00","0.00","0","2.02","Unknown","0","02/28/2013","Credit","CRED","2.02","(2.02)"
"541","1","0.00","0.00","0.00","0.00","0.00","0.00","8.18","0.00","0.00","0.00","8.18","0.00","0.00","8.18","Compound","12737","G:12737","Global","0.00","0.00","0.00","0.00","0.00","0.00","0.00","0.00","0.00","1","Unpaid","0.00","0.00","0.00","02/27/2013","8.18","0.00","0.00","0.00","0.00"
"606","1","0.00","0.00","0.00","0.00","0.00","0.00","12.15","0.00","0.00","0.00","12.15","0.00","0.00","12.15","Compound","12738","G:12738","Global","0.00","0.00","0.00","0.00","0.00","0.00","0.00","0.00","0.00","1","Unpaid","0.00","0.00","0.00","02/27/2013","12.15","0.00","0.00","0.00","0.00"
"388","1","0.00","0.00","0.00","0.00","0.00","0.00","0.00","0.00","0.00","0.00","0.00","0.00","0.00","213.26","Compound","12739","G:12739","Global","0.00","0.00","0.00","0.00","213.26","0.00","0.00","0.00","213.26","1","Paid in Full","0.00","0.00","0.00","02/27/2013","213.26","0.00","0.00","0.00","0.00","223","1","209","Open","0.00","0.00","0","213.26","Check","0","01/28/2013","Payment","PAY","309.01","(309.01)"
"392","1","0.00","0.00","0.00","0.00","0.00","0.00","3.31","0.00","0.00","0.00","3.31","0.00","0.00","3.31","Compound","12740","G:12740","Global","0.00","0.00","0.00","0.00","0.00","0.00","0.00","0.00","0.00","1","Unpaid","0.00","0.00","0.00","02/27/2013","3.31","0.00","0.00","0.00","0.00"
"389","1","0.00","0.00","0.00","0.00","0.00","0.00","2.04","0.00","0.00","0.00","2.04","0.00","0.00","2.04","Compound","12741","G:12741","Global","0.00","0.00","0.00","0.00","0.00","0.00","0.00","0.00","0.00","1","Unpaid","0.00","0.00","0.00","02/27/2013","2.04","0.00","0.00","0.00","0.00"
"390","1","0.00","0.00","0.00","0.00","0.00","0.00","0.00","0.00","0.00","0.00","0.00","0.00","0.00","5.53","Compound","12742","G:12742","Global","0.00","0.00","0.00","0.00","5.53","0.00","0.00","0.00","5.53","1","Paid in Full","0.00","0.00","0.00","02/27/2013","5.53","0.00","0.00","0.00","0.00","391","1","","Open","0.00","0.00","0","5.53","Unknown","0","02/27/2013","Payment","PAY","5.53","(5.53)"
"462","1","0.00","0.00","0.00","0.00","0.00","0.00","4.55","0.00","0.00","0.00","4.55","0.00","0.00","4.55","Compound","12743","G:12743","Global","0.00","0.00","0.00","0.00","0.00","0.00","0.00","0.00","0.00","1","Unpaid","0.00","0.00","0.00","02/27/2013","4.55","0.00","0.00","0.00","0.00"
"422","1","0.00","0.00","0.00","0.00","813.19","845.72","0.00","0.00","32.53","32.53","845.72","813.19","845.72","0.00","Compound","12744","G:12744","Global","0.00","0.00","0.00","0.00","0.00","0.00","0.00","0.00","0.00","1","Unpaid","0.00","32.53","32.53","02/27/2013","845.72","0.00","0.00","0.00","0.00"
"650","1","0.00","0.00","0.00","0.00","2851.47","2965.53","0.00","0.00","114.06","114.06","2965.53","3157.26","3283.55","0.00","Compound","12745","G:12745","Global","0.00","0.00","305.79","318.02","0.00","0.00","12.23","12.23","318.02","1","Partially Paid","0.00","126.29","126.29","02/27/2013","3283.55","0.00","0.00","0.00","0.00","715","1","","Open","0.00","318.02","0","0.00","Cash","0","02/28/2013","Payment","PAY","318.02","(318.02)"
"559","1","0.00","0.00","0.00","0.00","2824.64","2937.63","0.00","0.00","112.99","112.99","2937.63","2824.64","2937.63","0.00","Compound","12747","G:12747","Global","0.00","0.00","0.00","0.00","0.00","0.00","0.00","0.00","0.00","1","Unpaid","0.00","112.99","112.99","02/27/2013","2937.63","0.00","0.00","0.00","0.00"
"619","1","0.00","0.00","0.00","0.00","97.16","101.05","0.00","0.00","3.89","3.89","101.05","121.21","126.06","0.00","Compound","12748","G:12748","Global","0.00","0.00","24.05","25.01","0.00","0.00","0.96","0.96","25.01","1","Partially Paid","0.00","4.85","4.85","02/27/2013","126.06","0.00","0.00","0.00","0.00","620","1","","Open","0.00","25.01","0","0.00","Unknown","0","02/27/2013","Payment","PAY","25.01","(25.01)"
"343","1","0.00","0.00","0.00","0.00","0.00","0.00","0.00","0.00","0.00","0.00","0.00","224.44","233.42","0.00","Compound","12749","G:12749","Global","0.00","0.00","224.44","233.42","0.00","0.00","8.98","8.98","233.42","1","Paid in Full","0.00","8.98","8.98","02/27/2013","233.42","0.00","0.00","0.00","0.00","1208","1","","Open","0.00","233.42","0","0.00","American Express","0","03/28/2013","Payment","PAY","322.03","(322.03)"
"423","1","0.00","0.00","0.00","0.00","0.00","0.00","0.00","0.00","0.00","0.00","0.00","329.70","342.89","0.00","Compound","12750","G:12750","Global","0.00","0.00","329.70","342.89","0.00","0.00","13.19","13.19","342.89","1","Paid in Full","0.00","13.19","13.19","02/27/2013","342.89","0.00","0.00","0.00","0.00","663","1","","Open","0.00","49.02","0","0.00","Unknown","0","02/28/2013","Discount","DISC","49.02","(49.02)","716","1","","Open","0.00","293.87","0","0.00","Cash","0","02/28/2013","Payment","PAY","323.02","(323.02)"
"630","1","0.00","0.00","0.00","0.00","344.93","358.73","0.00","0.00","13.80","13.80","358.73","657.45","683.75","0.00","Compound","12751","G:12751","Global","0.00","0.00","312.52","325.02","0.00","0.00","12.50","12.50","325.02","1","Partially Paid","0.00","26.30","26.30","02/27/2013","683.75","0.00","0.00","0.00","0.00","227","1","224","Open","0.00","324.01","0","0.00","Check","0","01/28/2013","Payment","PAY","324.01","(324.01)","294","1","","Open","0.00","1.01","0","0.00","Unknown","0","01/28/2013","Credit","CRED","1.01","(1.01)"
"344","1","0.00","0.00","0.00","0.00","432.40","449.70","0.00","0.00","17.30","17.30","449.70","770.90","801.74","0.00","Compound","12753","G:12753","Global","0.00","0.00","338.50","352.04","0.00","0.00","13.54","13.54","352.04","1","Partially Paid","0.00","30.84","30.84","02/27/2013","801.74","0.00","0.00","0.00","0.00","345","1","","Open","0.00","25.01","0","0.00","Unknown","0","02/27/2013","Payment","PAY","25.01","(25.01)","1209","1","","Open","0.00","327.03","0","0.00","American Express","0","03/28/2013","Payment","PAY","327.03","(327.03)"
"477","1","0.00","0.00","0.00","0.00","570.86","593.69","0.00","0.00","22.83","22.83","593.69","886.26","921.71","0.00","Compound","12754","G:12754","Global","0.00","0.00","315.40","328.02","0.00","0.00","12.62","12.62","328.02","1","Partially Paid","0.00","35.45","35.45","02/27/2013","921.71","0.00","0.00","0.00","0.00","717","1","","Open","0.00","328.02","0","0.00","Cash","0","02/28/2013","Payment","PAY","328.02","(328.02)"
"543","1","0.00","0.00","0.00","0.00","1248.70","1298.65","0.00","0.00","49.95","49.95","1298.65","1268.21","1318.94","0.00","Compound","12755","G:12755","Global","0.00","0.00","19.51","20.29","0.00","0.00","0.78","0.78","20.29","1","Partially Paid","0.00","50.73","50.73","02/27/2013","1318.94","0.00","0.00","0.00","0.00","228","1","229","Open","0.00","20.29","0","0.00","Check","0","01/28/2013","Payment","PAY","329.01","(329.01)"
"592","1","0.00","0.00","0.00","0.00","1241.52","1291.18","0.00","0.00","49.66","49.66","1291.18","1244.43","1294.21","0.00","Compound","12757","G:12757","Global","0.00","0.00","2.91","3.03","0.00","0.00","0.12","0.12","3.03","1","Partially Paid","0.00","49.78","49.78","02/27/2013","1294.21","0.00","0.00","0.00","0.00","1275","1","","Open","0.00","3.03","0","0.00","Unknown","0","03/28/2013","Credit","CRED","3.03","(3.03)"
"441","1","0.00","0.00","0.00","0.00","119.40","124.17","0.00","0.00","4.77","4.77","124.17","121.34","126.19","0.00","Compound","12758","G:12758","Global","0.00","0.00","1.94","2.02","0.00","0.00","0.08","0.08","2.02","1","Partially Paid","0.00","4.85","4.85","02/27/2013","126.19","0.00","0.00","0.00","0.00","784","1","","Open","0.00","2.02","0","0.00","Unknown","0","02/28/2013","Credit","CRED","2.02","(2.02)"
"380","1","0.00","0.00","0.00","0.00","0.00","0.00","0.00","0.00","0.00","0.00","0.00","224.69","233.68","0.00","Compound","12759","G:12759","Global","0.00","0.00","224.69","233.68","0.00","0.00","8.99","8.99","233.68","1","Paid in Full","0.00","8.99","8.99","02/27/2013","233.68","0.00","0.00","0.00","0.00","295","1","","Open","0.00","1.01","0","0.00","Unknown","0","01/28/2013","Credit","CRED","1.01","(1.01)","381","1","","Open","0.00","25.01","0","0.00","Unknown","0","02/27/2013","Payment","PAY","25.01","(25.01)","718","1","","Open","0.00","207.66","0","0.00","Cash","0","02/28/2013","Payment","PAY","333.02","(333.02)"
"424","1","0.00","0.00","0.00","0.00","8.88","9.24","0.00","0.00","0.36","0.36","9.24","330.05","343.25","0.00","Compound","12760","G:12760","Global","0.00","0.00","321.17","334.01","0.00","0.00","12.84","12.84","334.01","1","Partially Paid","0.00","13.20","13.20","02/27/2013","343.25","0.00","0.00","0.00","0.00","229","1","234","Open","0.00","334.01","0","0.00","Check","0","01/28/2013","Payment","PAY","334.01","(334.01)"
"408","1","0.00","0.00","0.00","0.00","658.13","684.46","0.00","0.00","26.33","26.33","684.46","658.13","684.46","0.00","Compound","12761","G:12761","Global","0.00","0.00","0.00","0.00","0.00","0.00","0.00","0.00","0.00","1","Unpaid","0.00","26.33","26.33","02/27/2013","684.46","0.00","0.00","0.00","0.00"
"366","1","0.00","0.00","0.00","0.00","437.47","454.97","0.00","0.00","17.50","17.50","454.97","437.47","454.97","0.00","Compound","12762","G:12762","Global","0.00","0.00","0.00","0.00","0.00","0.00","0.00","0.00","0.00","1","Unpaid","0.00","17.50","17.50","02/27/2013","454.97","0.00","0.00","0.00","0.00"
"649","1","0.00","0.00","0.00","0.00","446.68","464.55","0.00","0.00","17.87","17.87","464.55","771.70","802.57","0.00","Compound","12764","G:12764","Global","0.00","0.00","325.02","338.02","0.00","0.00","13.00","13.00","338.02","1","Partially Paid","0.00","30.87","30.87","02/27/2013","802.57","0.00","0.00","0.00","0.00","719","1","","Open","0.00","338.02","0","0.00","Cash","0","02/28/2013","Payment","PAY","338.02","(338.02)"
"593","1","0.00","0.00","0.00","0.00","537.14","558.63","0.00","0.00","21.49","21.49","558.63","887.16","922.65","0.00","Compound","12765","G:12765","Global","0.00","0.00","350.02","364.02","0.00","0.00","14.00","14.00","364.02","1","Partially Paid","0.00","35.49","35.49","02/27/2013","922.65","0.00","0.00","0.00","0.00","230","1","239","Open","0.00","339.01","0","0.00","Check","0","01/28/2013","Payment","PAY","339.01","(339.01)","594","1","","Open","0.00","25.01","0","0.00","Unknown","0","02/27/2013","Payment","PAY","25.01","(25.01)"
"596","1","0.00","0.00","0.00","0.00","1004.64","1044.83","0.00","0.00","40.19","40.19","1044.83","1004.64","1044.83","0.00","Compound","12766","G:12766","Global","0.00","0.00","0.00","0.00","0.00","0.00","0.00","0.00","0.00","1","Unpaid","0.00","40.19","40.19","02/27/2013","1044.83","0.00","0.00","0.00","0.00"
"631","1","0.00","0.00","0.00","0.00","846.38","880.23","0.00","0.00","33.85","33.85","880.23","1176.22","1223.27","0.00","Compound","12768","G:12768","Global","0.00","0.00","329.84","343.04","0.00","0.00","13.20","13.20","343.04","1","Partially Paid","0.00","47.05","47.05","02/27/2013","1223.27","0.00","0.00","0.00","0.00","296","1","","Open","0.00","1.01","0","0.00","Unknown","0","01/28/2013","Credit","CRED","1.01","(1.01)","1212","1","","Open","0.00","342.03","0","0.00","American Express","0","03/28/2013","Payment","PAY","342.03","(342.03)"
"571","1","0.00","0.00","0.00","0.00","0.00","0.00","0.00","0.00","0.00","0.00","0.00","123.64","128.59","0.00","Compound","12769","G:12769","Global","0.00","0.00","123.64","128.59","0.00","0.00","4.95","4.95","128.59","1","Paid in Full","0.00","4.95","4.95","02/27/2013","128.59","0.00","0.00","0.00","0.00","720","1","","Open","0.00","128.59","0","0.00","Cash","0","02/28/2013","Payment","PAY","343.02","(343.02)"
"597","1","0.00","0.00","0.00","0.00","0.00","0.00","139.03","0.00","0.00","0.00","139.03","228.89","238.05","244.99","Compound","12770","G:12770","Global","0.00","0.00","228.89","238.05","105.96","0.00","9.16","9.16","344.01","1","Partially Paid","0.00","9.16","9.16","02/27/2013","483.04","0.00","0.00","0.00","0.00","231","1","244","Open","0.00","238.05","0","105.96","Check","0","01/28/2013","Payment","PAY","344.01","(344.01)"
"651","1","0.00","0.00","0.00","0.00","299.31","311.28","0.00","0.00","11.97","11.97","311.28","323.36","336.29","0.00","Compound","12771","G:12771","Global","0.00","0.00","24.05","25.01","0.00","0.00","0.96","0.96","25.01","1","Partially Paid","0.00","12.93","12.93","02/27/2013","336.29","0.00","0.00","0.00","0.00","652","1","","Open","0.00","25.01","0","0.00","Unknown","0","02/27/2013","Payment","PAY","25.01","(25.01)"
"517","1","0.00","0.00","0.00","0.00","632.77","658.08","0.00","0.00","25.31","25.31","658.08","632.77","658.08","0.00","Compound","12772","G:12772","Global","0.00","0.00","0.00","0.00","0.00","0.00","0.00","0.00","0.00","1","Unpaid","0.00","25.31","25.31","02/27/2013","658.08","0.00","0.00","0.00","0.00"
"653","1","0.00","0.00","0.00","0.00","441.29","458.94","0.00","0.00","17.65","17.65","458.94","441.29","458.94","0.00","Compound","12773","G:12773","Global","0.00","0.00","0.00","0.00","0.00","0.00","0.00","0.00","0.00","1","Unpaid","0.00","17.65","17.65","02/27/2013","458.94","0.00","0.00","0.00","0.00"
"395","1","0.00","0.00","0.00","0.00","410.95","427.39","0.00","0.00","16.44","16.44","427.39","749.45","779.43","0.00","Compound","12775","G:12775","Global","0.00","0.00","338.50","352.04","0.00","0.00","13.54","13.54","352.04","1","Partially Paid","0.00","29.98","29.98","02/27/2013","779.43","0.00","0.00","0.00","0.00","232","1","249","Open","0.00","349.01","0","0.00","Check","0","01/28/2013","Payment","PAY","349.01","(349.01)","1277","1","","Open","0.00","3.03","0","0.00","Unknown","0","03/28/2013","Credit","CRED","3.03","(3.03)"
"598","1","0.00","0.00","0.00","0.00","914.39","950.97","0.00","0.00","36.58","36.58","950.97","939.41","976.99","0.00","Compound","12776","G:12776","Global","0.00","0.00","25.02","26.02","0.00","0.00","1.00","1.00","26.02","1","Partially Paid","0.00","37.58","37.58","02/27/2013","976.99","0.00","0.00","0.00","0.00","297","1","","Open","0.00","1.01","0","0.00","Unknown","0","01/28/2013","Credit","CRED","1.01","(1.01)","599","1","","Open","0.00","25.01","0","0.00","Unknown","0","02/27/2013","Payment","PAY","25.01","(25.01)"
"425","1","0.00","0.00","0.00","0.00","815.62","848.24","0.00","0.00","32.62","32.62","848.24","1155.06","1201.26","0.00","Compound","12778","G:12778","Global","0.00","0.00","339.44","353.02","0.00","0.00","13.58","13.58","353.02","1","Partially Paid","0.00","46.20","46.20","02/27/2013","1201.26","0.00","0.00","0.00","0.00","722","1","","Open","0.00","353.02","0","0.00","Cash","0","02/28/2013","Payment","PAY","353.02","(353.02)"
"544","1","0.00","0.00","0.00","0.00","0.00","0.00","0.00","0.00","0.00","0.00","0.00","124.97","129.97","0.00","Compound","12779","G:12779","Global","0.00","0.00","124.97","129.97","0.00","0.00","5.00","5.00","129.97","1","Paid in Full","0.00","5.00","5.00","02/27/2013","129.97","0.00","0.00","0.00","0.00","233","1","254","Open","0.00","129.97","0","0.00","Check","0","01/28/2013","Payment","PAY","354.01","(354.01)"
"426","1","0.00","0.00","0.00","0.00","222.53","231.43","0.00","0.00","8.90","8.90","231.43","222.53","231.43","0.00","Compound","12780","G:12780","Global","0.00","0.00","0.00","0.00","0.00","0.00","0.00","0.00","0.00","1","Unpaid","0.00","8.90","8.90","02/27/2013","231.43","0.00","0.00","0.00","0.00"
"346","1","0.00","0.00","0.00","0.00","191.85","199.53","0.00","0.00","7.68","7.68","199.53","326.91","339.99","0.00","Compound","12781","G:12781","Global","0.00","0.00","135.06","140.46","0.00","0.00","5.40","5.40","140.46","1","Partially Paid","0.00","13.08","13.08","02/27/2013","339.99","0.00","0.00","0.00","0.00","1796","1","","Open","0.00","140.46","0","0.00","Visa","0","04/28/2013","Payment","PAY","356.04","(356.04)"
"463","1","0.00","0.00","0.00","0.00","614.85","639.44","0.00","0.00","24.59","24.59","639.44","652.05","678.13","0.00","Compound","12782","G:12782","Global","0.00","0.00","37.20","38.69","0.00","0.00","1.49","1.49","38.69","1","Partially Paid","0.00","26.08","26.08","02/27/2013","678.13","0.00","0.00","0.00","0.00","464","1","","Open","0.00","25.01","0","0.00","Unknown","0","02/27/2013","Payment","PAY","25.01","(25.01)","1215","1","","Open","0.00","13.68","0","0.00","American Express","0","03/28/2013","Payment","PAY","357.03","(357.03)"
"545","1","0.00","0.00","0.00","0.00","89.11","92.67","0.00","0.00","3.56","3.56","92.67","433.36","450.69","0.00","Compound","12783","G:12783","Global","0.00","0.00","344.25","358.02","0.00","0.00","13.77","13.77","358.02","1","Partially Paid","0.00","17.33","17.33","02/27/2013","450.69","0.00","0.00","0.00","0.00","723","1","","Open","0.00","358.02","0","0.00","Cash","0","02/28/2013","Payment","PAY","358.02","(358.02)"
"396","1","0.00","0.00","0.00","0.00","727.67","756.78","0.00","0.00","29.11","29.11","756.78","728.64","757.79","0.00","Compound","12785","G:12785","Global","0.00","0.00","0.97","1.01","0.00","0.00","0.04","0.04","1.01","1","Partially Paid","0.00","29.15","29.15","02/27/2013","757.79","0.00","0.00","0.00","0.00","298","1","","Open","0.00","1.01","0","0.00","Unknown","0","01/28/2013","Credit","CRED","1.01","(1.01)"
"621","1","0.00","0.00","0.00","0.00","2566.68","2669.35","0.00","0.00","102.67","102.67","2669.35","2566.68","2669.35","0.00","Compound","12786","G:12786","Global","0.00","0.00","0.00","0.00","0.00","0.00","0.00","0.00","0.00","1","Unpaid","0.00","102.67","102.67","02/27/2013","2669.35","0.00","0.00","0.00","0.00"
"526","1","0.00","0.00","0.00","0.00","2294.16","2385.93","1.75","0.00","91.77","91.77","2387.68","2294.16","2385.93","1.75","Compound","12787","G:12787","Global","0.00","0.00","0.00","0.00","0.00","0.00","0.00","0.00","0.00","1","Unpaid","0.00","91.77","91.77","02/27/2013","2387.68","0.00","0.00","0.00","0.00"
"560","1","0.00","0.00","0.00","0.00","2484.04","2583.40","0.00","0.00","99.36","99.36","2583.40","2834.05","2947.41","0.00","Compound","12789","G:12789","Global","0.00","0.00","350.01","364.01","0.00","0.00","14.00","14.00","364.01","1","Partially Paid","0.00","113.36","113.36","02/27/2013","2947.41","0.00","0.00","0.00","0.00","235","1","264","Open","0.00","364.01","0","0.00","Check","0","01/28/2013","Payment","PAY","364.01","(364.01)"
"654","1","0.00","0.00","0.00","0.00","416.46","433.12","0.00","0.00","16.66","16.66","433.12","416.46","433.12","0.00","Compound","12790","G:12790","Global","0.00","0.00","0.00","0.00","0.00","0.00","0.00","0.00","0.00","1","Unpaid","0.00","16.66","16.66","02/27/2013","433.12","0.00","0.00","0.00","0.00"
"561","1","0.00","0.00","0.00","0.00","511.83","532.31","0.00","0.00","20.48","20.48","532.31","558.93","581.29","0.00","Compound","12791","G:12791","Global","0.00","0.00","47.10","48.98","0.00","0.00","1.88","1.88","48.98","1","Partially Paid","0.00","22.36","22.36","02/27/2013","581.29","0.00","0.00","0.00","0.00","1798","1","","Open","0.00","48.98","0","0.00","Visa","0","04/28/2013","Payment","PAY","366.04","(366.04)"
"397","1","0.00","0.00","0.00","0.00","38.74","40.29","0.00","0.00","1.55","1.55","40.29","233.82","243.17","0.00","Compound","12792","G:12792","Global","0.00","0.00","195.08","202.88","0.00","0.00","7.80","7.80","202.88","1","Partially Paid","0.00","9.35","9.35","02/27/2013","243.17","0.00","0.00","0.00","0.00","1217","1","","Open","0.00","199.85","0","0.00","American Express","0","03/28/2013","Payment","PAY","367.03","(367.03)","1279","1","","Open","0.00","3.03","0","0.00","Unknown","0","03/28/2013","Credit","CRED","3.03","(3.03)"
"427","1","0.00","0.00","0.00","0.00","289.49","301.07","0.00","0.00","11.58","11.58","301.07","645.30","671.11","0.00","Compound","12793","G:12793","Global","0.00","0.00","355.81","370.04","0.00","0.00","14.23","14.23","370.04","1","Partially Paid","0.00","25.81","25.81","02/27/2013","671.11","0.00","0.00","0.00","0.00","725","1","","Open","0.00","368.02","0","0.00","Cash","0","02/28/2013","Payment","PAY","368.02","(368.02)","788","1","","Open","0.00","2.02","0","0.00","Unknown","0","02/28/2013","Credit","CRED","2.02","(2.02)"
"500","1","0.00","0.00","0.00","0.00","380.74","395.97","0.00","0.00","15.23","15.23","395.97","760.58","791.00","0.00","Compound","12794","G:12794","Global","0.00","0.00","379.84","395.03","0.00","0.00","15.19","15.19","395.03","1","Partially Paid","0.00","30.42","30.42","02/27/2013","791.00","0.00","0.00","0.00","0.00","236","1","269","Open","0.00","369.01","0","0.00","Check","0","01/28/2013","Payment","PAY","369.01","(369.01)","299","1","","Open","0.00","1.01","0","0.00","Unknown","0","01/28/2013","Credit","CRED","1.01","(1.01)","501","1","","Open","0.00","25.01","0","0.00","Unknown","0","02/27/2013","Payment","PAY","25.01","(25.01)"
"465","1","0.00","0.00","0.00","0.00","709.62","738.01","0.00","0.00","28.39","28.39","738.01","1066.39","1109.05","0.00","Compound","12796","G:12796","Global","0.00","0.00","356.77","371.04","0.00","0.00","14.27","14.27","371.04","1","Partially Paid","0.00","42.66","42.66","02/27/2013","1109.05","0.00","0.00","0.00","0.00","1799","1","","Open","0.00","371.04","0","0.00","Visa","0","04/28/2013","Payment","PAY","371.04","(371.04)"
"347","1","0.00","0.00","0.00","0.00","0.00","0.00","0.00","0.00","0.00","0.00","0.00","263.38","273.92","0.00","Compound","12797","G:12797","Global","0.00","0.00","263.38","273.92","0.00","0.00","10.54","10.54","273.92","1","Paid in Full","0.00","10.54","10.54","02/27/2013","273.92","0.00","0.00","0.00","0.00","1218","1","","Open","0.00","131.52","0","0.00","American Express","0","03/28/2013","Payment","PAY","372.03","(372.03)","4136","1","","Open","0.00","142.40","0","0.00","Debit Card","0","08/28/2013","Payment","PAY","372.08","(372.08)"
"642","1","0.00","0.00","0.00","0.00","2733.73","2843.08","0.00","0.00","109.35","109.35","2843.08","3092.40","3216.10","0.00","Compound","12798","G:12798","Global","0.00","0.00","358.67","373.02","0.00","0.00","14.35","14.35","373.02","1","Partially Paid","0.00","123.70","123.70","02/27/2013","3216.10","0.00","0.00","0.00","0.00","726","1","","Open","0.00","373.02","0","0.00","Cash","0","02/28/2013","Payment","PAY","373.02","(373.02)"
"348","1","0.00","0.00","0.00","0.00","39.79","41.38","0.00","0.00","1.59","1.59","41.38","39.79","41.38","0.00","Compound","12800","G:12800","Global","0.00","0.00","0.00","0.00","0.00","0.00","0.00","0.00","0.00","1","Unpaid","0.00","1.59","1.59","02/27/2013","41.38","0.00","0.00","0.00","0.00"
"502","1","0.00","0.00","0.00","0.00","254.90","265.09","0.00","0.00","10.19","10.19","265.09","400.77","416.80","0.00","Compound","12801","G:12801","Global","0.00","0.00","145.87","151.71","0.00","0.00","5.84","5.84","151.71","1","Partially Paid","0.00","16.03","16.03","02/27/2013","416.80","0.00","0.00","0.00","0.00","789","1","","Open","0.00","2.02","0","0.00","Unknown","0","02/28/2013","Credit","CRED","2.02","(2.02)","1219","1","","Open","0.00","149.69","0","0.00","American Express","0","03/28/2013","Payment","PAY","377.03","(377.03)"
"466","1","0.00","0.00","0.00","0.00","112.93","117.45","0.00","0.00","4.52","4.52","117.45","477.38","496.48","0.00","Compound","12802","G:12802","Global","0.00","0.00","364.45","379.03","0.00","0.00","14.58","14.58","379.03","1","Partially Paid","0.00","19.10","19.10","02/27/2013","496.48","0.00","0.00","0.00","0.00","300","1","","Open","0.00","1.01","0","0.00","Unknown","0","01/28/2013","Credit","CRED","1.01","(1.01)","727","1","","Open","0.00","378.02","0","0.00","Cash","0","02/28/2013","Payment","PAY","378.02","(378.02)"
"349","1","0.00","0.00","0.00","0.00","0.00","0.00","127.89","0.00","0.00","0.00","127.89","218.18","226.91","279.99","Compound","12803","G:12803","Global","0.00","0.00","218.18","226.91","152.10","0.00","8.73","8.73","379.01","1","Partially Paid","0.00","8.73","8.73","02/27/2013","506.90","0.00","0.00","0.00","0.00","238","1","279","Open","0.00","226.91","0","152.10","Check","0","01/28/2013","Payment","PAY","379.01","(379.01)"
"467","1","0.00","0.00","0.00","0.00","630.84","656.07","0.00","0.00","25.23","25.23","656.07","630.84","656.07","0.00","Compound","12804","G:12804","Global","0.00","0.00","0.00","0.00","0.00","0.00","0.00","0.00","0.00","1","Unpaid","0.00","25.23","25.23","02/27/2013","656.07","0.00","0.00","0.00","0.00"
"468","1","0.00","0.00","0.00","0.00","403.20","419.33","0.00","0.00","16.13","16.13","419.33","770.54","801.36","0.00","Compound","12806","G:12806","Global","0.00","0.00","367.34","382.03","0.00","0.00","14.69","14.69","382.03","1","Partially Paid","0.00","30.82","30.82","02/27/2013","801.36","0.00","0.00","0.00","0.00","1220","1","","Open","0.00","382.03","0","0.00","American Express","0","03/28/2013","Payment","PAY","382.03","(382.03)"
"400","1","0.00","0.00","0.00","0.00","517.56","538.26","0.00","0.00","20.70","20.70","538.26","885.85","921.28","0.00","Compound","12807","G:12807","Global","0.00","0.00","368.29","383.02","0.00","0.00","14.73","14.73","383.02","1","Partially Paid","0.00","35.43","35.43","02/27/2013","921.28","0.00","0.00","0.00","0.00","728","1","","Open","0.00","383.02","0","0.00","Cash","0","02/28/2013","Payment","PAY","383.02","(383.02)"
"573","1","0.00","0.00","0.00","0.00","633.93","659.29","0.00","0.00","25.36","25.36","659.29","1003.17","1043.30","0.00","Compound","12808","G:12808","Global","0.00","0.00","369.24","384.01","0.00","0.00","14.77","14.77","384.01","1","Partially Paid","0.00","40.13","40.13","02/27/2013","1043.30","0.00","0.00","0.00","0.00","239","1","284","Open","0.00","384.01","0","0.00","Check","0","01/28/2013","Payment","PAY","384.01","(384.01)"
"504","1","0.00","0.00","0.00","0.00","870.74","905.56","0.00","0.00","34.82","34.82","905.56","1243.87","1293.62","0.00","Compound","12810","G:12810","Global","0.00","0.00","373.13","388.06","0.00","0.00","14.93","14.93","388.06","1","Partially Paid","0.00","49.75","49.75","02/27/2013","1293.62","0.00","0.00","0.00","0.00","790","1","","Open","0.00","2.02","0","0.00","Unknown","0","02/28/2013","Credit","CRED","2.02","(2.02)","1802","1","","Open","0.00","386.04","0","0.00","Visa","0","04/28/2013","Payment","PAY","386.04","(386.04)"
"469","1","0.00","0.00","0.00","0.00","96.26","100.11","0.00","0.00","3.85","3.85","100.11","121.28","126.13","0.00","Compound","12811","G:12811","Global","0.00","0.00","25.02","26.02","0.00","0.00","1.00","1.00","26.02","1","Partially Paid","0.00","4.85","4.85","02/27/2013","126.13","0.00","0.00","0.00","0.00","301","1","","Open","0.00","1.01","0","0.00","Unknown","0","01/28/2013","Credit","CRED","1.01","(1.01)","470","1","","Open","0.00","25.01","0","0.00","Unknown","0","02/27/2013","Payment","PAY","25.01","(25.01)"
"505","1","0.00","0.00","0.00","0.00","0.00","0.00","0.00","0.00","0.00","0.00","0.00","224.58","233.56","0.00","Compound","12812","G:12812","Global","0.00","0.00","224.58","233.56","0.00","0.00","8.98","8.98","233.56","1","Paid in Full","0.00","8.98","8.98","02/27/2013","233.56","0.00","0.00","0.00","0.00","729","1","","Open","0.00","233.56","0","0.00","Cash","0","02/28/2013","Payment","PAY","388.02","(388.02)"
"428","1","0.00","0.00","0.00","0.00","0.00","0.00","0.00","0.00","0.00","0.00","0.00","329.89","343.09","0.00","Compound","12813","G:12813","Global","0.00","0.00","329.89","343.09","0.00","0.00","13.20","13.20","343.09","1","Paid in Full","0.00","13.20","13.20","02/27/2013","343.09","0.00","0.00","0.00","0.00","240","1","289","Open","0.00","343.09","0","0.00","Check","0","01/28/2013","Payment","PAY","389.01","(389.01)"
"475","1","0.00","0.00","0.00","0.00","657.82","684.13","0.00","0.00","26.31","26.31","684.13","657.82","684.13","0.00","Compound","12814","G:12814","Global","0.00","0.00","0.00","0.00","0.00","0.00","0.00","0.00","0.00","1","Unpaid","0.00","26.31","26.31","02/27/2013","684.13","0.00","0.00","0.00","0.00"
"527","1","0.00","0.00","0.00","0.00","437.26","454.75","0.00","0.00","17.49","17.49","454.75","437.26","454.75","0.00","Compound","12815","G:12815","Global","0.00","0.00","0.00","0.00","0.00","0.00","0.00","0.00","0.00","1","Unpaid","0.00","17.49","17.49","02/27/2013","454.75","0.00","0.00","0.00","0.00"
"656","1","0.00","0.00","0.00","0.00","369.38","384.16","0.00","0.00","14.78","14.78","384.16","771.34","802.19","0.00","Compound","12817","G:12817","Global","0.00","0.00","401.96","418.03","0.00","0.00","16.07","16.07","418.03","1","Partially Paid","0.00","30.85","30.85","02/27/2013","802.19","0.00","0.00","0.00","0.00","657","1","","Open","0.00","25.01","0","0.00","Unknown","0","02/27/2013","Payment","PAY","25.01","(25.01)","730","1","","Open","0.00","393.02","0","0.00","Cash","0","02/28/2013","Payment","PAY","393.02","(393.02)"
"442","1","0.00","0.00","0.00","0.00","507.89","528.21","0.00","0.00","20.32","20.32","528.21","886.75","922.22","0.00","Compound","12818","G:12818","Global","0.00","0.00","378.86","394.01","0.00","0.00","15.15","15.15","394.01","1","Partially Paid","0.00","35.47","35.47","02/27/2013","922.22","0.00","0.00","0.00","0.00","241","1","294","Open","0.00","394.01","0","0.00","Check","0","01/28/2013","Payment","PAY","394.01","(394.01)"
"518","1","0.00","0.00","0.00","0.00","1002.24","1042.33","0.00","0.00","40.09","40.09","1042.33","1004.18","1044.35","0.00","Compound","12819","G:12819","Global","0.00","0.00","1.94","2.02","0.00","0.00","0.08","0.08","2.02","1","Partially Paid","0.00","40.17","40.17","02/27/2013","1044.35","0.00","0.00","0.00","0.00","791","1","","Open","0.00","2.02","0","0.00","Unknown","0","02/28/2013","Credit","CRED","2.02","(2.02)"
"478","1","0.00","0.00","0.00","0.00","863.34","897.87","0.00","0.00","34.53","34.53","897.87","1245.10","1294.90","0.00","Compound","12821","G:12821","Global","0.00","0.00","381.76","397.03","0.00","0.00","15.27","15.27","397.03","1","Partially Paid","0.00","49.80","49.80","02/27/2013","1294.90","0.00","0.00","0.00","0.00","1223","1","","Open","0.00","397.03","0","0.00","American Express","0","03/28/2013","Payment","PAY","397.03","(397.03)"
"546","1","0.00","0.00","0.00","0.00","0.00","0.00","0.00","0.00","0.00","0.00","0.00","121.42","126.28","0.00","Compound","12822","G:12822","Global","0.00","0.00","121.42","126.28","0.00","0.00","4.86","4.86","126.28","1","Paid in Full","0.00","4.86","4.86","02/27/2013","126.28","0.00","0.00","0.00","0.00","731","1","","Open","0.00","126.28","0","0.00","Cash","0","02/28/2013","Payment","PAY","398.02","(398.02)"
"443","1","0.00","0.00","0.00","0.00","0.00","0.00","0.00","0.00","0.00","0.00","0.00","224.82","233.81","0.00","Compound","12823","G:12823","Global","0.00","0.00","224.82","233.81","0.00","0.00","8.99","8.99","233.81","1","Paid in Full","0.00","8.99","8.99","02/27/2013","233.81","0.00","0.00","0.00","0.00","242","1","299","Open","0.00","233.81","0","0.00","Check","0","01/28/2013","Payment","PAY","399.01","(399.01)"
"519","1","0.00","0.00","0.00","0.00","582.87","606.19","0.00","0.00","23.32","23.32","606.19","632.46","657.76","0.00","Compound","12824","G:12824","Global","0.00","0.00","49.59","51.57","0.00","0.00","1.98","1.98","51.57","1","Partially Paid","0.00","25.30","25.30","02/27/2013","657.76","0.00","0.00","0.00","0.00","1805","1","","Open","0.00","51.57","0","0.00","Visa","0","04/28/2013","Payment","PAY","401.04","(401.04)"
"401","1","0.00","0.00","0.00","0.00","441.08","458.72","0.00","0.00","17.64","17.64","458.72","441.08","458.72","0.00","Compound","12825","G:12825","Global","0.00","0.00","0.00","0.00","0.00","0.00","0.00","0.00","0.00","1","Unpaid","0.00","17.64","17.64","02/27/2013","458.72","0.00","0.00","0.00","0.00"
"471","1","0.00","0.00","0.00","0.00","358.68","373.02","0.00","0.00","14.34","14.34","373.02","749.09","779.05","0.00","Compound","12827","G:12827","Global","0.00","0.00","390.41","406.03","0.00","0.00","15.62","15.62","406.03","1","Partially Paid","0.00","29.96","29.96","02/27/2013","779.05","0.00","0.00","0.00","0.00","243","1","304","Open","0.00","404.01","0","0.00","Check","0","01/28/2013","Payment","PAY","404.01","(404.01)","792","1","","Open","0.00","2.02","0","0.00","Unknown","0","02/28/2013","Credit","CRED","2.02","(2.02)"
"520","1","0.00","0.00","0.00","0.00","803.59","835.73","0.00","0.00","32.14","32.14","835.73","828.61","861.75","0.00","Compound","12828","G:12828","Global","0.00","0.00","25.02","26.02","0.00","0.00","1.00","1.00","26.02","1","Partially Paid","0.00","33.14","33.14","02/27/2013","861.75","0.00","0.00","0.00","0.00","303","1","","Open","0.00","1.01","0","0.00","Unknown","0","01/28/2013","Credit","CRED","1.01","(1.01)","521","1","","Open","0.00","25.01","0","0.00","Unknown","0","02/27/2013","Payment","PAY","25.01","(25.01)"
"350","1","0.00","0.00","0.00","0.00","938.95","976.51","0.00","0.00","37.56","37.56","976.51","938.95","976.51","0.00","Compound","12829","G:12829","Global","0.00","0.00","0.00","0.00","0.00","0.00","0.00","0.00","0.00","1","Unpaid","0.00","37.56","37.56","02/27/2013","976.51","0.00","0.00","0.00","0.00"
"605","1","0.00","0.00","0.00","0.00","762.17","792.66","0.00","0.00","30.49","30.49","792.66","1154.50","1200.68","0.00","Compound","12831","G:12831","Global","0.00","0.00","392.33","408.02","0.00","0.00","15.69","15.69","408.02","1","Partially Paid","0.00","46.18","46.18","02/27/2013","1200.68","0.00","0.00","0.00","0.00","733","0","","Open","0.00","408.02","0","0.00","Cash","0","02/28/2013","Payment","PAY","408.02","(408.02)"
"351","1","0.00","0.00","0.00","0.00","0.00","0.00","0.00","0.00","0.00","0.00","0.00","124.91","129.91","0.00","Compound","12832","G:12832","Global","0.00","0.00","124.91","129.91","0.00","0.00","5.00","5.00","129.91","1","Paid in Full","0.00","5.00","5.00","02/27/2013","129.91","0.00","0.00","0.00","0.00","244","1","309","Open","0.00","129.91","0","0.00","Check","0","01/28/2013","Payment","PAY","409.01","(409.01)"
"622","1","0.00","0.00","0.00","0.00","222.42","231.32","0.00","0.00","8.90","8.90","231.32","222.42","231.32","0.00","Compound","12833","G:12833","Global","0.00","0.00","0.00","0.00","0.00","0.00","0.00","0.00","0.00","1","Unpaid","0.00","8.90","8.90","02/27/2013","231.32","0.00","0.00","0.00","0.00"
"352","1","0.00","0.00","0.00","0.00","138.71","144.26","0.00","0.00","5.55","5.55","144.26","326.75","339.82","0.00","Compound","12834","G:12834","Global","0.00","0.00","188.04","195.56","0.00","0.00","7.52","7.52","195.56","1","Partially Paid","0.00","13.07","13.07","02/27/2013","339.82","0.00","0.00","0.00","0.00","353","1","","Open","0.00","25.01","0","0.00","Unknown","0","02/27/2013","Payment","PAY","25.01","(25.01)","1807","1","","Open","0.00","170.55","0","0.00","Visa","0","04/28/2013","Payment","PAY","411.04","(411.04)"
"429","1","0.00","0.00","0.00","0.00","582.63","605.93","0.00","0.00","23.30","23.30","605.93","651.74","677.81","0.00","Compound","12835","G:12835","Global","0.00","0.00","69.11","71.88","0.00","0.00","2.77","2.77","71.88","1","Partially Paid","0.00","26.07","26.07","02/27/2013","677.81","0.00","0.00","0.00","0.00","1226","1","","Open","0.00","68.85","0","0.00","American Express","0","03/28/2013","Payment","PAY","412.03","(412.03)","1284","1","","Open","0.00","3.03","0","0.00","Unknown","0","03/28/2013","Credit","CRED","3.03","(3.03)"
"371","1","0.00","0.00","0.00","0.00","34.08","35.44","0.00","0.00","1.36","1.36","35.44","433.15","450.48","0.00","Compound","12836","G:12836","Global","0.00","0.00","399.07","415.04","0.00","0.00","15.97","15.97","415.04","1","Partially Paid","0.00","17.33","17.33","02/27/2013","450.48","0.00","0.00","0.00","0.00","734","1","","Open","0.00","413.02","0","0.00","Cash","0","02/28/2013","Payment","PAY","413.02","(413.02)","793","1","","Open","0.00","2.02","0","0.00","Unknown","0","02/28/2013","Credit","CRED","2.02","(2.02)"
"607","1","0.00","0.00","0.00","0.00","0.00","0.00","0.00","0.00","0.00","0.00","0.00","0.00","0.00","314.99","Compound","12837","G:12837","Global","0.00","0.00","0.00","0.00","314.99","0.00","0.00","0.00","314.99","1","Paid in Full","0.00","0.00","0.00","02/27/2013","314.99","0.00","0.00","0.00","0.00","245","1","314","Open","0.00","0.00","0","314.99","Check","0","01/28/2013","Payment","PAY","414.01","(414.01)"
"506","1","0.00","0.00","0.00","0.00","728.28","757.41","0.00","0.00","29.13","29.13","757.41","728.28","757.41","0.00","Compound","12838","G:12838","Global","0.00","0.00","0.00","0.00","0.00","0.00","0.00","0.00","0.00","1","Unpaid","0.00","29.13","29.13","02/27/2013","757.41","0.00","0.00","0.00","0.00"
"472","1","0.00","0.00","0.00","0.00","837.71","871.22","0.00","0.00","33.51","33.51","871.22","837.71","871.22","0.00","Compound","12839","G:12839","Global","0.00","0.00","0.00","0.00","0.00","0.00","0.00","0.00","0.00","1","Unpaid","0.00","33.51","33.51","02/27/2013","871.22","0.00","0.00","0.00","0.00"
"611","1","0.00","0.00","0.00","0.00","943.51","981.25","0.00","0.00","37.74","37.74","981.25","967.56","1006.26","0.00","Compound","12840","G:12840","Global","0.00","0.00","24.05","25.01","0.00","0.00","0.96","0.96","25.01","1","Partially Paid","0.00","38.70","38.70","02/27/2013","1006.26","0.00","0.00","0.00","0.00","612","1","","Open","0.00","25.01","0","0.00","Unknown","0","02/27/2013","Payment","PAY","25.01","(25.01)"
"430","1","0.00","0.00","0.00","0.00","764.04","794.60","0.00","0.00","30.56","30.56","794.60","1166.93","1213.61","0.00","Compound","12842","G:12842","Global","0.00","0.00","402.89","419.01","0.00","0.00","16.12","16.12","419.01","1","Partially Paid","0.00","46.68","46.68","02/27/2013","1213.61","0.00","0.00","0.00","0.00","246","1","319","Open","0.00","419.01","0","0.00","Check","0","01/28/2013","Payment","PAY","419.01","(419.01)"
"547","1","0.00","0.00","0.00","0.00","121.44","126.30","0.00","0.00","4.86","4.86","126.30","121.44","126.30","0.00","Compound","12843","G:12843","Global","0.00","0.00","0.00","0.00","0.00","0.00","0.00","0.00","0.00","1","Unpaid","0.00","4.86","4.86","02/27/2013","126.30","0.00","0.00","0.00","0.00"
"356","1","0.00","0.00","0.00","0.00","0.00","0.00","0.00","0.00","0.00","0.00","0.00","347.62","361.52","0.00","Compound","12844","G:12844","Global","0.00","0.00","347.62","361.52","0.00","0.00","13.90","13.90","361.52","1","Paid in Full","0.00","13.90","13.90","02/27/2013","361.52","0.00","0.00","0.00","0.00","247","1","321","Open","0.00","361.52","0","0.00","Check","0","01/28/2013","Payment","PAY","421.01","(421.01)"
"360","1","0.00","0.00","0.00","0.00","926.41","963.46","0.00","0.00","37.05","37.05","963.46","940.86","978.49","0.00","Compound","12845","G:12845","Global","0.00","0.00","14.45","15.03","0.00","0.00","0.58","0.58","15.03","1","Partially Paid","0.00","37.63","37.63","02/27/2013","978.49","0.00","0.00","0.00","0.00","260","1","","Open","0.00","13.01","0","0.00","Unknown","0","01/28/2013","Payment","PAY","13.01","(13.01)","794","1","","Open","0.00","2.02","0","0.00","Unknown","0","02/28/2013","Credit","CRED","2.02","(2.02)"
"357","1","0.00","0.00","0.00","0.00","554.22","576.39","0.00","0.00","22.17","22.17","576.39","985.99","1025.43","0.00","Compound","12846","G:12846","Global","0.00","0.00","431.77","449.04","0.00","0.00","17.27","17.27","449.04","1","Partially Paid","0.00","39.44","39.44","02/27/2013","1025.43","0.00","0.00","0.00","0.00","305","1","","Open","0.00","1.01","0","0.00","Unknown","0","01/28/2013","Credit","CRED","1.01","(1.01)","358","1","","Open","0.00","25.01","0","0.00","Unknown","0","02/27/2013","Payment","PAY","25.01","(25.01)","738","1","","Open","0.00","423.02","0","0.00","Cash","0","02/28/2013","Payment","PAY","423.02","(423.02)"
"359","1","0.00","0.00","0.00","0.00","579.47","602.65","0.00","0.00","23.18","23.18","602.65","987.17","1026.66","0.00","Compound","12847","G:12847","Global","0.00","0.00","407.70","424.01","0.00","0.00","16.31","16.31","424.01","1","Partially Paid","0.00","39.49","39.49","02/27/2013","1026.66","0.00","0.00","0.00","0.00","249","1","324","Open","0.00","424.01","0","0.00","Check","0","01/28/2013","Payment","PAY","424.01","(424.01)"
"355","1","0.00","0.00","0.00","0.00","152.38","158.47","0.00","0.00","6.09","6.09","158.47","562.03","584.51","0.00","Compound","12848","G:12848","Global","0.00","0.00","409.65","426.04","0.00","0.00","16.39","16.39","426.04","1","Partially Paid","0.00","22.48","22.48","02/27/2013","584.51","0.00","0.00","0.00","0.00","1811","1","","Open","0.00","426.04","0","0.00","Visa","0","04/28/2013","Payment","PAY","426.04","(426.04)"
"361","1","0.00","0.00","0.00","0.00","2185.99","2273.43","0.00","0.00","87.44","87.44","2273.43","2591.77","2695.44","0.00","Compound","12849","G:12849","Global","0.00","0.00","405.78","422.01","0.00","0.00","16.23","16.23","422.01","1","Partially Paid","0.00","103.67","103.67","02/27/2013","2695.44","0.00","0.00","0.00","0.00","362","1","","Open","0.00","422.01","0","0.00","Unknown","0","02/27/2013","Payment","PAY","422.01","(422.01)"
"474","1","0.00","0.00","0.00","0.00","1033.58","1074.93","0.00","0.00","41.35","41.35","1074.93","1445.14","1502.95","0.00","Compound","12850","G:12850","Global","0.00","0.00","411.56","428.02","0.00","0.00","16.46","16.46","428.02","1","Partially Paid","0.00","57.81","57.81","02/27/2013","1502.95","0.00","0.00","0.00","0.00","739","1","","Open","0.00","428.02","0","0.00","Cash","0","02/28/2013","Payment","PAY","428.02","(428.02)"
"522","1","0.00","0.00","0.00","0.00","2316.61","2409.27","0.00","0.00","92.66","92.66","2409.27","2319.52","2412.30","0.00","Compound","12852","G:12852","Global","0.00","0.00","2.91","3.03","0.00","0.00","0.12","0.12","3.03","1","Partially Paid","0.00","92.78","92.78","02/27/2013","2412.30","0.00","0.00","0.00","0.00","1286","1","","Open","0.00","3.03","0","0.00","Unknown","0","03/28/2013","Credit","CRED","3.03","(3.03)"
"324","1","0.00","0.00","0.00","0.00","0.00","0.00","0.00","0.00","0.00","0.00","0.00","15.73","16.36","0.00","Compound","12853","G:12853","Global","0.00","0.00","15.73","16.36","0.00","0.00","0.63","0.63","16.36","1","Paid in Full","0.00","0.63","0.63","02/27/2013","16.36","0.00","0.00","0.00","0.00","795","1","","Open","0.00","2.02","0","0.00","Unknown","0","02/28/2013","Credit","CRED","2.02","(2.02)","1812","1","","Open","0.00","14.34","0","0.00","Visa","0","04/28/2013","Payment","PAY","431.04","(431.04)"
"436","1","0.00","0.00","0.00","0.00","0.00","0.00","0.00","0.00","0.00","0.00","0.00","248.86","258.81","0.00","Compound","12854","G:12854","Global","0.00","0.00","248.86","258.81","0.00","0.00","9.95","9.95","258.81","1","Paid in Full","0.00","9.95","9.95","02/27/2013","258.81","0.00","0.00","0.00","0.00","306","1","","Open","0.00","1.01","0","0.00","Unknown","0","01/28/2013","Credit","CRED","1.01","(1.01)","1231","1","","Open","0.00","257.80","0","0.00","American Express","0","03/28/2013","Payment","PAY","432.03","(432.03)"
"613","1","0.00","0.00","0.00","0.00","560.06","582.46","0.00","0.00","22.40","22.40","582.46","976.42","1015.48","0.00","Compound","12855","G:12855","Global","0.00","0.00","416.36","433.02","0.00","0.00","16.66","16.66","433.02","1","Partially Paid","0.00","39.06","39.06","02/27/2013","1015.48","0.00","0.00","0.00","0.00","740","1","","Open","0.00","433.02","0","0.00","Cash","0","02/28/2013","Payment","PAY","433.02","(433.02)"
"658","1","0.00","0.00","0.00","0.00","1759.75","1830.14","0.00","0.00","70.39","70.39","1830.14","2177.07","2264.15","0.00","Compound","12856","G:12856","Global","0.00","0.00","417.32","434.01","0.00","0.00","16.69","16.69","434.01","1","Partially Paid","0.00","87.08","87.08","02/27/2013","2264.15","0.00","0.00","0.00","0.00","251","1","334","Open","0.00","434.01","0","0.00","Check","0","01/28/2013","Payment","PAY","434.01","(434.01)"
"562","1","0.00","0.00","0.00","0.00","1055.98","1098.22","0.00","0.00","42.24","42.24","1098.22","1080.03","1123.23","0.00","Compound","12857","G:12857","Global","0.00","0.00","24.05","25.01","0.00","0.00","0.96","0.96","25.01","1","Partially Paid","0.00","43.20","43.20","02/27/2013","1123.23","0.00","0.00","0.00","0.00","563","1","","Open","0.00","25.01","0","0.00","Unknown","0","02/27/2013","Payment","PAY","25.01","(25.01)"
"363","1","0.00","0.00","0.00","0.00","0.00","0.00","0.00","0.00","0.00","0.00","0.00","303.62","315.76","0.00","Compound","12859","G:12859","Global","0.00","0.00","303.62","315.76","0.00","0.00","12.14","12.14","315.76","1","Paid in Full","0.00","12.14","12.14","02/27/2013","315.76","0.00","0.00","0.00","0.00","1232","1","","Open","0.00","315.76","0","0.00","American Express","0","03/28/2013","Payment","PAY","437.03","(437.03)"
"600","1","0.00","0.00","0.00","0.00","1999.31","2079.28","0.00","0.00","79.97","79.97","2079.28","2420.48","2517.30","0.00","Compound","12860","G:12860","Global","0.00","0.00","421.17","438.02","0.00","0.00","16.85","16.85","438.02","1","Partially Paid","0.00","96.82","96.82","02/27/2013","2517.30","0.00","0.00","0.00","0.00","741","1","","Open","0.00","438.02","0","0.00","Cash","0","02/28/2013","Payment","PAY","438.02","(438.02)"
"364","1","0.00","0.00","0.00","0.00","0.00","0.00","0.00","0.00","0.00","0.00","0.00","397.35","413.24","0.00","Compound","12861","G:12861","Global","0.00","0.00","397.35","413.24","0.00","0.00","15.89","15.89","413.24","1","Paid in Full","0.00","15.89","15.89","02/27/2013","413.24","0.00","0.00","0.00","0.00","252","1","339","Open","0.00","413.24","0","0.00","Check","0","01/28/2013","Payment","PAY","439.01","(439.01)"
"402","1","0.00","0.00","0.00","0.00","794.21","825.98","0.00","0.00","31.77","31.77","825.98","1243.31","1293.04","0.00","Compound","12863","G:12863","Global","0.00","0.00","449.10","467.06","0.00","0.00","17.96","17.96","467.06","1","Partially Paid","0.00","49.73","49.73","02/27/2013","1293.04","0.00","0.00","0.00","0.00","307","1","","Open","0.00","1.01","0","0.00","Unknown","0","01/28/2013","Credit","CRED","1.01","(1.01)","403","1","","Open","0.00","25.01","0","0.00","Unknown","0","02/27/2013","Payment","PAY","25.01","(25.01)","1814","1","","Open","0.00","441.04","0","0.00","Visa","0","04/28/2013","Payment","PAY","441.04","(441.04)"
"523","1","0.00","0.00","0.00","0.00","0.00","0.00","0.00","0.00","0.00","0.00","0.00","121.22","126.07","0.00","Compound","12864","G:12864","Global","0.00","0.00","121.22","126.07","0.00","0.00","4.85","4.85","126.07","1","Paid in Full","0.00","4.85","4.85","02/27/2013","126.07","0.00","0.00","0.00","0.00","1233","1","","Open","0.00","126.07","0","0.00","American Express","0","03/28/2013","Payment","PAY","442.03","(442.03)"
"444","1","0.00","0.00","0.00","0.00","0.00","0.00","0.00","0.00","0.00","0.00","0.00","224.47","233.45","0.00","Compound","12865","G:12865","Global","0.00","0.00","224.47","233.45","0.00","0.00","8.98","8.98","233.45","1","Paid in Full","0.00","8.98","8.98","02/27/2013","233.45","0.00","0.00","0.00","0.00","742","1","","Open","0.00","233.45","0","0.00","Cash","0","02/28/2013","Payment","PAY","443.02","(443.02)"
"524","1","0.00","0.00","0.00","0.00","0.00","0.00","0.00","0.00","0.00","0.00","0.00","329.73","342.92","0.00","Compound","12866","G:12866","Global","0.00","0.00","329.73","342.92","0.00","0.00","13.19","13.19","342.92","1","Paid in Full","0.00","13.19","13.19","02/27/2013","342.92","0.00","0.00","0.00","0.00","253","1","344","Open","0.00","342.92","0","0.00","Check","0","01/28/2013","Payment","PAY","444.01","(444.01)"
"404","1","0.00","0.00","0.00","0.00","657.51","683.81","0.00","0.00","26.30","26.30","683.81","657.51","683.81","0.00","Compound","12867","G:12867","Global","0.00","0.00","0.00","0.00","0.00","0.00","0.00","0.00","0.00","1","Unpaid","0.00","26.30","26.30","02/27/2013","683.81","0.00","0.00","0.00","0.00"
"569","1","0.00","0.00","0.00","0.00","437.05","454.53","0.00","0.00","17.48","17.48","454.53","437.05","454.53","0.00","Compound","12868","G:12868","Global","0.00","0.00","0.00","0.00","0.00","0.00","0.00","0.00","0.00","1","Unpaid","0.00","17.48","17.48","02/27/2013","454.53","0.00","0.00","0.00","0.00"
"476","1","0.00","0.00","0.00","0.00","340.19","353.80","0.00","0.00","13.61","13.61","353.80","770.98","801.82","0.00","Compound","12870","G:12870","Global","0.00","0.00","430.79","448.02","0.00","0.00","17.23","17.23","448.02","1","Partially Paid","0.00","30.84","30.84","02/27/2013","801.82","0.00","0.00","0.00","0.00","743","1","","Open","0.00","448.02","0","0.00","Cash","0","02/28/2013","Payment","PAY","448.02","(448.02)"
"365","1","0.00","0.00","0.00","0.00","452.66","470.76","349.99","0.00","18.10","18.10","820.75","886.34","921.79","349.99","Compound","12871","G:12871","Global","0.00","0.00","433.68","451.03","0.00","0.00","17.35","17.35","451.03","1","Partially Paid","0.00","35.45","35.45","02/27/2013","1271.78","0.00","0.00","0.00","0.00","254","1","349","Open","0.00","449.01","0","0.00","Check","0","01/28/2013","Payment","PAY","449.01","(449.01)","797","1","","Open","0.00","2.02","0","0.00","Unknown","0","02/28/2013","Credit","CRED","2.02","(2.02)"
"1091","1","0.00","0.00","0.00","0.00","0.00","0.00","0.00","0.00","0.00","0.00","0.00","0.00","0.00","1.99","Compound","12873","G:12873","Global","0.00","0.00","0.00","0.00","1.99","0.00","0.00","0.00","1.99","1","Paid in Full","0.00","0.00","0.00","03/27/2013","1.99","0.00","0.00","0.00","0.00","1092","1","","Open","0.00","0.00","0","1.99","Unknown","0","03/27/2013","Payment","PAY","1.99","(1.99)"
"977","1","0.00","0.00","0.00","0.00","0.00","0.00","0.00","0.00","0.00","0.00","0.00","0.00","0.00","3.13","Compound","12874","G:12874","Global","0.00","0.00","0.00","0.00","3.13","0.00","0.00","0.00","3.13","1","Paid in Full","0.00","0.00","0.00","03/27/2013","3.13","0.00","0.00","0.00","0.00","978","1","","Open","0.00","0.00","0","3.13","Unknown","0","03/27/2013","Payment","PAY","3.13","(3.13)"
"1139","1","0.00","0.00","0.00","0.00","0.00","0.00","0.00","0.00","0.00","0.00","0.00","0.00","0.00","4.51","Compound","12875","G:12875","Global","0.00","0.00","0.00","0.00","4.51","0.00","0.00","0.00","4.51","1","Paid in Full","0.00","0.00","0.00","03/27/2013","4.51","0.00","0.00","0.00","0.00","1140","1","","Open","0.00","0.00","0","4.51","Unknown","0","03/27/2013","Payment","PAY","4.51","(4.51)"
"859","1","0.00","0.00","0.00","0.00","0.00","0.00","0.00","0.00","0.00","0.00","0.00","0.00","0.00","6.76","Compound","12876","G:12876","Global","0.00","0.00","0.00","0.00","6.76","0.00","0.00","0.00","6.76","1","Paid in Full","0.00","0.00","0.00","03/27/2013","6.76","0.00","0.00","0.00","0.00","860","1","","Open","0.00","0.00","0","6.76","Unknown","0","03/27/2013","Payment","PAY","6.76","(6.76)"
"800","1","0.00","0.00","0.00","0.00","0.00","0.00","0.00","0.00","0.00","0.00","0.00","0.00","0.00","6.87","Compound","12877","G:12877","Global","0.00","0.00","0.00","0.00","6.87","0.00","0.00","0.00","6.87","1","Paid in Full","0.00","0.00","0.00","03/27/2013","6.87","0.00","0.00","0.00","0.00","801","1","","Open","0.00","0.00","0","6.87","Unknown","0","03/27/2013","Payment","PAY","6.87","(6.87)"
"1023","1","0.00","0.00","0.00","0.00","287.89","299.41","1.15","0.00","11.52","11.52","300.56","287.89","299.41","1.15","Compound","12879","G:12879","Global","0.00","0.00","0.00","0.00","0.00","0.00","0.00","0.00","0.00","1","Unpaid","0.00","11.52","11.52","03/27/2013","300.56","0.00","89.43","0.00","0.00"
"804","1","0.00","0.00","0.00","0.00","332.91","346.23","0.91","0.00","13.32","13.32","347.14","332.91","346.23","0.91","Compound","12880","G:12880","Global","0.00","0.00","0.00","0.00","0.00","0.00","0.00","0.00","0.00","1","Unpaid","0.00","13.32","13.32","03/27/2013","347.14","0.00","88.68","0.00","0.00"
"1002","1","0.00","0.00","0.00","0.00","1381.43","1436.69","5.09","0.00","55.26","55.26","1441.78","1381.43","1436.69","5.09","Compound","12881","G:12881","Global","0.00","0.00","0.00","0.00","0.00","0.00","0.00","0.00","0.00","1","Unpaid","0.00","55.26","55.26","03/27/2013","1441.78","0.00","66.84","0.00","0.00"
"1104","1","0.00","0.00","0.00","0.00","0.00","0.00","0.00","0.00","0.00","0.00","0.00","0.00","0.00","4.56","Compound","12883","G:12883","Global","0.00","0.00","0.00","0.00","4.56","0.00","0.00","0.00","4.56","1","Paid in Full","0.00","0.00","0.00","03/27/2013","4.56","0.00","0.00","0.00","0.00","1105","1","","Open","0.00","0.00","0","4.56","Unknown","0","03/27/2013","Payment","PAY","4.56","(4.56)"
"921","1","0.00","0.00","0.00","0.00","0.00","0.00","0.50","0.00","0.00","0.00","0.50","0.00","0.00","0.50","Compound","12884","G:12884","Global","0.00","0.00","0.00","0.00","0.00","0.00","0.00","0.00","0.00","1","Unpaid","0.00","0.00","0.00","03/27/2013","0.50","0.00","0.00","0.00","0.00"
"922","1","0.00","0.00","0.00","0.00","0.00","0.00","0.47","0.00","0.00","0.00","0.47","0.00","0.00","0.47","Compound","12885","G:12885","Global","0.00","0.00","0.00","0.00","0.00","0.00","0.00","0.00","0.00","1","Unpaid","0.00","0.00","0.00","03/27/2013","0.47","0.00","0.00","0.00","0.00"
"894","1","0.00","0.00","0.00","0.00","0.00","0.00","0.89","0.00","0.00","0.00","0.89","0.00","0.00","0.89","Compound","12886","G:12886","Global","0.00","0.00","0.00","0.00","0.00","0.00","0.00","0.00","0.00","1","Unpaid","0.00","0.00","0.00","03/27/2013","0.89","0.00","0.00","0.00","0.00"
"979","1","0.00","0.00","0.00","0.00","0.00","0.00","0.00","0.00","0.00","0.00","0.00","0.00","0.00","2.50","Compound","12887","G:12887","Global","0.00","0.00","0.00","0.00","2.50","0.00","0.00","0.00","2.50","1","Paid in Full","0.00","0.00","0.00","03/27/2013","2.50","0.00","0.00","0.00","0.00","1251","1","","Open","0.00","0.00","0","2.50","Unknown","0","03/28/2013","Credit","CRED","3.03","(3.03)"
"895","1","0.00","0.00","0.00","0.00","0.00","0.00","0.00","0.00","0.00","0.00","0.00","0.00","0.00","1.71","Compound","12888","G:12888","Global","0.00","0.00","0.00","0.00","1.71","0.00","0.00","0.00","1.71","1","Paid in Full","0.00","0.00","0.00","03/27/2013","1.71","0.00","0.00","0.00","0.00","896","1","","Open","0.00","0.00","0","1.71","Unknown","0","03/27/2013","Payment","PAY","1.71","(1.71)"
"937","1","0.00","0.00","0.00","0.00","0.00","0.00","2.51","0.00","0.00","0.00","2.51","0.00","0.00","2.51","Compound","12889","G:12889","Global","0.00","0.00","0.00","0.00","0.00","0.00","0.00","0.00","0.00","1","Unpaid","0.00","0.00","0.00","03/27/2013","2.51","0.00","0.00","0.00","0.00"
"1081","1","0.00","0.00","0.00","0.00","0.00","0.00","2.95","0.00","0.00","0.00","2.95","0.00","0.00","2.95","Compound","12890","G:12890","Global","0.00","0.00","0.00","0.00","0.00","0.00","0.00","0.00","0.00","1","Unpaid","0.00","0.00","0.00","03/27/2013","2.95","0.00","0.00","0.00","0.00"
"923","1","0.00","0.00","0.00","0.00","0.00","0.00","3.71","0.00","0.00","0.00","3.71","0.00","0.00","3.71","Compound","12891","G:12891","Global","0.00","0.00","0.00","0.00","0.00","0.00","0.00","0.00","0.00","1","Unpaid","0.00","0.00","0.00","03/27/2013","3.71","0.00","0.00","0.00","0.00"
"805","1","0.00","0.00","0.00","0.00","0.00","0.00","0.00","0.00","0.00","0.00","0.00","0.00","0.00","0.18","Compound","12892","G:12892","Global","0.00","0.00","0.00","0.00","0.18","0.00","0.00","0.00","0.18","1","Paid in Full","0.00","0.00","0.00","03/27/2013","0.18","0.00","0.00","0.00","0.00","806","1","","Open","0.00","0.00","0","0.18","Unknown","0","03/27/2013","Payment","PAY","0.18","(0.18)"
"980","1","0.00","0.00","0.00","0.00","0.00","0.00","0.00","0.00","0.00","0.00","0.00","0.00","0.00","1.00","Compound","12893","G:12893","Global","0.00","0.00","0.00","0.00","1.00","0.00","0.00","0.00","1.00","1","Paid in Full","0.00","0.00","0.00","03/27/2013","1.00","0.00","0.00","0.00","0.00","1252","1","","Open","0.00","0.00","0","1.00","Unknown","0","03/28/2013","Credit","CRED","3.03","(3.03)"
"1045","1","0.00","0.00","0.00","0.00","0.00","0.00","5.83","0.00","0.00","0.00","5.83","0.00","0.00","5.83","Compound","12894","G:12894","Global","0.00","0.00","0.00","0.00","0.00","0.00","0.00","0.00","0.00","1","Unpaid","0.00","0.00","0.00","03/27/2013","5.83","0.00","0.00","0.00","0.00"
"1106","1","0.00","0.00","0.00","0.00","0.00","0.00","5.06","0.00","0.00","0.00","5.06","0.00","0.00","5.06","Compound","12895","G:12895","Global","0.00","0.00","0.00","0.00","0.00","0.00","0.00","0.00","0.00","1","Unpaid","0.00","0.00","0.00","03/27/2013","5.06","0.00","0.00","0.00","0.00"
"938","1","0.00","0.00","0.00","0.00","0.00","0.00","0.00","0.00","0.00","0.00","0.00","0.00","0.00","3.13","Compound","12896","G:12896","Global","0.00","0.00","0.00","0.00","3.13","0.00","0.00","0.00","3.13","1","Paid in Full","0.00","0.00","0.00","03/27/2013","3.13","0.00","0.00","0.00","0.00","939","1","","Open","0.00","0.00","0","3.13","Unknown","0","03/27/2013","Payment","PAY","3.13","(3.13)"
"898","1","0.00","0.00","0.00","0.00","0.00","0.00","2.78","0.00","0.00","0.00","2.78","0.00","0.00","2.78","Compound","12897","G:12897","Global","0.00","0.00","0.00","0.00","0.00","0.00","0.00","0.00","0.00","1","Unpaid","0.00","0.00","0.00","03/27/2013","2.78","0.00","0.00","0.00","0.00"
"802","1","0.00","0.00","0.00","0.00","0.00","0.00","5.13","0.00","0.00","0.00","5.13","0.00","0.00","5.13","Compound","12898","G:12898","Global","0.00","0.00","0.00","0.00","0.00","0.00","0.00","0.00","0.00","1","Unpaid","0.00","0.00","0.00","03/27/2013","5.13","0.00","0.00","0.00","0.00"
"940","1","0.00","0.00","0.00","0.00","0.00","0.00","34.09","0.00","0.00","0.00","34.09","0.00","0.00","39.15","Compound","12899","G:12899","Global","0.00","0.00","0.00","0.00","5.06","0.00","0.00","0.00","5.06","1","Partially Paid","0.00","0.00","0.00","03/27/2013","39.15","0.00","0.00","0.00","0.00","1151","1","","Open","0.00","0.00","0","2.03","Unknown","0","03/28/2013","Write Off","WOFF","2.03","(2.03)","1253","1","","Open","0.00","0.00","0","3.03","Unknown","0","03/28/2013","Credit","CRED","3.03","(3.03)"
"981","1","0.00","0.00","0.00","0.00","0.00","0.00","1.48","0.00","0.00","0.00","1.48","0.00","0.00","1.48","Compound","12900","G:12900","Global","0.00","0.00","0.00","0.00","0.00","0.00","0.00","0.00","0.00","1","Unpaid","0.00","0.00","0.00","03/27/2013","1.48","0.00","0.00","0.00","0.00"
"1067","1","0.00","0.00","0.00","0.00","0.00","0.00","3.31","0.00","0.00","0.00","3.31","0.00","0.00","3.31","Compound","12901","G:12901","Global","0.00","0.00","0.00","0.00","0.00","0.00","0.00","0.00","0.00","1","Unpaid","0.00","0.00","0.00","03/27/2013","3.31","0.00","0.00","0.00","0.00"
"1109","1","0.00","0.00","0.00","0.00","0.00","0.00","7.57","0.00","0.00","0.00","7.57","0.00","0.00","7.57","Compound","12902","G:12902","Global","0.00","0.00","0.00","0.00","0.00","0.00","0.00","0.00","0.00","1","Unpaid","0.00","0.00","0.00","03/27/2013","7.57","0.00","0.00","0.00","0.00"
"976","1","0.00","0.00","0.00","0.00","0.00","0.00","2.24","0.00","0.00","0.00","2.24","0.00","0.00","2.24","Compound","12903","G:12903","Global","0.00","0.00","0.00","0.00","0.00","0.00","0.00","0.00","0.00","1","Unpaid","0.00","0.00","0.00","03/27/2013","2.24","0.00","0.00","0.00","0.00"
"941","1","0.00","0.00","0.00","0.00","0.00","0.00","0.00","0.00","0.00","0.00","0.00","0.00","0.00","3.68","Compound","12904","G:12904","Global","0.00","0.00","0.00","0.00","3.68","0.00","0.00","0.00","3.68","1","Paid in Full","0.00","0.00","0.00","03/27/2013","3.68","0.00","0.00","0.00","0.00","942","1","","Open","0.00","0.00","0","3.68","Unknown","0","03/27/2013","Payment","PAY","3.68","(3.68)"
"1077","1","0.00","0.00","0.00","0.00","0.00","0.00","3.53","0.00","0.00","0.00","3.53","0.00","0.00","3.53","Compound","12905","G:12905","Global","0.00","0.00","0.00","0.00","0.00","0.00","0.00","0.00","0.00","1","Unpaid","0.00","0.00","0.00","03/27/2013","3.53","0.00","0.00","0.00","0.00"
"1120","1","0.00","0.00","0.00","0.00","0.00","0.00","0.97","0.00","0.00","0.00","0.97","0.00","0.00","4.00","Compound","12906","G:12906","Global","0.00","0.00","0.00","0.00","3.03","0.00","0.00","0.00","3.03","1","Partially Paid","0.00","0.00","0.00","03/27/2013","4.00","0.00","0.00","0.00","0.00","1254","1","","Open","0.00","0.00","0","3.03","Unknown","0","03/28/2013","Credit","CRED","3.03","(3.03)"
"807","1","0.00","0.00","0.00","0.00","0.00","0.00","4.40","0.00","0.00","0.00","4.40","0.00","0.00","4.40","Compound","12907","G:12907","Global","0.00","0.00","0.00","0.00","0.00","0.00","0.00","0.00","0.00","1","Unpaid","0.00","0.00","0.00","03/27/2013","4.40","0.00","0.00","0.00","0.00"
"1080","1","0.00","0.00","0.00","0.00","0.00","0.00","0.48","0.00","0.00","0.00","0.48","0.00","0.00","0.48","Compound","12908","G:12908","Global","0.00","0.00","0.00","0.00","0.00","0.00","0.00","0.00","0.00","1","Unpaid","0.00","0.00","0.00","03/27/2013","0.48","0.00","0.00","0.00","0.00"
"943","1","0.00","0.00","0.00","0.00","0.00","0.00","0.00","0.00","0.00","0.00","0.00","0.00","0.00","0.90","Compound","12909","G:12909","Global","0.00","0.00","0.00","0.00","0.90","0.00","0.00","0.00","0.90","1","Paid in Full","0.00","0.00","0.00","03/27/2013","0.90","0.00","0.00","0.00","0.00","944","1","","Open","0.00","0.00","0","0.90","Unknown","0","03/27/2013","Payment","PAY","0.90","(0.90)"
"1101","1","0.00","0.00","0.00","0.00","0.00","0.00","1.32","0.00","0.00","0.00","1.32","0.00","0.00","1.32","Compound","12910","G:12910","Global","0.00","0.00","0.00","0.00","0.00","0.00","0.00","0.00","0.00","1","Unpaid","0.00","0.00","0.00","03/27/2013","1.32","0.00","0.00","0.00","0.00"
"900","1","0.00","0.00","0.00","0.00","0.00","0.00","2.06","0.00","0.00","0.00","2.06","0.00","0.00","2.06","Compound","12911","G:12911","Global","0.00","0.00","0.00","0.00","0.00","0.00","0.00","0.00","0.00","1","Unpaid","0.00","0.00","0.00","03/27/2013","2.06","0.00","0.00","0.00","0.00"
"1001","1","0.00","0.00","0.00","0.00","0.00","0.00","1.17","0.00","0.00","0.00","1.17","0.00","0.00","1.17","Compound","12912","G:12912","Global","0.00","0.00","0.00","0.00","0.00","0.00","0.00","0.00","0.00","1","Unpaid","0.00","0.00","0.00","03/27/2013","1.17","0.00","0.00","0.00","0.00"
"1046","1","0.00","0.00","0.00","0.00","0.00","0.00","0.05","0.00","0.00","0.00","0.05","0.00","0.00","3.08","Compound","12913","G:12913","Global","0.00","0.00","0.00","0.00","3.03","0.00","0.00","0.00","3.03","1","Partially Paid","0.00","0.00","0.00","03/27/2013","3.08","0.00","0.00","0.00","0.00","1255","1","","Open","0.00","0.00","0","3.03","Unknown","0","03/28/2013","Credit","CRED","3.03","(3.03)"
"982","1","0.00","0.00","0.00","0.00","0.00","0.00","0.00","0.00","0.00","0.00","0.00","0.00","0.00","3.54","Compound","12914","G:12914","Global","0.00","0.00","0.00","0.00","3.54","0.00","0.00","0.00","3.54","1","Paid in Full","0.00","0.00","0.00","03/27/2013","3.54","0.00","0.00","0.00","0.00","983","1","","Open","0.00","0.00","0","3.54","Unknown","0","03/27/2013","Payment","PAY","3.54","(3.54)"
"1082","1","0.00","0.00","0.00","0.00","0.00","0.00","0.37","0.00","0.00","0.00","0.37","0.00","0.00","3.40","Compound","12915","G:12915","Global","0.00","0.00","0.00","0.00","3.03","0.00","0.00","0.00","3.03","1","Partially Paid","0.00","0.00","0.00","03/27/2013","3.40","0.00","0.00","0.00","0.00","1152","1","","Open","0.00","0.00","0","3.03","Unknown","0","03/28/2013","Write Off","WOFF","3.03","(3.03)"
"945","1","0.00","0.00","0.00","0.00","0.00","0.00","4.97","0.00","0.00","0.00","4.97","0.00","0.00","4.97","Compound","12916","G:12916","Global","0.00","0.00","0.00","0.00","0.00","0.00","0.00","0.00","0.00","1","Unpaid","0.00","0.00","0.00","03/27/2013","4.97","0.00","0.00","0.00","0.00"
"1121","1","0.00","0.00","0.00","0.00","0.00","0.00","0.48","0.00","0.00","0.00","0.48","0.00","0.00","0.48","Compound","12917","G:12917","Global","0.00","0.00","0.00","0.00","0.00","0.00","0.00","0.00","0.00","1","Unpaid","0.00","0.00","0.00","03/27/2013","0.48","0.00","0.00","0.00","0.00"
"1003","1","0.00","0.00","0.00","0.00","0.00","0.00","0.90","0.00","0.00","0.00","0.90","0.00","0.00","0.90","Compound","12918","G:12918","Global","0.00","0.00","0.00","0.00","0.00","0.00","0.00","0.00","0.00","1","Unpaid","0.00","0.00","0.00","03/27/2013","0.90","0.00","0.00","0.00","0.00"
"1069","1","0.00","0.00","0.00","0.00","0.00","0.00","0.00","0.00","0.00","0.00","0.00","0.00","0.00","0.71","Compound","12919","G:12919","Global","0.00","0.00","0.00","0.00","0.71","0.00","0.00","0.00","0.71","1","Paid in Full","0.00","0.00","0.00","03/27/2013","0.71","0.00","0.00","0.00","0.00","1070","1","","Open","0.00","0.00","0","0.71","Unknown","0","03/27/2013","Payment","PAY","0.71","(0.71)"
"862","1","0.00","0.00","0.00","0.00","0.00","0.00","2.02","0.00","0.00","0.00","2.02","0.00","0.00","2.02","Compound","12920","G:12920","Global","0.00","0.00","0.00","0.00","0.00","0.00","0.00","0.00","0.00","1","Unpaid","0.00","0.00","0.00","03/27/2013","2.02","0.00","0.00","0.00","0.00"
"808","1","0.00","0.00","0.00","0.00","0.00","0.00","0.00","0.00","0.00","0.00","0.00","0.00","0.00","1.75","Compound","12921","G:12921","Global","0.00","0.00","0.00","0.00","1.75","0.00","0.00","0.00","1.75","1","Paid in Full","0.00","0.00","0.00","03/27/2013","1.75","0.00","0.00","0.00","0.00","1256","1","","Open","0.00","0.00","0","1.75","Unknown","0","03/28/2013","Credit","CRED","3.03","(3.03)"
"809","1","0.00","0.00","0.00","0.00","0.00","0.00","3.01","0.00","0.00","0.00","3.01","0.00","0.00","3.01","Compound","12922","G:12922","Global","0.00","0.00","0.00","0.00","0.00","0.00","0.00","0.00","0.00","1","Unpaid","0.00","0.00","0.00","03/27/2013","3.01","0.00","0.00","0.00","0.00"
"1110","1","0.00","0.00","0.00","0.00","0.00","0.00","2.74","0.00","0.00","0.00","2.74","0.00","0.00","2.74","Compound","12923","G:12923","Global","0.00","0.00","0.00","0.00","0.00","0.00","0.00","0.00","0.00","1","Unpaid","0.00","0.00","0.00","03/27/2013","2.74","0.00","0.00","0.00","0.00"
"882","1","0.00","0.00","0.00","0.00","0.00","0.00","0.00","0.00","0.00","0.00","0.00","0.00","0.00","3.19","Compound","12924","G:12924","Global","0.00","0.00","0.00","0.00","3.19","0.00","0.00","0.00","3.19","1","Paid in Full","0.00","0.00","0.00","03/27/2013","3.19","0.00","0.00","0.00","0.00","883","1","","Open","0.00","0.00","0","3.19","Unknown","0","03/27/2013","Payment","PAY","3.19","(3.19)"
"1047","1","0.00","0.00","0.00","0.00","0.00","0.00","4.56","0.00","0.00","0.00","4.56","0.00","0.00","4.56","Compound","12925","G:12925","Global","0.00","0.00","0.00","0.00","0.00","0.00","0.00","0.00","0.00","1","Unpaid","0.00","0.00","0.00","03/27/2013","4.56","0.00","0.00","0.00","0.00"
"902","1","0.00","0.00","0.00","0.00","0.00","0.00","0.50","0.00","0.00","0.00","0.50","0.00","0.00","0.50","Compound","12926","G:12926","Global","0.00","0.00","0.00","0.00","0.00","0.00","0.00","0.00","0.00","1","Unpaid","0.00","0.00","0.00","03/27/2013","0.50","0.00","0.00","0.00","0.00"
"984","1","0.00","0.00","0.00","0.00","0.00","0.00","69.25","0.00","0.00","0.00","69.25","0.00","0.00","69.25","Compound","12927","G:12927","Global","0.00","0.00","0.00","0.00","0.00","0.00","0.00","0.00","0.00","1","Unpaid","0.00","0.00","0.00","03/27/2013","69.25","0.00","0.00","0.00","0.00"
"903","1","0.00","0.00","0.00","0.00","0.00","0.00","0.00","0.00","0.00","0.00","0.00","0.00","0.00","0.68","Compound","12928","G:12928","Global","0.00","0.00","0.00","0.00","0.68","0.00","0.00","0.00","0.68","1","Paid in Full","0.00","0.00","0.00","03/27/2013","0.68","0.00","0.00","0.00","0.00","1257","1","","Open","0.00","0.00","0","0.68","Unknown","0","03/28/2013","Credit","CRED","3.03","(3.03)"
"810","1","0.00","0.00","0.00","0.00","0.00","0.00","0.00","0.00","0.00","0.00","0.00","0.00","0.00","2.50","Compound","12929","G:12929","Global","0.00","0.00","0.00","0.00","2.50","0.00","0.00","0.00","2.50","1","Paid in Full","0.00","0.00","0.00","03/27/2013","2.50","0.00","0.00","0.00","0.00","811","1","","Open","0.00","0.00","0","2.50","Unknown","0","03/27/2013","Payment","PAY","2.50","(2.50)"
"863","1","0.00","0.00","0.00","0.00","0.00","0.00","1.71","0.00","0.00","0.00","1.71","0.00","0.00","1.71","Compound","12930","G:12930","Global","0.00","0.00","0.00","0.00","0.00","0.00","0.00","0.00","0.00","1","Unpaid","0.00","0.00","0.00","03/27/2013","1.71","0.00","0.00","0.00","0.00"
"1128","1","0.00","0.00","0.00","0.00","0.00","0.00","2.30","0.00","0.00","0.00","2.30","0.00","0.00","2.30","Compound","12931","G:12931","Global","0.00","0.00","0.00","0.00","0.00","0.00","0.00","0.00","0.00","1","Unpaid","0.00","0.00","0.00","03/27/2013","2.30","0.00","0.00","0.00","0.00"
"1048","1","0.00","0.00","0.00","0.00","0.00","0.00","2.74","0.00","0.00","0.00","2.74","0.00","0.00","2.74","Compound","12932","G:12932","Global","0.00","0.00","0.00","0.00","0.00","0.00","0.00","0.00","0.00","1","Unpaid","0.00","0.00","0.00","03/27/2013","2.74","0.00","0.00","0.00","0.00"
"1129","1","0.00","0.00","0.00","0.00","0.00","0.00","0.00","0.00","0.00","0.00","0.00","0.00","0.00","4.70","Compound","12933","G:12933","Global","0.00","0.00","0.00","0.00","4.70","0.00","0.00","0.00","4.70","1","Paid in Full","0.00","0.00","0.00","03/27/2013","4.70","0.00","0.00","0.00","0.00","1130","1","","Open","0.00","0.00","0","4.70","Unknown","0","03/27/2013","Payment","PAY","4.70","(4.70)"
"1049","1","0.00","0.00","0.00","0.00","0.00","0.00","20.90","0.00","0.00","0.00","20.90","0.00","0.00","20.90","Compound","12934","G:12934","Global","0.00","0.00","0.00","0.00","0.00","0.00","0.00","0.00","0.00","1","Unpaid","0.00","0.00","0.00","03/27/2013","20.90","0.00","0.00","0.00","0.00"
"1004","1","0.00","0.00","0.00","0.00","0.00","0.00","1.29","0.00","0.00","0.00","1.29","0.00","0.00","1.29","Compound","12935","G:12935","Global","0.00","0.00","0.00","0.00","0.00","0.00","0.00","0.00","0.00","1","Unpaid","0.00","0.00","0.00","03/27/2013","1.29","0.00","0.00","0.00","0.00"
"969","1","0.00","0.00","0.00","0.00","0.00","0.00","3.86","0.00","0.00","0.00","3.86","0.00","0.00","3.86","Compound","12936","G:12936","Global","0.00","0.00","0.00","0.00","0.00","0.00","0.00","0.00","0.00","1","Unpaid","0.00","0.00","0.00","03/27/2013","3.86","0.00","0.00","0.00","0.00"
"1005","1","0.00","0.00","0.00","0.00","0.00","0.00","0.00","0.00","0.00","0.00","0.00","0.00","0.00","3.23","Compound","12937","G:12937","Global","0.00","0.00","0.00","0.00","3.23","0.00","0.00","0.00","3.23","1","Paid in Full","0.00","0.00","0.00","03/27/2013","3.23","0.00","0.00","0.00","0.00","1006","1","","Open","0.00","0.00","0","3.23","Unknown","0","03/27/2013","Payment","PAY","3.23","(3.23)"
"816","1","0.00","0.00","0.00","0.00","0.00","0.00","0.00","0.00","0.00","0.00","0.00","0.00","0.00","8.01","Compound","12938","G:12938","Global","0.00","0.00","0.00","0.00","8.01","0.00","0.00","0.00","8.01","1","Paid in Full","0.00","0.00","0.00","03/27/2013","8.01","0.00","0.00","0.00","0.00","197","1","84","Open","0.00","0.00","0","8.01","Check","0","01/28/2013","Payment","PAY","184.01","(184.01)"
"815","1","0.00","0.00","0.00","0.00","0.00","0.00","0.00","0.00","0.00","0.00","0.00","0.00","0.00","4.32","Compound","12939","G:12939","Global","0.00","0.00","0.00","0.00","4.32","0.00","0.00","0.00","4.32","1","Paid in Full","0.00","0.00","0.00","03/27/2013","4.32","0.00","0.00","0.00","0.00","745","1","","Open","0.00","0.00","0","4.32","Unknown","0","02/28/2013","Payment","PAY","11.02","(11.02)"
"813","1","0.00","0.00","0.00","0.00","0.00","0.00","0.00","0.00","0.00","0.00","0.00","0.00","0.00","0.52","Compound","12940","G:12940","Global","0.00","0.00","0.00","0.00","0.52","0.00","0.00","0.00","0.52","1","Paid in Full","0.00","0.00","0.00","03/27/2013","0.52","0.00","0.00","0.00","0.00","814","1","","Open","0.00","0.00","0","0.52","Unknown","0","03/27/2013","Payment","PAY","0.52","(0.52)"
"1083","1","0.00","0.00","0.00","0.00","0.00","0.00","0.61","0.00","0.00","0.00","0.61","0.00","0.00","0.61","Compound","12941","G:12941","Global","0.00","0.00","0.00","0.00","0.00","0.00","0.00","0.00","0.00","1","Unpaid","0.00","0.00","0.00","03/27/2013","0.61","0.00","0.00","0.00","0.00"
"1111","1","0.00","0.00","0.00","0.00","0.00","0.00","2.71","0.00","0.00","0.00","2.71","0.00","0.00","2.71","Compound","12942","G:12942","Global","0.00","0.00","0.00","0.00","0.00","0.00","0.00","0.00","0.00","1","Unpaid","0.00","0.00","0.00","03/27/2013","2.71","0.00","0.00","0.00","0.00"
"890","1","0.00","0.00","0.00","0.00","0.00","0.00","0.96","0.00","0.00","0.00","0.96","0.00","0.00","0.96","Compound","12943","G:12943","Global","0.00","0.00","0.00","0.00","0.00","0.00","0.00","0.00","0.00","1","Unpaid","0.00","0.00","0.00","03/27/2013","0.96","0.00","0.00","0.00","0.00"
"904","1","0.00","0.00","0.00","0.00","0.00","0.00","2.30","0.00","0.00","0.00","2.30","0.00","0.00","2.30","Compound","12944","G:12944","Global","0.00","0.00","0.00","0.00","0.00","0.00","0.00","0.00","0.00","1","Unpaid","0.00","0.00","0.00","03/27/2013","2.30","0.00","0.00","0.00","0.00"
"1024","1","0.00","0.00","0.00","0.00","0.00","0.00","2.91","0.00","0.00","0.00","2.91","0.00","0.00","2.91","Compound","12945","G:12945","Global","0.00","0.00","0.00","0.00","0.00","0.00","0.00","0.00","0.00","1","Unpaid","0.00","0.00","0.00","03/27/2013","2.91","0.00","0.00","0.00","0.00"
"1131","1","0.00","0.00","0.00","0.00","0.00","0.00","0.00","0.00","0.00","0.00","0.00","0.00","0.00","9.60","Compound","12946","G:12946","Global","0.00","0.00","0.00","0.00","9.60","0.00","0.00","0.00","9.60","1","Paid in Full","0.00","0.00","0.00","03/27/2013","9.60","0.00","0.00","0.00","0.00","1132","1","","Open","0.00","0.00","0","9.60","Unknown","0","03/27/2013","Payment","PAY","9.60","(9.60)"
"1133","1","0.00","0.00","0.00","0.00","0.00","0.00","7.93","0.00","0.00","0.00","7.93","0.00","0.00","10.96","Compound","12947","G:12947","Global","0.00","0.00","0.00","0.00","3.03","0.00","0.00","0.00","3.03","1","Partially Paid","0.00","0.00","0.00","03/27/2013","10.96","0.00","0.00","0.00","0.00","1260","1","","Open","0.00","0.00","0","3.03","Unknown","0","03/28/2013","Credit","CRED","3.03","(3.03)"
"1112","1","0.00","0.00","0.00","0.00","0.00","0.00","11.38","0.00","0.00","0.00","11.38","0.00","0.00","11.38","Compound","12948","G:12948","Global","0.00","0.00","0.00","0.00","0.00","0.00","0.00","0.00","0.00","1","Unpaid","0.00","0.00","0.00","03/27/2013","11.38","0.00","0.00","0.00","0.00"
"884","1","0.00","0.00","0.00","0.00","0.00","0.00","2.28","0.00","0.00","0.00","2.28","0.00","0.00","2.28","Compound","12949","G:12949","Global","0.00","0.00","0.00","0.00","0.00","0.00","0.00","0.00","0.00","1","Unpaid","0.00","0.00","0.00","03/27/2013","2.28","0.00","0.00","0.00","0.00"
"975","1","0.00","0.00","0.00","0.00","0.00","0.00","0.90","0.00","0.00","0.00","0.90","0.00","0.00","0.90","Compound","12950","G:12950","Global","0.00","0.00","0.00","0.00","0.00","0.00","0.00","0.00","0.00","1","Unpaid","0.00","0.00","0.00","03/27/2013","0.90","0.00","0.00","0.00","0.00"
"1050","1","0.00","0.00","0.00","0.00","0.00","0.00","1.32","0.00","0.00","0.00","1.32","0.00","0.00","1.32","Compound","12951","G:12951","Global","0.00","0.00","0.00","0.00","0.00","0.00","0.00","0.00","0.00","1","Unpaid","0.00","0.00","0.00","03/27/2013","1.32","0.00","0.00","0.00","0.00"
"1127","1","0.00","0.00","0.00","0.00","0.00","0.00","105.83","0.00","0.00","0.00","105.83","0.00","0.00","105.83","Compound","12952","G:12952","Global","0.00","0.00","0.00","0.00","0.00","0.00","0.00","0.00","0.00","1","Unpaid","0.00","0.00","0.00","03/27/2013","105.83","0.00","0.00","0.00","0.00"
"924","1","0.00","0.00","0.00","0.00","0.00","0.00","21.73","0.00","0.00","0.00","21.73","0.00","0.00","21.73","Compound","12953","G:12953","Global","0.00","0.00","0.00","0.00","0.00","0.00","0.00","0.00","0.00","1","Unpaid","0.00","0.00","0.00","03/27/2013","21.73","0.00","0.00","0.00","0.00"
"910","1","0.00","0.00","0.00","0.00","0.00","0.00","0.00","0.00","0.00","0.00","0.00","0.00","0.00","3.07","Compound","12954","G:12954","Global","0.00","0.00","0.00","0.00","3.07","0.00","0.00","0.00","3.07","1","Paid in Full","0.00","0.00","0.00","03/27/2013","3.07","0.00","0.00","0.00","0.00","911","1","","Open","0.00","0.00","0","3.07","Unknown","0","03/27/2013","Payment","PAY","3.07","(3.07)"
"1025","1","0.00","0.00","0.00","0.00","0.00","0.00","3.53","0.00","0.00","0.00","3.53","0.00","0.00","3.53","Compound","12955","G:12955","Global","0.00","0.00","0.00","0.00","0.00","0.00","0.00","0.00","0.00","1","Unpaid","0.00","0.00","0.00","03/27/2013","3.53","0.00","0.00","0.00","0.00"
"817","1","0.00","0.00","0.00","0.00","0.00","0.00","3.21","0.00","0.00","0.00","3.21","0.00","0.00","3.21","Compound","12956","G:12956","Global","0.00","0.00","0.00","0.00","0.00","0.00","0.00","0.00","0.00","1","Unpaid","0.00","0.00","0.00","03/27/2013","3.21","0.00","0.00","0.00","0.00"
"946","1","0.00","0.00","0.00","0.00","0.00","0.00","4.96","0.00","0.00","0.00","4.96","0.00","0.00","4.96","Compound","12957","G:12957","Global","0.00","0.00","0.00","0.00","0.00","0.00","0.00","0.00","0.00","1","Unpaid","0.00","0.00","0.00","03/27/2013","4.96","0.00","0.00","0.00","0.00"
"818","1","0.00","0.00","0.00","0.00","0.00","0.00","0.48","0.00","0.00","0.00","0.48","0.00","0.00","0.48","Compound","12958","G:12958","Global","0.00","0.00","0.00","0.00","0.00","0.00","0.00","0.00","0.00","1","Unpaid","0.00","0.00","0.00","03/27/2013","0.48","0.00","0.00","0.00","0.00"
"819","1","0.00","0.00","0.00","0.00","0.00","0.00","0.00","0.00","0.00","0.00","0.00","0.00","0.00","0.90","Compound","12959","G:12959","Global","0.00","0.00","0.00","0.00","0.90","0.00","0.00","0.00","0.90","1","Paid in Full","0.00","0.00","0.00","03/27/2013","0.90","0.00","0.00","0.00","0.00","820","1","","Open","0.00","0.00","0","0.90","Unknown","0","03/27/2013","Payment","PAY","0.90","(0.90)"
"864","1","0.00","0.00","0.00","0.00","0.00","0.00","0.50","0.00","0.00","0.00","0.50","0.00","0.00","0.50","Compound","12960","G:12960","Global","0.00","0.00","0.00","0.00","0.00","0.00","0.00","0.00","0.00","1","Unpaid","0.00","0.00","0.00","03/27/2013","0.50","0.00","0.00","0.00","0.00"
"893","1","0.00","0.00","0.00","0.00","328.87","342.02","0.00","0.00","13.15","13.15","342.02","330.05","343.25","1.80","Compound","12961","G:12961","Global","0.00","0.00","1.18","1.23","1.80","0.00","0.05","0.05","3.03","1","Partially Paid","0.00","13.20","13.20","03/27/2013","345.05","0.00","0.00","0.00","0.00","1262","1","","Open","0.00","1.23","0","1.80","Unknown","0","03/28/2013","Credit","CRED","3.03","(3.03)"
"926","1","0.00","0.00","0.00","0.00","658.13","684.46","1.65","0.00","26.33","26.33","686.11","658.13","684.46","1.74","Compound","12962","G:12962","Global","0.00","0.00","0.00","0.00","0.09","0.00","0.00","0.00","0.09","1","Partially Paid","0.00","26.33","26.33","03/27/2013","686.20","0.00","0.00","0.00","0.00","771","1","","Open","0.00","0.00","0","0.09","Unknown","0","02/28/2013","Credit","CRED","2.02","(2.02)"
"1008","1","0.00","0.00","0.00","0.00","20.99","21.83","0.00","0.00","0.84","0.84","21.83","437.47","454.97","0.00","Compound","12963","G:12963","Global","0.00","0.00","416.48","433.14","0.00","0.00","16.66","16.66","433.14","1","Partially Paid","0.00","17.50","17.50","03/27/2013","454.97","0.00","0.00","0.00","0.00","282","1","","Open","0.00","1.01","0","0.00","Unknown","0","01/28/2013","Credit","CRED","1.01","(1.01)","1766","1","","Open","0.00","216.04","0","0.00","Visa","0","04/28/2013","Payment","PAY","216.04","(216.04)","4682","1","","Open","0.00","216.09","0","0.00","Electronic Transfer","0","09/28/2013","Payment","PAY","216.09","(216.09)"
"821","1","0.00","0.00","0.00","0.00","0.00","0.00","2.84","0.00","0.00","0.00","2.84","0.00","0.00","2.84","Compound","12964","G:12964","Global","0.00","0.00","0.00","0.00","0.00","0.00","0.00","0.00","0.00","1","Unpaid","0.00","0.00","0.00","03/27/2013","2.84","0.00","0.00","0.00","0.00"
"1084","1","0.00","0.00","0.00","0.00","750.01","780.01","0.00","0.00","30.00","30.00","780.01","771.70","802.57","2.46","Compound","12965","G:12965","Global","0.00","0.00","21.69","22.56","2.46","0.00","0.87","0.87","25.02","1","Partially Paid","0.00","30.87","30.87","03/27/2013","805.03","0.00","0.00","0.00","0.00","1085","1","","Open","0.00","22.56","0","2.46","Unknown","0","03/27/2013","Payment","PAY","25.02","(25.02)"
"1026","1","0.00","0.00","0.00","0.00","869.54","904.32","0.00","0.00","34.78","34.78","904.32","887.16","922.65","3.17","Compound","12966","G:12966","Global","0.00","0.00","17.62","18.33","3.17","0.00","0.71","0.71","21.50","1","Partially Paid","0.00","35.49","35.49","03/27/2013","925.82","0.00","0.00","0.00","0.00","1027","1","","Open","0.00","18.33","0","3.17","Unknown","0","03/27/2013","Payment","PAY","21.50","(21.50)"
"822","1","0.00","0.00","0.00","0.00","581.42","604.68","0.00","0.00","23.26","23.26","604.68","1004.64","1044.83","0.00","Compound","12967","G:12967","Global","0.00","0.00","423.22","440.15","0.00","0.00","16.93","16.93","440.15","1","Partially Paid","0.00","40.19","40.19","03/27/2013","1044.83","0.00","0.00","0.00","0.00","2353","1","","Open","0.00","220.05","0","0.00","Master Card","0","05/28/2013","Payment","PAY","220.05","(220.05)","5260","1","","Open","0.00","220.10","0","0.00","Other 1","0","10/28/2013","Payment","PAY","220.10","(220.10)"
"867","1","0.00","0.00","0.00","0.00","0.00","0.00","4.56","0.00","0.00","0.00","4.56","0.00","0.00","4.56","Compound","12968","G:12968","Global","0.00","0.00","0.00","0.00","0.00","0.00","0.00","0.00","0.00","1","Unpaid","0.00","0.00","0.00","03/27/2013","4.56","0.00","0.00","0.00","0.00"
"1086","1","0.00","0.00","0.00","0.00","853.83","887.98","0.00","0.00","34.15","34.15","887.98","1153.82","1199.97","0.50","Compound","12969","G:12969","Global","0.00","0.00","299.99","311.99","0.50","0.00","12.00","12.00","312.49","1","Partially Paid","0.00","46.15","46.15","03/27/2013","1200.47","0.00","0.00","0.00","0.00","1186","1","","Open","0.00","89.91","0","0.50","American Express","0","03/28/2013","Payment","PAY","222.03","(222.03)","4104","1","","Open","0.00","222.08","0","0.00","Debit Card","0","08/28/2013","Payment","PAY","222.08","(222.08)"
"1087","1","0.00","0.00","0.00","0.00","0.00","0.00","0.00","0.00","0.00","0.00","0.00","124.84","129.83","0.05","Compound","12970","G:12970","Global","0.00","0.00","124.84","129.83","0.05","0.00","4.99","4.99","129.88","1","Paid in Full","0.00","4.99","4.99","03/27/2013","129.88","0.00","0.00","0.00","0.00","1263","1","","Open","0.00","2.98","0","0.05","Unknown","0","03/28/2013","Credit","CRED","3.03","(3.03)","3524","1","","Open","0.00","126.85","0","0.00","Japan Credit Bureau (JCB)","0","07/28/2013","Payment","PAY","223.07","(223.07)"
"823","1","0.00","0.00","0.00","0.00","0.00","0.00","0.00","0.00","0.00","0.00","0.00","0.00","0.00","0.47","Compound","12971","G:12971","Global","0.00","0.00","0.00","0.00","0.47","0.00","0.00","0.00","0.47","1","Paid in Full","0.00","0.00","0.00","03/27/2013","0.47","0.00","0.00","0.00","0.00","772","1","","Open","0.00","0.00","0","0.47","Unknown","0","02/28/2013","Credit","CRED","2.02","(2.02)"
"927","1","0.00","0.00","0.00","0.00","301.54","313.60","0.00","0.00","12.06","12.06","313.60","326.56","339.62","0.00","Compound","12972","G:12972","Global","0.00","0.00","25.02","26.02","0.00","0.00","1.00","1.00","26.02","1","Partially Paid","0.00","13.06","13.06","03/27/2013","339.62","0.00","0.00","0.00","0.00","283","1","","Open","0.00","1.01","0","0.00","Unknown","0","01/28/2013","Credit","CRED","1.01","(1.01)","928","1","","Open","0.00","25.01","0","0.00","Unknown","0","03/27/2013","Payment","PAY","25.01","(25.01)"
"1122","1","0.00","0.00","0.00","0.00","651.37","677.42","1.71","0.00","26.05","26.05","679.13","651.37","677.42","1.71","Compound","12973","G:12973","Global","0.00","0.00","0.00","0.00","0.00","0.00","0.00","0.00","0.00","1","Unpaid","0.00","26.05","26.05","03/27/2013","679.13","0.00","0.00","0.00","0.00"
"824","1","0.00","0.00","0.00","0.00","432.89","450.21","0.00","0.00","17.32","17.32","450.21","432.89","450.21","0.00","Compound","12974","G:12974","Global","0.00","0.00","0.00","0.00","0.00","0.00","0.00","0.00","0.00","1","Unpaid","0.00","17.32","17.32","03/27/2013","450.21","0.00","0.00","0.00","0.00"
"1007","1","0.00","0.00","0.00","0.00","0.00","0.00","0.00","0.00","0.00","0.00","0.00","0.00","0.00","2.96","Compound","12975","G:12975","Global","0.00","0.00","0.00","0.00","2.96","0.00","0.00","0.00","2.96","1","Paid in Full","0.00","0.00","0.00","03/27/2013","2.96","0.00","0.00","0.00","0.00","695","1","","Open","0.00","0.00","0","2.96","Cash","0","02/28/2013","Payment","PAY","228.02","(228.02)"
"901","1","0.00","0.00","0.00","0.00","609.74","634.13","0.00","0.00","24.39","24.39","634.13","727.85","756.96","3.40","Compound","12976","G:12976","Global","0.00","0.00","118.11","122.83","3.40","0.00","4.72","4.72","126.23","1","Partially Paid","0.00","29.11","29.11","03/27/2013","760.36","0.00","0.00","0.00","0.00","207","1","129","Open","0.00","122.83","0","3.40","Check","0","01/28/2013","Payment","PAY","229.01","(229.01)"
"905","1","0.00","0.00","0.00","0.00","816.73","849.40","0.00","0.00","32.67","32.67","849.40","837.22","870.71","3.71","Compound","12977","G:12977","Global","0.00","0.00","20.49","21.31","3.71","0.00","0.82","0.82","25.02","1","Partially Paid","0.00","33.49","33.49","03/27/2013","874.42","0.00","0.00","0.00","0.00","906","1","","Open","0.00","21.31","0","3.71","Unknown","0","03/27/2013","Payment","PAY","25.02","(25.02)"
"1051","1","0.00","0.00","0.00","0.00","498.61","518.55","0.00","0.00","19.94","19.94","518.55","967.01","1005.69","0.00","Compound","12978","G:12978","Global","0.00","0.00","468.40","487.14","0.00","0.00","18.74","18.74","487.14","1","Partially Paid","0.00","38.68","38.68","03/27/2013","1005.69","0.00","0.00","0.00","0.00","1052","1","","Open","0.00","25.01","0","0.00","Unknown","0","03/27/2013","Payment","PAY","25.01","(25.01)","1769","1","","Open","0.00","231.04","0","0.00","Visa","0","04/28/2013","Payment","PAY","231.04","(231.04)","4685","1","","Open","0.00","231.09","0","0.00","Electronic Transfer","0","09/28/2013","Payment","PAY","231.09","(231.09)"
"865","1","0.00","0.00","0.00","0.00","0.00","0.00","1.67","0.00","0.00","0.00","1.67","0.00","0.00","4.70","Compound","12979","G:12979","Global","0.00","0.00","0.00","0.00","3.03","0.00","0.00","0.00","3.03","1","Partially Paid","0.00","0.00","0.00","03/27/2013","4.70","0.00","0.00","0.00","0.00","1264","1","","Open","0.00","0.00","0","3.03","Unknown","0","03/28/2013","Credit","CRED","3.03","(3.03)"
"1088","1","0.00","0.00","0.00","0.00","840.44","874.06","0.00","0.00","33.62","33.62","874.06","1166.26","1212.91","0.00","Compound","12980","G:12980","Global","0.00","0.00","325.82","338.85","0.00","0.00","13.03","13.03","338.85","1","Partially Paid","0.00","46.65","46.65","03/27/2013","1212.91","0.00","0.00","0.00","0.00","696","1","","Open","0.00","103.76","0","0.00","Cash","0","02/28/2013","Payment","PAY","233.02","(233.02)","773","1","","Open","0.00","2.02","0","0.00","Unknown","0","02/28/2013","Credit","CRED","2.02","(2.02)","3526","1","","Open","0.00","233.07","0","0.00","Japan Credit Bureau (JCB)","0","07/28/2013","Payment","PAY","233.07","(233.07)"
"947","1","0.00","0.00","0.00","0.00","0.00","0.00","0.00","0.00","0.00","0.00","0.00","121.37","126.22","0.01","Compound","12981","G:12981","Global","0.00","0.00","121.37","126.22","0.01","0.00","4.85","4.85","126.23","1","Paid in Full","0.00","4.85","4.85","03/27/2013","126.23","0.00","0.00","0.00","0.00","2941","1","","Open","0.00","126.22","0","0.01","Discover","0","06/28/2013","Payment","PAY","234.06","(234.06)"
"948","1","0.00","0.00","0.00","0.00","98.96","102.92","0.00","0.00","3.96","3.96","102.92","224.73","233.72","1.29","Compound","12982","G:12982","Global","0.00","0.00","125.77","130.80","1.29","0.00","5.03","5.03","132.09","1","Partially Paid","0.00","8.99","8.99","03/27/2013","235.01","0.00","0.00","0.00","0.00","5263","1","","Open","0.00","130.80","0","1.29","Other 1","0","10/28/2013","Payment","PAY","235.10","(235.10)"
"985","1","0.00","0.00","0.00","0.00","314.89","327.48","0.00","0.00","12.59","12.59","327.48","336.51","349.97","2.53","Compound","12983","G:12983","Global","0.00","0.00","21.62","22.49","2.53","0.00","0.87","0.87","25.02","1","Partially Paid","0.00","13.46","13.46","03/27/2013","352.50","0.00","0.00","0.00","0.00","986","1","","Open","0.00","22.49","0","2.53","Unknown","0","03/27/2013","Payment","PAY","25.02","(25.02)"
"825","1","0.00","0.00","0.00","0.00","605.01","629.21","0.00","0.00","24.20","24.20","629.21","639.65","665.24","1.76","Compound","12984","G:12984","Global","0.00","0.00","34.64","36.03","1.76","0.00","1.39","1.39","37.79","1","Partially Paid","0.00","25.59","25.59","03/27/2013","667.00","0.00","0.00","0.00","0.00","826","1","","Open","0.00","21.30","0","1.76","Unknown","0","03/27/2013","Payment","PAY","23.06","(23.06)","4107","1","","Open","0.00","14.73","0","0.00","Debit Card","0","08/28/2013","Payment","PAY","237.08","(237.08)"
"987","1","0.00","0.00","0.00","0.00","113.43","117.96","0.00","0.00","4.53","4.53","117.96","437.56","455.06","138.99","Compound","12985","G:12985","Global","0.00","0.00","324.13","337.10","138.99","0.00","12.97","12.97","476.09","1","Partially Paid","0.00","17.50","17.50","03/27/2013","594.05","0.00","0.00","0.00","0.00","697","1","","Open","0.00","99.03","0","138.99","Cash","0","02/28/2013","Payment","PAY","238.02","(238.02)","3527","1","","Open","0.00","238.07","0","0.00","Japan Credit Bureau (JCB)","0","07/28/2013","Payment","PAY","238.07","(238.07)"
"988","1","0.00","0.00","0.00","0.00","0.00","0.00","2.08","0.00","0.00","0.00","2.08","0.00","0.00","2.08","Compound","12986","G:12986","Global","0.00","0.00","0.00","0.00","0.00","0.00","0.00","0.00","0.00","1","Unpaid","0.00","0.00","0.00","03/27/2013","2.08","0.00","0.00","0.00","0.00"
"929","1","0.00","0.00","0.00","0.00","735.84","765.27","3.31","0.00","29.43","29.43","768.58","735.84","765.27","3.31","Compound","12987","G:12987","Global","0.00","0.00","0.00","0.00","0.00","0.00","0.00","0.00","0.00","1","Unpaid","0.00","29.43","29.43","03/27/2013","768.58","0.00","0.00","0.00","0.00"
"989","1","0.00","0.00","0.00","0.00","1435.08","1492.48","3.39","0.00","57.40","57.40","1495.87","1435.08","1492.48","6.42","Compound","12988","G:12988","Global","0.00","0.00","0.00","0.00","3.03","0.00","0.00","0.00","3.03","1","Partially Paid","0.00","57.40","57.40","03/27/2013","1498.90","0.00","0.00","0.00","0.00","1265","1","","Open","0.00","0.00","0","3.03","Unknown","0","03/28/2013","Credit","CRED","3.03","(3.03)"
"1053","1","0.00","0.00","0.00","0.00","1753.49","1823.63","0.00","0.00","70.14","70.14","1823.63","2244.98","2334.78","0.00","Compound","12989","G:12989","Global","0.00","0.00","491.49","511.15","0.00","0.00","19.66","19.66","511.15","1","Partially Paid","0.00","89.80","89.80","03/27/2013","2334.78","0.00","0.00","0.00","0.00","774","1","","Open","0.00","2.02","0","0.00","Unknown","0","02/28/2013","Credit","CRED","2.02","(2.02)","1054","1","","Open","0.00","25.02","0","0.00","Unknown","0","03/27/2013","Payment","PAY","25.02","(25.02)","1190","1","","Open","0.00","242.03","0","0.00","American Express","0","03/28/2013","Payment","PAY","242.03","(242.03)","4108","1","","Open","0.00","242.08","0","0.00","Debit Card","0","08/28/2013","Payment","PAY","242.08","(242.08)"
"827","1","0.00","0.00","0.00","0.00","0.00","0.00","0.00","0.00","0.00","0.00","0.00","0.00","0.00","0.09","Compound","12990","G:12990","Global","0.00","0.00","0.00","0.00","0.09","0.00","0.00","0.00","0.09","1","Paid in Full","0.00","0.00","0.00","03/27/2013","0.09","0.00","0.00","0.00","0.00","828","1","","Open","0.00","0.00","0","0.09","Unknown","0","03/27/2013","Payment","PAY","0.09","(0.09)"
"1028","1","0.00","0.00","0.00","0.00","2037.13","2118.62","0.00","0.00","81.49","81.49","2118.62","2475.65","2574.68","0.12","Compound","12991","G:12991","Global","0.00","0.00","438.52","456.06","0.12","0.00","17.54","17.54","456.18","1","Partially Paid","0.00","99.03","99.03","03/27/2013","2574.80","0.00","0.00","0.00","0.00","2943","1","","Open","0.00","211.95","0","0.12","Discover","0","06/28/2013","Payment","PAY","244.06","(244.06)","5834","0","","Open","0.00","244.11","0","0.00","Other 2","0","11/28/2013","Payment","PAY","244.11","(244.11)"
"1094","1","0.00","0.00","0.00","0.00","348.06","361.98","2.55","0.00","13.92","13.92","364.53","348.06","361.98","2.55","Compound","12992","G:12992","Global","0.00","0.00","0.00","0.00","0.00","0.00","0.00","0.00","0.00","1","Unpaid","0.00","13.92","13.92","03/27/2013","364.53","0.00","0.00","0.00","0.00"
"1090","1","0.00","0.00","0.00","0.00","629.33","654.50","3.65","0.00","25.17","25.17","658.15","629.33","654.50","3.65","Compound","12993","G:12993","Global","0.00","0.00","0.00","0.00","0.00","0.00","0.00","0.00","0.00","1","Unpaid","0.00","25.17","25.17","03/27/2013","658.15","0.00","0.00","0.00","0.00"
"949","1","0.00","0.00","0.00","0.00","438.62","456.16","3.39","0.00","17.54","17.54","459.55","438.62","456.16","3.39","Compound","12994","G:12994","Global","0.00","0.00","0.00","0.00","0.00","0.00","0.00","0.00","0.00","1","Unpaid","0.00","17.54","17.54","03/27/2013","459.55","0.00","0.00","0.00","0.00"
"868","1","0.00","0.00","0.00","0.00","114.47","119.05","0.00","0.00","4.58","4.58","119.05","366.30","380.95","0.04","Compound","12995","G:12995","Global","0.00","0.00","251.83","261.90","0.04","0.00","10.07","10.07","261.94","1","Partially Paid","0.00","14.65","14.65","03/27/2013","380.99","0.00","0.00","0.00","0.00","869","1","","Open","0.00","24.98","0","0.04","Unknown","0","03/27/2013","Payment","PAY","25.02","(25.02)","3529","1","","Open","0.00","236.92","0","0.00","Japan Credit Bureau (JCB)","0","07/28/2013","Payment","PAY","248.07","(248.07)"
"950","1","0.00","0.00","0.00","0.00","994.39","1034.17","4.52","0.00","39.78","39.78","1038.69","994.39","1034.17","4.52","Compound","12997","G:12997","Global","0.00","0.00","0.00","0.00","0.00","0.00","0.00","0.00","0.00","1","Unpaid","0.00","39.78","39.78","03/27/2013","1038.69","0.00","0.00","0.00","0.00"
"871","1","0.00","0.00","0.00","0.00","509.38","529.76","2.28","0.00","20.38","20.38","532.04","509.38","529.76","2.28","Compound","12998","G:12998","Global","0.00","0.00","0.00","0.00","0.00","0.00","0.00","0.00","0.00","1","Unpaid","0.00","20.38","20.38","03/27/2013","532.04","0.00","0.00","0.00","0.00"
"930","1","0.00","0.00","0.00","0.00","590.97","614.61","0.00","0.00","23.64","23.64","614.61","1077.60","1120.70","0.00","Compound","12999","G:12999","Global","0.00","0.00","486.63","506.09","0.00","0.00","19.46","19.46","506.09","1","Partially Paid","0.00","43.10","43.10","03/27/2013","1120.70","0.00","0.00","0.00","0.00","700","1","","Open","0.00","253.02","0","0.00","Cash","0","02/28/2013","Payment","PAY","253.02","(253.02)","3530","1","","Open","0.00","253.07","0","0.00","Japan Credit Bureau (JCB)","0","07/28/2013","Payment","PAY","253.07","(253.07)"
"829","1","0.00","0.00","0.00","0.00","0.00","0.00","0.00","0.00","0.00","0.00","0.00","0.00","0.00","0.10","Compound","13000","G:13000","Global","0.00","0.00","0.00","0.00","0.10","0.00","0.00","0.00","0.10","1","Paid in Full","0.00","0.00","0.00","03/27/2013","0.10","0.00","0.00","0.00","0.00","830","1","","Open","0.00","0.00","0","0.10","Unknown","0","03/27/2013","Payment","PAY","0.10","(0.10)"
"1099","1","0.00","0.00","0.00","0.00","3160.57","3286.99","0.00","0.00","126.42","126.42","3286.99","3316.88","3449.56","1.42","Compound","13001","G:13001","Global","0.00","0.00","156.31","162.57","1.42","0.00","6.26","6.26","163.99","1","Partially Paid","0.00","132.68","132.68","03/27/2013","3450.98","0.00","0.00","0.00","0.00","1100","1","","Open","0.00","22.02","0","1.42","Unknown","0","03/27/2013","Payment","PAY","23.44","(23.44)","5267","1","","Open","0.00","140.55","0","0.00","Other 1","0","10/28/2013","Payment","PAY","255.10","(255.10)"
"899","1","0.00","0.00","0.00","0.00","0.00","0.00","0.00","0.00","0.00","0.00","0.00","103.39","107.53","0.76","Compound","13002","G:13002","Global","0.00","0.00","103.39","107.53","0.76","0.00","4.14","4.14","108.29","1","Paid in Full","0.00","4.14","4.14","03/27/2013","108.29","0.00","0.00","0.00","0.00","1774","1","","Open","0.00","57.31","0","0.76","Visa","0","04/28/2013","Payment","PAY","256.04","(256.04)","4690","1","","Open","0.00","50.22","0","0.00","Electronic Transfer","0","09/28/2013","Payment","PAY","256.09","(256.09)"
"999","1","0.00","0.00","0.00","0.00","402.97","419.09","2.34","0.00","16.12","16.12","421.43","402.97","419.09","2.34","Compound","13003","G:13003","Global","0.00","0.00","0.00","0.00","0.00","0.00","0.00","0.00","0.00","1","Unpaid","0.00","16.12","16.12","03/27/2013","421.43","0.00","0.00","0.00","0.00"
"931","1","0.00","0.00","0.00","0.00","378.18","393.31","1.93","0.00","15.13","15.13","395.24","378.18","393.31","1.93","Compound","13004","G:13004","Global","0.00","0.00","0.00","0.00","0.00","0.00","0.00","0.00","0.00","1","Unpaid","0.00","15.13","15.13","03/27/2013","395.24","0.00","0.00","0.00","0.00"
"857","1","0.00","0.00","0.00","0.00","0.00","0.00","0.00","0.00","0.00","0.00","0.00","292.58","304.28","0.00","Compound","13005","G:13005","Global","0.00","0.00","292.58","304.28","0.00","0.00","11.70","11.70","304.28","1","Paid in Full","0.00","11.70","11.70","03/27/2013","304.28","0.00","0.00","0.00","0.00","213","1","159","Open","0.00","52.88","0","0.00","Check","0","01/28/2013","Payment","PAY","259.01","(259.01)","1267","1","","Open","0.00","3.03","0","0.00","Unknown","0","03/28/2013","Credit","CRED","3.03","(3.03)","2946","1","","Open","0.00","248.37","0","0.00","Discover","0","06/28/2013","Payment","PAY","259.06","(259.06)"
"1010","1","0.00","0.00","0.00","0.00","314.69","327.28","0.00","0.00","12.59","12.59","327.28","840.84","874.47","0.00","Compound","13006","G:13006","Global","0.00","0.00","526.15","547.19","0.00","0.00","21.04","21.04","547.19","1","Partially Paid","0.00","33.63","33.63","03/27/2013","874.47","0.00","0.00","0.00","0.00","776","1","","Open","0.00","2.02","0","0.00","Unknown","0","02/28/2013","Credit","CRED","2.02","(2.02)","1011","1","","Open","0.00","25.02","0","0.00","Unknown","0","03/27/2013","Payment","PAY","25.02","(25.02)","2361","1","","Open","0.00","260.05","0","0.00","Master Card","0","05/28/2013","Payment","PAY","260.05","(260.05)","5268","1","","Open","0.00","260.10","0","0.00","Other 1","0","10/28/2013","Payment","PAY","260.10","(260.10)"
"831","1","0.00","0.00","0.00","0.00","0.00","0.00","0.00","0.00","0.00","0.00","0.00","0.00","0.00","3.07","Compound","13007","G:13007","Global","0.00","0.00","0.00","0.00","3.07","0.00","0.00","0.00","3.07","1","Paid in Full","0.00","0.00","0.00","03/27/2013","3.07","0.00","0.00","0.00","0.00","832","1","","Open","0.00","0.00","0","3.07","Unknown","0","03/27/2013","Payment","PAY","3.07","(3.07)"
"932","1","0.00","0.00","0.00","0.00","770.54","801.36","3.53","0.00","30.82","30.82","804.89","770.54","801.36","3.53","Compound","13008","G:13008","Global","0.00","0.00","0.00","0.00","0.00","0.00","0.00","0.00","0.00","1","Unpaid","0.00","30.82","30.82","03/27/2013","804.89","0.00","0.00","0.00","0.00"
"1017","1","0.00","0.00","0.00","0.00","885.85","921.28","2.99","0.00","35.43","35.43","924.27","885.85","921.28","2.99","Compound","13009","G:13009","Global","0.00","0.00","0.00","0.00","0.00","0.00","0.00","0.00","0.00","1","Unpaid","0.00","35.43","35.43","03/27/2013","924.27","0.00","0.00","0.00","0.00"
"1029","1","0.00","0.00","0.00","0.00","241.47","251.12","0.00","0.00","9.65","9.65","251.12","1003.17","1043.30","0.00","Compound","13010","G:13010","Global","0.00","0.00","761.70","792.18","0.00","0.00","30.48","30.48","792.18","1","Partially Paid","0.00","40.13","40.13","03/27/2013","1043.30","0.00","0.00","0.00","0.00","214","1","164","Open","0.00","264.01","0","0.00","Check","0","01/28/2013","Payment","PAY","264.01","(264.01)","2947","1","","Open","0.00","264.06","0","0.00","Discover","0","06/28/2013","Payment","PAY","264.06","(264.06)","5838","0","","Open","0.00","264.11","0","0.00","Other 2","0","11/28/2013","Payment","PAY","264.11","(264.11)"
"1068","1","0.00","0.00","0.00","0.00","0.00","0.00","4.96","0.00","0.00","0.00","4.96","0.00","0.00","4.96","Compound","13011","G:13011","Global","0.00","0.00","0.00","0.00","0.00","0.00","0.00","0.00","0.00","1","Unpaid","0.00","0.00","0.00","03/27/2013","4.96","0.00","0.00","0.00","0.00"
"1030","1","0.00","0.00","0.00","0.00","830.39","863.61","0.00","0.00","33.22","33.22","863.61","1243.87","1293.62","0.48","Compound","13012","G:13012","Global","0.00","0.00","413.48","430.01","0.48","0.00","16.53","16.53","430.49","1","Partially Paid","0.00","49.75","49.75","03/27/2013","1294.10","0.00","0.00","0.00","0.00","1031","1","","Open","0.00","24.54","0","0.48","Unknown","0","03/27/2013","Payment","PAY","25.02","(25.02)","1776","1","","Open","0.00","139.38","0","0.00","Visa","0","04/28/2013","Payment","PAY","266.04","(266.04)","4692","1","","Open","0.00","266.09","0","0.00","Electronic Transfer","0","09/28/2013","Payment","PAY","266.09","(266.09)"
"1055","1","0.00","0.00","0.00","0.00","0.00","0.00","0.00","0.00","0.00","0.00","0.00","121.28","126.13","0.90","Compound","13013","G:13013","Global","0.00","0.00","121.28","126.13","0.90","0.00","4.85","4.85","127.03","1","Paid in Full","0.00","4.85","4.85","03/27/2013","127.03","0.00","0.00","0.00","0.00","1056","1","","Open","0.00","23.12","0","0.90","Unknown","0","03/27/2013","Payment","PAY","24.02","(24.02)","1195","1","","Open","0.00","33.50","0","0.00","American Express","0","03/28/2013","Payment","PAY","267.03","(267.03)","4113","1","","Open","0.00","69.51","0","0.00","Debit Card","0","08/28/2013","Payment","PAY","267.08","(267.08)"
"1032","1","0.00","0.00","0.00","0.00","37.74","39.24","0.00","0.00","1.50","1.50","39.24","224.58","233.56","0.29","Compound","13014","G:13014","Global","0.00","0.00","186.84","194.32","0.29","0.00","7.48","7.48","194.61","1","Partially Paid","0.00","8.98","8.98","03/27/2013","233.85","0.00","0.00","0.00","0.00","1268","1","","Open","0.00","2.74","0","0.29","Unknown","0","03/28/2013","Credit","CRED","3.03","(3.03)","3533","1","","Open","0.00","191.58","0","0.00","Japan Credit Bureau (JCB)","0","07/28/2013","Payment","PAY","268.07","(268.07)"
"1135","1","0.00","0.00","0.00","0.00","212.80","221.31","0.00","0.00","8.51","8.51","221.31","329.89","343.09","1.59","Compound","13015","G:13015","Global","0.00","0.00","117.09","121.78","1.59","0.00","4.69","4.69","123.37","1","Partially Paid","0.00","13.20","13.20","03/27/2013","344.68","0.00","0.00","0.00","0.00","777","1","","Open","0.00","0.00","0","0.26","Unknown","0","02/28/2013","Credit","CRED","2.02","(2.02)","5839","0","","Open","0.00","121.78","0","1.33","Other 2","0","11/28/2013","Payment","PAY","269.11","(269.11)"
"990","1","0.00","0.00","0.00","0.00","578.22","601.35","0.00","0.00","23.13","23.13","601.35","657.82","684.13","1.74","Compound","13016","G:13016","Global","0.00","0.00","79.60","82.78","1.74","0.00","3.18","3.18","84.52","1","Partially Paid","0.00","26.31","26.31","03/27/2013","685.87","0.00","0.00","0.00","0.00","5270","1","","Open","0.00","82.78","0","1.74","Other 1","0","10/28/2013","Payment","PAY","270.10","(270.10)"
"1057","1","0.00","0.00","0.00","0.00","0.00","0.00","0.00","0.00","0.00","0.00","0.00","437.26","454.75","0.00","Compound","13017","G:13017","Global","0.00","0.00","437.26","454.75","0.00","0.00","17.49","17.49","454.75","1","Paid in Full","0.00","17.49","17.49","03/27/2013","454.75","0.00","0.00","0.00","0.00","1777","1","","Open","0.00","271.04","0","0.00","Visa","0","04/28/2013","Payment","PAY","271.04","(271.04)","4693","1","","Open","0.00","183.71","0","0.00","Electronic Transfer","0","09/28/2013","Payment","PAY","271.09","(271.09)"
"1123","1","0.00","0.00","0.00","0.00","0.00","0.00","0.00","0.00","0.00","0.00","0.00","0.00","0.00","3.08","Compound","13018","G:13018","Global","0.00","0.00","0.00","0.00","3.08","0.00","0.00","0.00","3.08","1","Paid in Full","0.00","0.00","0.00","03/27/2013","3.08","0.00","0.00","0.00","0.00","1124","1","","Open","0.00","0.00","0","3.08","Unknown","0","03/27/2013","Payment","PAY","3.08","(3.08)"
"1136","1","0.00","0.00","0.00","0.00","771.34","802.19","155.39","0.00","30.85","30.85","957.58","771.34","802.19","176.48","Compound","13019","G:13019","Global","0.00","0.00","0.00","0.00","21.09","0.00","0.00","0.00","21.09","1","Partially Paid","0.00","30.85","30.85","03/27/2013","978.67","0.00","0.00","0.00","0.00","1137","1","","Open","0.00","0.00","0","21.09","Unknown","0","03/27/2013","Payment","PAY","21.09","(21.09)"
"991","1","0.00","0.00","0.00","0.00","0.00","0.00","2.95","0.00","0.00","0.00","2.95","0.00","0.00","2.95","Compound","13020","G:13020","Global","0.00","0.00","0.00","0.00","0.00","0.00","0.00","0.00","0.00","1","Unpaid","0.00","0.00","0.00","03/27/2013","2.95","0.00","0.00","0.00","0.00"
"1058","1","0.00","0.00","0.00","0.00","475.19","494.20","0.00","0.00","19.01","19.01","494.20","1004.18","1044.35","0.00","Compound","13021","G:13021","Global","0.00","0.00","528.99","550.15","0.00","0.00","21.16","21.16","550.15","1","Partially Paid","0.00","40.17","40.17","03/27/2013","1044.35","0.00","0.00","0.00","0.00","2364","1","","Open","0.00","275.05","0","0.00","Master Card","0","05/28/2013","Payment","PAY","275.05","(275.05)","5271","1","","Open","0.00","275.10","0","0.00","Other 1","0","10/28/2013","Payment","PAY","275.10","(275.10)"
"1072","1","0.00","0.00","0.00","0.00","0.00","0.00","4.97","0.00","0.00","0.00","4.97","0.00","0.00","4.97","Compound","13022","G:13022","Global","0.00","0.00","0.00","0.00","0.00","0.00","0.00","0.00","0.00","1","Unpaid","0.00","0.00","0.00","03/27/2013","4.97","0.00","0.00","0.00","0.00"
"1059","1","0.00","0.00","0.00","0.00","831.78","865.04","0.00","0.00","33.26","33.26","865.04","1245.10","1294.90","0.48","Compound","13023","G:13023","Global","0.00","0.00","413.32","429.86","0.48","0.00","16.54","16.54","430.34","1","Partially Paid","0.00","49.80","49.80","03/27/2013","1295.38","0.00","0.00","0.00","0.00","1197","1","","Open","0.00","149.75","0","0.48","American Express","0","03/28/2013","Payment","PAY","277.03","(277.03)","1269","1","","Open","0.00","3.03","0","0.00","Unknown","0","03/28/2013","Credit","CRED","3.03","(3.03)","4115","1","","Open","0.00","277.08","0","0.00","Debit Card","0","08/28/2013","Payment","PAY","277.08","(277.08)"
"1074","1","0.00","0.00","0.00","0.00","0.00","0.00","0.00","0.00","0.00","0.00","0.00","121.42","126.28","0.00","Compound","13024","G:13024","Global","0.00","0.00","121.42","126.28","0.00","0.00","4.86","4.86","126.28","1","Paid in Full","0.00","4.86","4.86","03/27/2013","126.28","0.00","0.00","0.00","0.00","705","1","","Open","0.00","43.24","0","0.00","Cash","0","02/28/2013","Payment","PAY","278.02","(278.02)","778","1","","Open","0.00","2.02","0","0.00","Unknown","0","02/28/2013","Credit","CRED","2.02","(2.02)","1075","1","","Open","0.00","25.02","0","0.00","Unknown","0","03/27/2013","Payment","PAY","25.02","(25.02)","3535","1","","Open","0.00","56.00","0","0.00","Japan Credit Bureau (JCB)","0","07/28/2013","Payment","PAY","278.07","(278.07)"
"992","1","0.00","0.00","0.00","0.00","0.00","0.00","0.00","0.00","0.00","0.00","0.00","224.82","233.81","0.24","Compound","13025","G:13025","Global","0.00","0.00","224.82","233.81","0.24","0.00","8.99","8.99","234.05","1","Paid in Full","0.00","8.99","8.99","03/27/2013","234.05","0.00","0.00","0.00","0.00","993","1","","Open","0.00","24.50","0","0.24","Unknown","0","03/27/2013","Payment","PAY","24.74","(24.74)","2950","1","","Open","0.00","209.31","0","0.00","Discover","0","06/28/2013","Payment","PAY","279.06","(279.06)"
"1012","1","0.00","0.00","0.00","0.00","330.24","343.45","2.63","0.00","13.21","13.21","346.08","330.24","343.45","2.63","Compound","13026","G:13026","Global","0.00","0.00","0.00","0.00","0.00","0.00","0.00","0.00","0.00","1","Unpaid","0.00","13.21","13.21","03/27/2013","346.08","0.00","0.00","0.00","0.00"
"1009","1","0.00","0.00","0.00","0.00","542.45","564.15","0.00","0.00","21.70","21.70","564.15","651.06","677.10","1.71","Compound","13027","G:13027","Global","0.00","0.00","108.61","112.95","1.71","0.00","4.34","4.34","114.66","1","Partially Paid","0.00","26.04","26.04","03/27/2013","678.81","0.00","0.00","0.00","0.00","4695","1","","Open","0.00","112.95","0","1.71","Electronic Transfer","0","09/28/2013","Payment","PAY","281.09","(281.09)"
"1089","1","0.00","0.00","0.00","0.00","0.00","0.00","0.00","0.00","0.00","0.00","0.00","432.68","449.99","0.00","Compound","13028","G:13028","Global","0.00","0.00","432.68","449.99","0.00","0.00","17.31","17.31","449.99","1","Paid in Full","0.00","17.31","17.31","03/27/2013","449.99","0.00","0.00","0.00","0.00","1198","1","","Open","0.00","282.03","0","0.00","American Express","0","03/28/2013","Payment","PAY","282.03","(282.03)","4116","1","","Open","0.00","167.96","0","0.00","Debit Card","0","08/28/2013","Payment","PAY","282.08","(282.08)"
"872","1","0.00","0.00","0.00","0.00","0.00","0.00","1.87","0.00","0.00","0.00","1.87","0.00","0.00","1.87","Compound","13029","G:13029","Global","0.00","0.00","0.00","0.00","0.00","0.00","0.00","0.00","0.00","1","Unpaid","0.00","0.00","0.00","03/27/2013","1.87","0.00","0.00","0.00","0.00"
"1033","1","0.00","0.00","0.00","0.00","705.65","733.88","0.00","0.00","28.23","28.23","733.88","727.49","756.59","2.31","Compound","13030","G:13030","Global","0.00","0.00","21.84","22.71","2.31","0.00","0.87","0.87","25.02","1","Partially Paid","0.00","29.10","29.10","03/27/2013","758.90","0.00","0.00","0.00","0.00","1034","1","","Open","0.00","22.71","0","2.31","Unknown","0","03/27/2013","Payment","PAY","25.02","(25.02)"
"994","1","0.00","0.00","0.00","0.00","820.28","853.09","0.00","0.00","32.81","32.81","853.09","836.81","870.28","3.71","Compound","13031","G:13031","Global","0.00","0.00","16.53","17.19","3.71","0.00","0.66","0.66","20.90","1","Partially Paid","0.00","33.47","33.47","03/27/2013","873.99","0.00","0.00","0.00","0.00","995","1","","Open","0.00","17.19","0","3.71","Unknown","0","03/27/2013","Payment","PAY","20.90","(20.90)"
"951","1","0.00","0.00","0.00","0.00","413.51","430.05","0.00","0.00","16.54","16.54","430.05","966.55","1005.21","0.00","Compound","13032","G:13032","Global","0.00","0.00","553.04","575.16","0.00","0.00","22.12","22.12","575.16","1","Partially Paid","0.00","38.66","38.66","03/27/2013","1005.21","0.00","0.00","0.00","0.00","1270","1","","Open","0.00","3.03","0","0.00","Unknown","0","03/28/2013","Credit","CRED","3.03","(3.03)","1780","1","","Open","0.00","286.04","0","0.00","Visa","0","04/28/2013","Payment","PAY","286.04","(286.04)","4696","1","","Open","0.00","286.09","0","0.00","Electronic Transfer","0","09/28/2013","Payment","PAY","286.09","(286.09)"
"1060","1","0.00","0.00","0.00","0.00","0.00","0.00","4.69","0.00","0.00","0.00","4.69","0.00","0.00","4.69","Compound","13033","G:13033","Global","0.00","0.00","0.00","0.00","0.00","0.00","0.00","0.00","0.00","1","Unpaid","0.00","0.00","0.00","03/27/2013","4.69","0.00","0.00","0.00","0.00"
"952","1","0.00","0.00","0.00","0.00","735.02","764.42","0.00","0.00","29.40","29.40","764.42","1165.70","1212.33","0.00","Compound","13034","G:13034","Global","0.00","0.00","430.68","447.91","0.00","0.00","17.23","17.23","447.91","1","Partially Paid","0.00","46.63","46.63","03/27/2013","1212.33","0.00","0.00","0.00","0.00","707","1","","Open","0.00","159.84","0","0.00","Cash","0","02/28/2013","Payment","PAY","288.02","(288.02)","3537","1","","Open","0.00","288.07","0","0.00","Japan Credit Bureau (JCB)","0","07/28/2013","Payment","PAY","288.07","(288.07)"
"1078","1","0.00","0.00","0.00","0.00","0.00","0.00","0.00","0.00","0.00","0.00","0.00","121.31","126.16","0.00","Compound","13035","G:13035","Global","0.00","0.00","121.31","126.16","0.00","0.00","4.85","4.85","126.16","1","Paid in Full","0.00","4.85","4.85","03/27/2013","126.16","0.00","0.00","0.00","0.00","219","1","189","Open","0.00","50.85","0","0.00","Check","0","01/28/2013","Payment","PAY","289.01","(289.01)","2952","1","","Open","0.00","75.31","0","0.00","Discover","0","06/28/2013","Payment","PAY","289.06","(289.06)"
"907","1","0.00","0.00","0.00","0.00","0.00","0.00","0.00","0.00","0.00","0.00","0.00","224.62","233.60","1.29","Compound","13036","G:13036","Global","0.00","0.00","224.62","233.60","1.29","0.00","8.98","8.98","234.89","1","Paid in Full","0.00","8.98","8.98","03/27/2013","234.89","0.00","0.00","0.00","0.00","908","1","","Open","0.00","23.73","0","1.29","Unknown","0","03/27/2013","Payment","PAY","25.02","(25.02)","5274","1","","Open","0.00","209.87","0","0.00","Other 1","0","10/28/2013","Payment","PAY","290.10","(290.10)"
"833","1","0.00","0.00","0.00","0.00","317.43","330.12","0.00","0.00","12.69","12.69","330.12","336.35","349.80","2.53","Compound","13037","G:13037","Global","0.00","0.00","18.92","19.68","2.53","0.00","0.76","0.76","22.21","1","Partially Paid","0.00","13.45","13.45","03/27/2013","352.33","0.00","0.00","0.00","0.00","834","1","","Open","0.00","19.68","0","2.53","Unknown","0","03/27/2013","Payment","PAY","22.21","(22.21)"
"909","1","0.00","0.00","0.00","0.00","522.76","543.67","0.00","0.00","20.91","20.91","543.67","639.34","664.91","1.76","Compound","13038","G:13038","Global","0.00","0.00","116.58","121.24","1.76","0.00","4.66","4.66","123.00","1","Partially Paid","0.00","25.57","25.57","03/27/2013","666.67","0.00","0.00","0.00","0.00","4118","1","","Open","0.00","121.24","0","1.76","Debit Card","0","08/28/2013","Payment","PAY","292.08","(292.08)"
"875","1","0.00","0.00","0.00","0.00","0.00","0.00","0.00","0.00","0.00","0.00","0.00","437.35","454.84","0.00","Compound","13039","G:13039","Global","0.00","0.00","437.35","454.84","0.00","0.00","17.49","17.49","454.84","1","Paid in Full","0.00","17.49","17.49","03/27/2013","454.84","0.00","0.00","0.00","0.00","708","1","","Open","0.00","293.02","0","0.00","Cash","0","02/28/2013","Payment","PAY","293.02","(293.02)","3538","1","","Open","0.00","161.82","0","0.00","Japan Credit Bureau (JCB)","0","07/28/2013","Payment","PAY","293.07","(293.07)"
"847","1","0.00","0.00","0.00","0.00","0.00","0.00","0.00","0.00","0.00","0.00","0.00","0.00","0.00","1.86","Compound","13040","G:13040","Global","0.00","0.00","0.00","0.00","1.86","0.00","0.00","0.00","1.86","1","Paid in Full","0.00","0.00","0.00","03/27/2013","1.86","0.00","0.00","0.00","0.00","5844","0","","Open","0.00","0.00","0","1.86","Other 2","0","11/28/2013","Payment","PAY","294.11","(294.11)"
"889","1","0.00","0.00","0.00","0.00","735.48","764.90","0.28","0.00","29.42","29.42","765.18","735.48","764.90","3.31","Compound","13041","G:13041","Global","0.00","0.00","0.00","0.00","3.03","0.00","0.00","0.00","3.03","1","Partially Paid","0.00","29.42","29.42","03/27/2013","768.21","0.00","0.00","0.00","0.00","1271","1","","Open","0.00","0.00","0","3.03","Unknown","0","03/28/2013","Credit","CRED","3.03","(3.03)"
"1021","1","0.00","0.00","0.00","0.00","838.25","871.78","3.75","0.00","33.53","33.53","875.53","862.31","896.80","3.75","Compound","13042","G:13042","Global","0.00","0.00","24.06","25.02","0.00","0.00","0.96","0.96","25.02","1","Partially Paid","0.00","34.49","34.49","03/27/2013","900.55","0.00","0.00","0.00","0.00","1022","1","","Open","0.00","25.02","0","0.00","Unknown","0","03/27/2013","Payment","PAY","25.02","(25.02)"
"1113","1","0.00","0.00","0.00","0.00","638.54","664.08","0.00","0.00","25.54","25.54","664.08","949.16","987.13","0.00","Compound","13043","G:13043","Global","0.00","0.00","310.62","323.05","0.00","0.00","12.43","12.43","323.05","1","Partially Paid","0.00","37.97","37.97","03/27/2013","987.13","0.00","0.00","0.00","0.00","291","1","","Open","0.00","1.01","0","0.00","Unknown","0","01/28/2013","Credit","CRED","1.01","(1.01)","1114","1","","Open","0.00","25.01","0","0.00","Unknown","0","03/27/2013","Payment","PAY","25.01","(25.01)","1201","1","","Open","0.00","297.03","0","0.00","American Express","0","03/28/2013","Payment","PAY","297.03","(297.03)"
"996","1","0.00","0.00","0.00","0.00","0.00","0.00","3.28","0.00","0.00","0.00","3.28","0.00","0.00","3.28","Compound","13044","G:13044","Global","0.00","0.00","0.00","0.00","0.00","0.00","0.00","0.00","0.00","1","Unpaid","0.00","0.00","0.00","03/27/2013","3.28","0.00","0.00","0.00","0.00"
"870","1","0.00","0.00","0.00","0.00","122.64","127.55","0.00","0.00","4.91","4.91","127.55","122.64","127.55","0.00","Compound","13045","G:13045","Global","0.00","0.00","0.00","0.00","0.00","0.00","0.00","0.00","0.00","1","Unpaid","0.00","4.91","4.91","03/27/2013","127.55","0.00","0.00","0.00","0.00"
"1138","1","0.00","0.00","0.00","0.00","670.30","697.11","4.33","0.00","26.81","26.81","701.44","745.82","775.65","4.33","Compound","13046","G:13046","Global","0.00","0.00","75.52","78.54","0.00","0.00","3.02","3.02","78.54","1","Partially Paid","0.00","29.83","29.83","03/27/2013","779.98","0.00","0.00","0.00","0.00","1783","1","","Open","0.00","78.54","0","0.00","Visa","0","04/28/2013","Payment","PAY","301.04","(301.04)"
"953","1","0.00","0.00","0.00","0.00","136.79","142.26","3.49","0.00","5.47","5.47","145.75","451.26","469.31","3.49","Compound","13047","G:13047","Global","0.00","0.00","314.47","327.05","0.00","0.00","12.58","12.58","327.05","1","Partially Paid","0.00","18.05","18.05","03/27/2013","472.80","0.00","0.00","0.00","0.00","954","1","","Open","0.00","25.02","0","0.00","Unknown","0","03/27/2013","Payment","PAY","25.02","(25.02)","1202","1","","Open","0.00","302.03","0","0.00","American Express","0","03/28/2013","Payment","PAY","302.03","(302.03)"
"873","1","0.00","0.00","0.00","0.00","351.66","365.72","0.00","0.00","14.06","14.06","365.72","396.99","412.87","0.00","Compound","13048","G:13048","Global","0.00","0.00","45.33","47.15","0.00","0.00","1.82","1.82","47.15","1","Partially Paid","0.00","15.88","15.88","03/27/2013","412.87","0.00","0.00","0.00","0.00","710","1","","Open","0.00","23.33","0","0.00","Cash","0","02/28/2013","Payment","PAY","303.02","(303.02)","874","1","","Open","0.00","23.82","0","0.00","Unknown","0","03/27/2013","Payment","PAY","23.82","(23.82)"
"912","1","0.00","0.00","0.00","0.00","116.54","121.20","0.00","0.00","4.66","4.66","121.20","411.77","428.24","0.00","Compound","13049","G:13049","Global","0.00","0.00","295.23","307.04","0.00","0.00","11.81","11.81","307.04","1","Partially Paid","0.00","16.47","16.47","03/27/2013","428.24","0.00","0.00","0.00","0.00","222","1","204","Open","0.00","304.01","0","0.00","Check","0","01/28/2013","Payment","PAY","304.01","(304.01)","1272","1","","Open","0.00","3.03","0","0.00","Unknown","0","03/28/2013","Credit","CRED","3.03","(3.03)"
"1036","1","0.00","0.00","0.00","0.00","0.00","0.00","6.52","0.00","0.00","0.00","6.52","0.00","0.00","6.52","Compound","13050","G:13050","Global","0.00","0.00","0.00","0.00","0.00","0.00","0.00","0.00","0.00","1","Unpaid","0.00","0.00","0.00","03/27/2013","6.52","0.00","0.00","0.00","0.00"
"1035","1","0.00","0.00","0.00","0.00","1333.36","1386.70","7.39","0.00","53.34","53.34","1394.09","1627.63","1692.74","7.39","Compound","13051","G:13051","Global","0.00","0.00","294.27","306.04","0.00","0.00","11.77","11.77","306.04","1","Partially Paid","0.00","65.11","65.11","03/27/2013","1700.13","0.00","0.00","0.00","0.00","1784","1","","Open","0.00","306.04","0","0.00","Visa","0","04/28/2013","Payment","PAY","306.04","(306.04)"
"1102","1","0.00","0.00","0.00","0.00","2157.15","2243.43","10.98","0.00","86.28","86.28","2254.41","2452.37","2550.46","10.98","Compound","13052","G:13052","Global","0.00","0.00","295.22","307.03","0.00","0.00","11.81","11.81","307.03","1","Partially Paid","0.00","98.09","98.09","03/27/2013","2561.44","0.00","0.00","0.00","0.00","1203","1","","Open","0.00","307.03","0","0.00","American Express","0","03/28/2013","Payment","PAY","307.03","(307.03)"
"1061","1","0.00","0.00","0.00","0.00","1980.51","2059.73","208.99","0.00","79.22","79.22","2268.72","2300.74","2392.77","208.99","Compound","13053","G:13053","Global","0.00","0.00","320.23","333.04","0.00","0.00","12.81","12.81","333.04","1","Partially Paid","0.00","92.03","92.03","03/27/2013","2601.76","0.00","0.00","0.00","0.00","711","1","","Open","0.00","308.02","0","0.00","Cash","0","02/28/2013","Payment","PAY","308.02","(308.02)","1062","1","","Open","0.00","25.02","0","0.00","Unknown","0","03/27/2013","Payment","PAY","25.02","(25.02)"
"876","1","0.00","0.00","0.00","0.00","0.00","0.00","0.00","0.00","0.00","0.00","0.00","0.00","0.00","2.95","Compound","13054","G:13054","Global","0.00","0.00","0.00","0.00","2.95","0.00","0.00","0.00","2.95","1","Paid in Full","0.00","0.00","0.00","03/27/2013","2.95","0.00","0.00","0.00","0.00","223","1","209","Open","0.00","0.00","0","2.95","Check","0","01/28/2013","Payment","PAY","309.01","(309.01)"
"878","1","0.00","0.00","0.00","0.00","1920.26","1997.08","0.00","0.00","76.82","76.82","1997.08","2229.92","2319.12","0.00","Compound","13055","G:13055","Global","0.00","0.00","309.66","322.04","0.00","0.00","12.38","12.38","322.04","1","Partially Paid","0.00","89.20","89.20","03/27/2013","2319.12","0.00","0.00","0.00","0.00","713","1","","Open","0.00","310.02","0","0.00","Cash","0","02/28/2013","Payment","PAY","310.02","(310.02)","747","1","","Open","0.00","12.02","0","0.00","Unknown","0","02/28/2013","Payment","PAY","12.02","(12.02)"
"881","1","0.00","0.00","0.00","0.00","409.33","425.70","2.99","0.00","16.37","16.37","428.69","409.33","425.70","2.99","Compound","13056","G:13056","Global","0.00","0.00","0.00","0.00","0.00","0.00","0.00","0.00","0.00","1","Unpaid","0.00","16.37","16.37","03/27/2013","428.69","0.00","0.00","0.00","0.00"
"877","1","0.00","0.00","0.00","0.00","17.03","17.71","1.84","0.00","0.68","0.68","19.55","317.06","329.74","1.84","Compound","13057","G:13057","Global","0.00","0.00","300.03","312.03","0.00","0.00","12.00","12.00","312.03","1","Partially Paid","0.00","12.68","12.68","03/27/2013","331.58","0.00","0.00","0.00","0.00","1206","1","","Open","0.00","312.03","0","0.00","American Express","0","03/28/2013","Payment","PAY","312.03","(312.03)"
"879","1","0.00","0.00","0.00","0.00","578.52","601.65","3.80","0.00","23.13","23.13","605.45","646.82","672.69","3.80","Compound","13058","G:13058","Global","0.00","0.00","68.30","71.04","0.00","0.00","2.74","2.74","71.04","1","Partially Paid","0.00","25.87","25.87","03/27/2013","676.49","0.00","0.00","0.00","0.00","880","1","","Open","0.00","68.01","0","0.00","Unknown","0","03/27/2013","Payment","PAY","68.01","(68.01)","1273","1","","Open","0.00","3.03","0","0.00","Unknown","0","03/28/2013","Credit","CRED","3.03","(3.03)"
"835","1","0.00","0.00","0.00","0.00","0.00","0.00","0.00","0.00","0.00","0.00","0.00","168.27","175.00","0.00","Compound","13059","G:13059","Global","0.00","0.00","168.27","175.00","0.00","0.00","6.73","6.73","175.00","1","Paid in Full","0.00","6.73","6.73","03/27/2013","175.00","0.00","0.00","0.00","0.00","225","1","214","Open","0.00","175.00","0","0.00","Check","0","01/28/2013","Payment","PAY","314.01","(314.01)"
"955","1","0.00","0.00","0.00","0.00","572.01","594.89","0.00","0.00","22.88","22.88","594.89","597.03","620.91","0.00","Compound","13060","G:13060","Global","0.00","0.00","25.02","26.02","0.00","0.00","1.00","1.00","26.02","1","Partially Paid","0.00","23.88","23.88","03/27/2013","620.91","0.00","0.00","0.00","0.00","293","1","","Open","0.00","1.01","0","0.00","Unknown","0","01/28/2013","Credit","CRED","1.01","(1.01)","956","1","","Open","0.00","25.01","0","0.00","Unknown","0","03/27/2013","Payment","PAY","25.01","(25.01)"
"957","1","0.00","0.00","0.00","0.00","0.00","0.00","4.11","0.00","0.00","0.00","4.11","0.00","0.00","4.11","Compound","13061","G:13061","Global","0.00","0.00","0.00","0.00","0.00","0.00","0.00","0.00","0.00","1","Unpaid","0.00","0.00","0.00","03/27/2013","4.11","0.00","0.00","0.00","0.00"
"913","1","0.00","0.00","0.00","0.00","409.18","425.55","0.00","0.00","16.37","16.37","425.55","714.02","742.58","0.00","Compound","13062","G:13062","Global","0.00","0.00","304.84","317.03","0.00","0.00","12.19","12.19","317.03","1","Partially Paid","0.00","28.56","28.56","03/27/2013","742.58","0.00","0.00","0.00","0.00","1207","1","","Open","0.00","317.03","0","0.00","American Express","0","03/28/2013","Payment","PAY","317.03","(317.03)"
"1141","1","0.00","0.00","0.00","0.00","2814.08","2926.64","0.00","0.00","112.56","112.56","2926.64","2814.08","2926.64","0.00","Compound","13063","G:13063","Global","0.00","0.00","0.00","0.00","0.00","0.00","0.00","0.00","0.00","1","Unpaid","0.00","112.56","112.56","03/27/2013","2926.64","0.00","0.00","0.00","0.00"
"1063","1","0.00","0.00","0.00","0.00","2004.21","2084.38","0.00","0.00","80.17","80.17","2084.38","2310.95","2403.39","0.00","Compound","13064","G:13064","Global","0.00","0.00","306.74","319.01","0.00","0.00","12.27","12.27","319.01","1","Partially Paid","0.00","92.44","92.44","03/27/2013","2403.39","0.00","0.00","0.00","0.00","226","1","219","Open","0.00","319.01","0","0.00","Check","0","01/28/2013","Payment","PAY","319.01","(319.01)"
"1115","1","0.00","0.00","0.00","0.00","1243.31","1293.04","0.00","0.00","49.73","49.73","1293.04","1243.31","1293.04","0.00","Compound","13066","G:13066","Global","0.00","0.00","0.00","0.00","0.00","0.00","0.00","0.00","0.00","1","Unpaid","0.00","49.73","49.73","03/27/2013","1293.04","0.00","0.00","0.00","0.00"
"836","1","0.00","0.00","0.00","0.00","0.00","0.00","0.00","0.00","0.00","0.00","0.00","121.22","126.07","0.00","Compound","13067","G:13067","Global","0.00","0.00","121.22","126.07","0.00","0.00","4.85","4.85","126.07","1","Paid in Full","0.00","4.85","4.85","03/27/2013","126.07","0.00","0.00","0.00","0.00","1155","1","","Open","0.00","49.03","0","0.00","Unknown","0","03/28/2013","Discount","DISC","49.03","(49.03)","1208","1","","Open","0.00","77.04","0","0.00","American Express","0","03/28/2013","Payment","PAY","322.03","(322.03)"
"914","1","0.00","0.00","0.00","0.00","194.50","202.28","0.00","0.00","7.78","7.78","202.28","224.47","233.45","0.00","Compound","13068","G:13068","Global","0.00","0.00","29.97","31.17","0.00","0.00","1.20","1.20","31.17","1","Partially Paid","0.00","8.98","8.98","03/27/2013","233.45","0.00","0.00","0.00","0.00","716","1","","Open","0.00","29.15","0","0.00","Cash","0","02/28/2013","Payment","PAY","323.02","(323.02)","783","1","","Open","0.00","2.02","0","0.00","Unknown","0","02/28/2013","Credit","CRED","2.02","(2.02)"
"885","1","0.00","0.00","0.00","0.00","344.96","358.76","0.00","0.00","13.80","13.80","358.76","657.51","683.81","0.00","Compound","13069","G:13069","Global","0.00","0.00","312.55","325.05","0.00","0.00","12.50","12.50","325.05","1","Partially Paid","0.00","26.30","26.30","03/27/2013","683.81","0.00","0.00","0.00","0.00","2375","1","","Open","0.00","325.05","0","0.00","Master Card","0","05/28/2013","Payment","PAY","325.05","(325.05)"
"958","1","0.00","0.00","0.00","0.00","412.99","429.51","0.00","0.00","16.52","16.52","429.51","437.05","454.53","0.00","Compound","13070","G:13070","Global","0.00","0.00","24.06","25.02","0.00","0.00","0.96","0.96","25.02","1","Partially Paid","0.00","17.48","17.48","03/27/2013","454.53","0.00","0.00","0.00","0.00","959","1","","Open","0.00","25.02","0","0.00","Unknown","0","03/27/2013","Payment","PAY","25.02","(25.02)"
"974","1","0.00","0.00","0.00","0.00","770.98","801.82","0.00","0.00","30.84","30.84","801.82","770.98","801.82","0.00","Compound","13072","G:13072","Global","0.00","0.00","0.00","0.00","0.00","0.00","0.00","0.00","0.00","1","Unpaid","0.00","30.84","30.84","03/27/2013","801.82","0.00","0.00","0.00","0.00"
"1038","1","0.00","0.00","0.00","0.00","886.34","921.79","0.00","0.00","35.45","35.45","921.79","886.34","921.79","0.00","Compound","13073","G:13073","Global","0.00","0.00","0.00","0.00","0.00","0.00","0.00","0.00","0.00","1","Unpaid","0.00","35.45","35.45","03/27/2013","921.79","0.00","0.00","0.00","0.00"
"803","1","0.00","0.00","0.00","0.00","1003.72","1043.87","0.00","0.00","40.15","40.15","1043.87","1003.72","1043.87","0.00","Compound","13074","G:13074","Global","0.00","0.00","0.00","0.00","0.00","0.00","0.00","0.00","0.00","1","Unpaid","0.00","40.15","40.15","03/27/2013","1043.87","0.00","0.00","0.00","0.00"
"933","1","0.00","0.00","0.00","0.00","901.22","937.27","0.00","0.00","36.05","36.05","937.27","1244.54","1294.32","0.00","Compound","13076","G:13076","Global","0.00","0.00","343.32","357.05","0.00","0.00","13.73","13.73","357.05","1","Partially Paid","0.00","49.78","49.78","03/27/2013","1294.32","0.00","0.00","0.00","0.00","934","1","","Open","0.00","25.02","0","0.00","Unknown","0","03/27/2013","Payment","PAY","25.02","(25.02)","1210","1","","Open","0.00","332.03","0","0.00","American Express","0","03/28/2013","Payment","PAY","332.03","(332.03)"
"866","1","0.00","0.00","0.00","0.00","0.82","0.85","0.00","0.00","0.03","0.03","0.85","121.36","126.21","0.00","Compound","13077","G:13077","Global","0.00","0.00","120.54","125.36","0.00","0.00","4.82","4.82","125.36","1","Partially Paid","0.00","4.85","4.85","03/27/2013","126.21","0.00","0.00","0.00","0.00","718","1","","Open","0.00","125.36","0","0.00","Cash","0","02/28/2013","Payment","PAY","333.02","(333.02)"
"915","1","0.00","0.00","0.00","0.00","224.71","233.70","0.00","0.00","8.99","8.99","233.70","224.71","233.70","0.00","Compound","13078","G:13078","Global","0.00","0.00","0.00","0.00","0.00","0.00","0.00","0.00","0.00","1","Unpaid","0.00","8.99","8.99","03/27/2013","233.70","0.00","0.00","0.00","0.00"
"897","1","0.00","0.00","0.00","0.00","330.08","343.28","0.00","0.00","13.20","13.20","343.28","330.08","343.28","0.00","Compound","13079","G:13079","Global","0.00","0.00","0.00","0.00","0.00","0.00","0.00","0.00","0.00","1","Unpaid","0.00","13.20","13.20","03/27/2013","343.28","0.00","0.00","0.00","0.00"
"858","1","0.00","0.00","0.00","0.00","335.08","348.48","0.00","0.00","13.40","13.40","348.48","658.19","684.52","0.00","Compound","13080","G:13080","Global","0.00","0.00","323.11","336.04","0.00","0.00","12.93","12.93","336.04","1","Partially Paid","0.00","26.33","26.33","03/27/2013","684.52","0.00","0.00","0.00","0.00","1792","1","","Open","0.00","336.04","0","0.00","Visa","0","04/28/2013","Payment","PAY","336.04","(336.04)"
"837","1","0.00","0.00","0.00","0.00","113.44","117.98","0.00","0.00","4.54","4.54","117.98","437.51","455.01","0.00","Compound","13081","G:13081","Global","0.00","0.00","324.07","337.03","0.00","0.00","12.96","12.96","337.03","1","Partially Paid","0.00","17.50","17.50","03/27/2013","455.01","0.00","0.00","0.00","0.00","1211","1","","Open","0.00","337.03","0","0.00","American Express","0","03/28/2013","Payment","PAY","337.03","(337.03)"
"1093","1","0.00","0.00","0.00","0.00","771.77","802.64","0.00","0.00","30.87","30.87","802.64","771.77","802.64","0.00","Compound","13083","G:13083","Global","0.00","0.00","0.00","0.00","0.00","0.00","0.00","0.00","0.00","1","Unpaid","0.00","30.87","30.87","03/27/2013","802.64","0.00","0.00","0.00","0.00"
"1095","1","0.00","0.00","0.00","0.00","884.33","919.70","0.00","0.00","35.37","35.37","919.70","887.24","922.73","0.00","Compound","13084","G:13084","Global","0.00","0.00","2.91","3.03","0.00","0.00","0.12","0.12","3.03","1","Partially Paid","0.00","35.49","35.49","03/27/2013","922.73","0.00","0.00","0.00","0.00","1276","1","","Open","0.00","3.03","0","0.00","Unknown","0","03/28/2013","Credit","CRED","3.03","(3.03)"
"960","1","0.00","0.00","0.00","0.00","636.23","661.67","0.00","0.00","25.44","25.44","661.67","966.09","1004.73","0.00","Compound","13085","G:13085","Global","0.00","0.00","329.86","343.06","0.00","0.00","13.20","13.20","343.06","1","Partially Paid","0.00","38.64","38.64","03/27/2013","1004.73","0.00","0.00","0.00","0.00","785","1","","Open","0.00","2.02","0","0.00","Unknown","0","02/28/2013","Credit","CRED","2.02","(2.02)","1793","1","","Open","0.00","341.04","0","0.00","Visa","0","04/28/2013","Payment","PAY","341.04","(341.04)"
"1073","1","0.00","0.00","0.00","0.00","958.96","997.32","243.99","0.00","38.36","38.36","1241.31","1165.14","1211.75","243.99","Compound","13087","G:13087","Global","0.00","0.00","206.18","214.43","0.00","0.00","8.25","8.25","214.43","1","Partially Paid","0.00","46.61","46.61","03/27/2013","1455.74","0.00","0.00","0.00","0.00","720","1","","Open","0.00","214.43","0","0.00","Cash","0","02/28/2013","Payment","PAY","343.02","(343.02)"
"1096","1","0.00","0.00","0.00","0.00","97.19","101.08","0.00","0.00","3.89","3.89","101.08","121.25","126.10","0.00","Compound","13088","G:13088","Global","0.00","0.00","24.06","25.02","0.00","0.00","0.96","0.96","25.02","1","Partially Paid","0.00","4.85","4.85","03/27/2013","126.10","0.00","0.00","0.00","0.00","1097","1","","Open","0.00","25.02","0","0.00","Unknown","0","03/27/2013","Payment","PAY","25.02","(25.02)"
"1142","1","0.00","0.00","0.00","0.00","130.74","135.97","0.00","0.00","5.23","5.23","135.97","224.51","233.49","0.00","Compound","13089","G:13089","Global","0.00","0.00","93.77","97.52","0.00","0.00","3.75","3.75","97.52","1","Partially Paid","0.00","8.98","8.98","03/27/2013","233.49","0.00","0.00","0.00","0.00","2379","1","","Open","0.00","97.52","0","0.00","Master Card","0","05/28/2013","Payment","PAY","345.05","(345.05)"
"1013","1","0.00","0.00","0.00","0.00","3.46","3.60","0.00","0.00","0.14","0.14","3.60","336.19","349.64","0.00","Compound","13090","G:13090","Global","0.00","0.00","332.73","346.04","0.00","0.00","13.31","13.31","346.04","1","Partially Paid","0.00","13.45","13.45","03/27/2013","349.64","0.00","0.00","0.00","0.00","1794","1","","Open","0.00","346.04","0","0.00","Visa","0","04/28/2013","Payment","PAY","346.04","(346.04)"
"1143","1","0.00","0.00","0.00","0.00","71.44","74.29","0.00","0.00","2.85","2.85","74.29","639.03","664.59","0.00","Compound","13091","G:13091","Global","0.00","0.00","567.59","590.30","0.00","0.00","22.71","22.71","590.30","1","Partially Paid","0.00","25.56","25.56","03/27/2013","664.59","0.00","0.00","0.00","0.00","1213","1","","Open","0.00","347.03","0","0.00","American Express","0","03/28/2013","Payment","PAY","347.03","(347.03)","4131","1","","Open","0.00","243.27","0","0.00","Debit Card","0","08/28/2013","Payment","PAY","347.08","(347.08)"
"1071","1","0.00","0.00","0.00","0.00","0.00","0.00","0.00","0.00","0.00","0.00","0.00","437.14","454.63","0.00","Compound","13092","G:13092","Global","0.00","0.00","437.14","454.63","0.00","0.00","17.49","17.49","454.63","1","Paid in Full","0.00","17.49","17.49","03/27/2013","454.63","0.00","0.00","0.00","0.00","721","1","","Open","0.00","348.02","0","0.00","Cash","0","02/28/2013","Payment","PAY","348.02","(348.02)","3551","1","","Open","0.00","106.61","0","0.00","Japan Credit Bureau (JCB)","0","07/28/2013","Payment","PAY","348.07","(348.07)"
"1144","1","0.00","0.00","0.00","0.00","372.53","387.43","0.00","0.00","14.90","14.90","387.43","735.12","764.52","0.00","Compound","13093","G:13093","Global","0.00","0.00","362.59","377.09","0.00","0.00","14.50","14.50","377.09","1","Partially Paid","0.00","29.40","29.40","03/27/2013","764.52","0.00","0.00","0.00","0.00","786","1","","Open","0.00","2.02","0","0.00","Unknown","0","02/28/2013","Credit","CRED","2.02","(2.02)","1145","1","","Open","0.00","25.02","0","0.00","Unknown","0","03/27/2013","Payment","PAY","25.02","(25.02)","2380","1","","Open","0.00","350.05","0","0.00","Master Card","0","05/28/2013","Payment","PAY","350.05","(350.05)"
"1098","1","0.00","0.00","0.00","0.00","524.36","545.34","0.00","0.00","20.98","20.98","545.34","861.90","896.38","0.00","Compound","13094","G:13094","Global","0.00","0.00","337.54","351.04","0.00","0.00","13.50","13.50","351.04","1","Partially Paid","0.00","34.48","34.48","03/27/2013","896.38","0.00","0.00","0.00","0.00","1795","1","","Open","0.00","351.04","0","0.00","Visa","0","04/28/2013","Payment","PAY","351.04","(351.04)"
"1039","1","0.00","0.00","0.00","0.00","610.21","634.62","0.00","0.00","24.41","24.41","634.62","948.70","986.65","0.00","Compound","13095","G:13095","Global","0.00","0.00","338.49","352.03","0.00","0.00","13.54","13.54","352.03","1","Partially Paid","0.00","37.95","37.95","03/27/2013","986.65","0.00","0.00","0.00","0.00","1214","1","","Open","0.00","352.03","0","0.00","American Express","0","03/28/2013","Payment","PAY","352.03","(352.03)"
"1040","1","0.00","0.00","0.00","0.00","917.35","954.04","0.00","0.00","36.69","36.69","954.04","1132.77","1178.08","0.00","Compound","13097","G:13097","Global","0.00","0.00","215.42","224.04","0.00","0.00","8.62","8.62","224.04","1","Partially Paid","0.00","45.31","45.31","03/27/2013","1178.08","0.00","0.00","0.00","0.00","233","1","254","Open","0.00","224.04","0","0.00","Check","0","01/28/2013","Payment","PAY","354.01","(354.01)"
"916","1","0.00","0.00","0.00","0.00","122.58","127.48","0.00","0.00","4.90","4.90","127.48","122.58","127.48","0.00","Compound","13098","G:13098","Global","0.00","0.00","0.00","0.00","0.00","0.00","0.00","0.00","0.00","1","Unpaid","0.00","4.90","4.90","03/27/2013","127.48","0.00","0.00","0.00","0.00"
"838","1","0.00","0.00","0.00","0.00","0.00","0.00","0.00","0.00","0.00","0.00","0.00","231.35","240.60","0.00","Compound","13099","G:13099","Global","0.00","0.00","231.35","240.60","0.00","0.00","9.25","9.25","240.60","1","Paid in Full","0.00","9.25","9.25","03/27/2013","240.60","0.00","0.00","0.00","0.00","839","1","","Open","0.00","25.02","0","0.00","Unknown","0","03/27/2013","Payment","PAY","25.02","(25.02)","1796","1","","Open","0.00","215.58","0","0.00","Visa","0","04/28/2013","Payment","PAY","356.04","(356.04)"
"961","1","0.00","0.00","0.00","0.00","0.00","0.00","0.00","0.00","0.00","0.00","0.00","330.14","343.35","0.00","Compound","13100","G:13100","Global","0.00","0.00","330.14","343.35","0.00","0.00","13.21","13.21","343.35","1","Paid in Full","0.00","13.21","13.21","03/27/2013","343.35","0.00","0.00","0.00","0.00","1215","1","","Open","0.00","343.35","0","0.00","American Express","0","03/28/2013","Payment","PAY","357.03","(357.03)"
"1041","1","0.00","0.00","0.00","0.00","643.01","668.73","0.00","0.00","25.72","25.72","668.73","645.92","671.76","0.00","Compound","13101","G:13101","Global","0.00","0.00","2.91","3.03","0.00","0.00","0.12","0.12","3.03","1","Partially Paid","0.00","25.84","25.84","03/27/2013","671.76","0.00","0.00","0.00","0.00","1278","1","","Open","0.00","3.03","0","0.00","Unknown","0","03/28/2013","Credit","CRED","3.03","(3.03)"
"1037","1","0.00","0.00","0.00","0.00","77.86","80.97","0.00","0.00","3.11","3.11","80.97","425.00","442.00","0.00","Compound","13102","G:13102","Global","0.00","0.00","347.14","361.03","0.00","0.00","13.89","13.89","361.03","1","Partially Paid","0.00","17.00","17.00","03/27/2013","442.00","0.00","0.00","0.00","0.00","234","1","259","Open","0.00","359.01","0","0.00","Check","0","01/28/2013","Payment","PAY","359.01","(359.01)","787","1","","Open","0.00","2.02","0","0.00","Unknown","0","02/28/2013","Credit","CRED","2.02","(2.02)"
"1116","1","0.00","0.00","0.00","0.00","1906.52","1982.78","0.00","0.00","76.26","76.26","1982.78","2253.67","2343.82","0.00","Compound","13104","G:13104","Global","0.00","0.00","347.15","361.04","0.00","0.00","13.89","13.89","361.04","1","Partially Paid","0.00","90.15","90.15","03/27/2013","2343.82","0.00","0.00","0.00","0.00","1797","1","","Open","0.00","361.04","0","0.00","Visa","0","04/28/2013","Payment","PAY","361.04","(361.04)"
"1018","1","0.00","0.00","0.00","0.00","1358.19","1412.52","1.58","0.00","54.33","54.33","1414.10","1730.36","1799.57","1.58","Compound","13105","G:13105","Global","0.00","0.00","372.17","387.05","0.00","0.00","14.88","14.88","387.05","1","Partially Paid","0.00","69.21","69.21","03/27/2013","1801.15","0.00","0.00","0.00","0.00","1019","1","","Open","0.00","25.02","0","0.00","Unknown","0","03/27/2013","Payment","PAY","25.02","(25.02)","1216","1","","Open","0.00","362.03","0","0.00","American Express","0","03/28/2013","Payment","PAY","362.03","(362.03)"
"886","1","0.00","0.00","0.00","0.00","289.57","301.16","0.00","0.00","11.59","11.59","301.16","662.68","689.19","0.00","Compound","13106","G:13106","Global","0.00","0.00","373.11","388.03","0.00","0.00","14.92","14.92","388.03","1","Partially Paid","0.00","26.51","26.51","03/27/2013","689.19","0.00","0.00","0.00","0.00","724","1","","Open","0.00","363.02","0","0.00","Cash","0","02/28/2013","Payment","PAY","363.02","(363.02)","887","1","","Open","0.00","25.01","0","0.00","Unknown","0","03/27/2013","Payment","PAY","25.01","(25.01)"
"1146","1","0.00","0.00","0.00","0.00","3886.96","4042.44","0.00","0.00","155.48","155.48","4042.44","3886.96","4042.44","0.00","Compound","13108","G:13108","Global","0.00","0.00","0.00","0.00","0.00","0.00","0.00","0.00","0.00","1","Unpaid","0.00","155.48","155.48","03/27/2013","4042.44","0.00","0.00","0.00","0.00"
"1064","1","0.00","0.00","0.00","0.00","0.00","0.00","0.00","0.00","0.00","0.00","0.00","304.87","317.06","0.00","Compound","13109","G:13109","Global","0.00","0.00","304.87","317.06","0.00","0.00","12.19","12.19","317.06","1","Paid in Full","0.00","12.19","12.19","03/27/2013","317.06","0.00","0.00","0.00","0.00","1798","1","","Open","0.00","317.06","0","0.00","Visa","0","04/28/2013","Payment","PAY","366.04","(366.04)"
"888","1","0.00","0.00","0.00","0.00","0.00","0.00","0.00","0.00","0.00","0.00","0.00","160.75","167.18","0.00","Compound","13110","G:13110","Global","0.00","0.00","160.75","167.18","0.00","0.00","6.43","6.43","167.18","1","Paid in Full","0.00","6.43","6.43","03/27/2013","167.18","0.00","0.00","0.00","0.00","1217","1","","Open","0.00","167.18","0","0.00","American Express","0","03/28/2013","Payment","PAY","367.03","(367.03)"
"917","1","0.00","0.00","0.00","0.00","309.00","321.36","0.00","0.00","12.36","12.36","321.36","333.06","346.38","0.00","Compound","13111","G:13111","Global","0.00","0.00","24.06","25.02","0.00","0.00","0.96","0.96","25.02","1","Partially Paid","0.00","13.32","13.32","03/27/2013","346.38","0.00","0.00","0.00","0.00","918","1","","Open","0.00","25.02","0","0.00","Unknown","0","03/27/2013","Payment","PAY","25.02","(25.02)"
"997","1","0.00","0.00","0.00","0.00","1122.76","1167.67","0.00","0.00","44.91","44.91","1167.67","1122.76","1167.67","0.00","Compound","13112","G:13112","Global","0.00","0.00","0.00","0.00","0.00","0.00","0.00","0.00","0.00","1","Unpaid","0.00","44.91","44.91","03/27/2013","1167.67","0.00","0.00","0.00","0.00"
"935","1","0.00","0.00","0.00","0.00","508.62","528.96","0.00","0.00","20.34","20.34","528.96","508.62","528.96","0.00","Compound","13113","G:13113","Global","0.00","0.00","0.00","0.00","0.00","0.00","0.00","0.00","0.00","1","Unpaid","0.00","20.34","20.34","03/27/2013","528.96","0.00","0.00","0.00","0.00"
"840","1","0.00","0.00","0.00","0.00","0.00","0.00","0.00","0.00","0.00","0.00","0.00","231.26","240.51","0.00","Compound","13115","G:13115","Global","0.00","0.00","231.26","240.51","0.00","0.00","9.25","9.25","240.51","1","Paid in Full","0.00","9.25","9.25","03/27/2013","240.51","0.00","0.00","0.00","0.00","1218","1","","Open","0.00","240.51","0","0.00","American Express","0","03/28/2013","Payment","PAY","372.03","(372.03)"
"1134","1","0.00","0.00","0.00","0.00","2397.55","2493.45","0.00","0.00","95.90","95.90","2493.45","2756.27","2866.52","0.00","Compound","13116","G:13116","Global","0.00","0.00","358.72","373.07","0.00","0.00","14.35","14.35","373.07","1","Partially Paid","0.00","110.25","110.25","03/27/2013","2866.52","0.00","0.00","0.00","0.00","3556","1","","Open","0.00","373.07","0","0.00","Japan Credit Bureau (JCB)","0","07/28/2013","Payment","PAY","373.07","(373.07)"
"841","1","0.00","0.00","0.00","0.00","6.91","7.18","0.00","0.00","0.27","0.27","7.18","371.39","386.25","0.00","Compound","13118","G:13118","Global","0.00","0.00","364.48","379.07","0.00","0.00","14.59","14.59","379.07","1","Partially Paid","0.00","14.86","14.86","03/27/2013","386.25","0.00","0.00","0.00","0.00","1280","1","","Open","0.00","3.03","0","0.00","Unknown","0","03/28/2013","Credit","CRED","3.03","(3.03)","1800","1","","Open","0.00","376.04","0","0.00","Visa","0","04/28/2013","Payment","PAY","376.04","(376.04)"
"998","1","0.00","0.00","0.00","0.00","0.00","0.00","0.00","0.00","0.00","0.00","0.00","218.60","227.34","0.00","Compound","13119","G:13119","Global","0.00","0.00","218.60","227.34","0.00","0.00","8.74","8.74","227.34","1","Paid in Full","0.00","8.74","8.74","03/27/2013","227.34","0.00","0.00","0.00","0.00","1219","1","","Open","0.00","227.34","0","0.00","American Express","0","03/28/2013","Payment","PAY","377.03","(377.03)"
"962","1","0.00","0.00","0.00","0.00","328.20","341.33","278.99","0.00","13.13","13.13","620.32","328.20","341.33","278.99","Compound","13120","G:13120","Global","0.00","0.00","0.00","0.00","0.00","0.00","0.00","0.00","0.00","1","Unpaid","0.00","13.13","13.13","03/27/2013","620.32","0.00","0.00","0.00","0.00"
"842","1","0.00","0.00","0.00","0.00","112.61","117.11","0.00","0.00","4.50","4.50","117.11","112.61","117.11","0.00","Compound","13121","G:13121","Global","0.00","0.00","0.00","0.00","0.00","0.00","0.00","0.00","0.00","1","Unpaid","0.00","4.50","4.50","03/27/2013","117.11","0.00","0.00","0.00","0.00"
"963","1","0.00","0.00","0.00","0.00","541.75","563.42","0.00","0.00","21.67","21.67","563.42","931.24","968.49","0.00","Compound","13122","G:13122","Global","0.00","0.00","389.49","405.07","0.00","0.00","15.58","15.58","405.07","1","Partially Paid","0.00","37.25","37.25","03/27/2013","968.49","0.00","0.00","0.00","0.00","964","1","","Open","0.00","25.02","0","0.00","Unknown","0","03/27/2013","Payment","PAY","25.02","(25.02)","2386","1","","Open","0.00","380.05","0","0.00","Master Card","0","05/28/2013","Payment","PAY","380.05","(380.05)"
"855","1","0.00","0.00","0.00","0.00","46.40","48.26","0.00","0.00","1.86","1.86","48.26","436.84","454.31","0.00","Compound","13123","G:13123","Global","0.00","0.00","390.44","406.05","0.00","0.00","15.61","15.61","406.05","1","Partially Paid","0.00","17.47","17.47","03/27/2013","454.31","0.00","0.00","0.00","0.00","856","1","","Open","0.00","25.01","0","0.00","Unknown","0","03/27/2013","Payment","PAY","25.01","(25.01)","1801","1","","Open","0.00","381.04","0","0.00","Visa","0","04/28/2013","Payment","PAY","381.04","(381.04)"
"891","1","0.00","0.00","0.00","0.00","770.62","801.44","0.00","0.00","30.82","30.82","801.44","770.62","801.44","0.00","Compound","13125","G:13125","Global","0.00","0.00","0.00","0.00","0.00","0.00","0.00","0.00","0.00","1","Unpaid","0.00","30.82","30.82","03/27/2013","801.44","0.00","0.00","0.00","0.00"
"1076","1","0.00","0.00","0.00","0.00","885.93","921.37","0.00","0.00","35.44","35.44","921.37","885.93","921.37","0.00","Compound","13126","G:13126","Global","0.00","0.00","0.00","0.00","0.00","0.00","0.00","0.00","0.00","1","Unpaid","0.00","35.44","35.44","03/27/2013","921.37","0.00","0.00","0.00","0.00"
"1065","1","0.00","0.00","0.00","0.00","1000.35","1040.36","0.00","0.00","40.01","40.01","1040.36","1003.26","1043.39","0.00","Compound","13127","G:13127","Global","0.00","0.00","2.91","3.03","0.00","0.00","0.12","0.12","3.03","1","Partially Paid","0.00","40.13","40.13","03/27/2013","1043.39","0.00","0.00","0.00","0.00","1281","1","","Open","0.00","3.03","0","0.00","Unknown","0","03/28/2013","Credit","CRED","3.03","(3.03)"
"965","1","0.00","0.00","0.00","0.00","871.84","906.71","0.00","0.00","34.87","34.87","906.71","1243.98","1293.74","0.00","Compound","13129","G:13129","Global","0.00","0.00","372.14","387.03","0.00","0.00","14.89","14.89","387.03","1","Partially Paid","0.00","49.76","49.76","03/27/2013","1293.74","0.00","0.00","0.00","0.00","1221","1","","Open","0.00","387.03","0","0.00","American Express","0","03/28/2013","Payment","PAY","387.03","(387.03)"
"1000","1","0.00","0.00","0.00","0.00","0.00","0.00","0.00","0.00","0.00","0.00","0.00","121.30","126.15","0.00","Compound","13130","G:13130","Global","0.00","0.00","121.30","126.15","0.00","0.00","4.85","4.85","126.15","1","Paid in Full","0.00","4.85","4.85","03/27/2013","126.15","0.00","0.00","0.00","0.00","729","1","","Open","0.00","126.15","0","0.00","Cash","0","02/28/2013","Payment","PAY","388.02","(388.02)"
"919","1","0.00","0.00","0.00","0.00","180.45","187.66","0.00","0.00","7.21","7.21","187.66","224.60","233.58","0.00","Compound","13131","G:13131","Global","0.00","0.00","44.15","45.92","0.00","0.00","1.77","1.77","45.92","1","Partially Paid","0.00","8.98","8.98","03/27/2013","233.58","0.00","0.00","0.00","0.00","240","1","289","Open","0.00","45.92","0","0.00","Check","0","01/28/2013","Payment","PAY","389.01","(389.01)"
"972","1","0.00","0.00","0.00","0.00","329.92","343.12","0.00","0.00","13.20","13.20","343.12","329.92","343.12","0.00","Compound","13132","G:13132","Global","0.00","0.00","0.00","0.00","0.00","0.00","0.00","0.00","0.00","1","Unpaid","0.00","13.20","13.20","03/27/2013","343.12","0.00","0.00","0.00","0.00"
"1020","1","0.00","0.00","0.00","0.00","281.88","293.16","0.00","0.00","11.28","11.28","293.16","657.88","684.20","0.00","Compound","13133","G:13133","Global","0.00","0.00","376.00","391.04","0.00","0.00","15.04","15.04","391.04","1","Partially Paid","0.00","26.32","26.32","03/27/2013","684.20","0.00","0.00","0.00","0.00","1803","1","","Open","0.00","391.04","0","0.00","Visa","0","04/28/2013","Payment","PAY","391.04","(391.04)"
"1147","1","0.00","0.00","0.00","0.00","36.29","37.74","0.00","0.00","1.45","1.45","37.74","437.30","454.79","0.00","Compound","13134","G:13134","Global","0.00","0.00","401.01","417.05","0.00","0.00","16.04","16.04","417.05","1","Partially Paid","0.00","17.49","17.49","03/27/2013","454.79","0.00","0.00","0.00","0.00","1148","1","","Open","0.00","25.02","0","0.00","Unknown","0","03/27/2013","Payment","PAY","25.02","(25.02)","1222","1","","Open","0.00","392.03","0","0.00","American Express","0","03/28/2013","Payment","PAY","392.03","(392.03)"
"936","1","0.00","0.00","0.00","0.00","768.50","799.24","0.00","0.00","30.74","30.74","799.24","771.41","802.27","0.00","Compound","13136","G:13136","Global","0.00","0.00","2.91","3.03","0.00","0.00","0.12","0.12","3.03","1","Partially Paid","0.00","30.86","30.86","03/27/2013","802.27","0.00","0.00","0.00","0.00","1282","1","","Open","0.00","3.03","0","0.00","Unknown","0","03/28/2013","Credit","CRED","3.03","(3.03)"
"1014","1","0.00","0.00","0.00","0.00","886.83","922.30","0.00","0.00","35.47","35.47","922.30","886.83","922.30","0.00","Compound","13137","G:13137","Global","0.00","0.00","0.00","0.00","0.00","0.00","0.00","0.00","0.00","1","Unpaid","0.00","35.47","35.47","03/27/2013","922.30","0.00","0.00","0.00","0.00"
"1117","1","0.00","0.00","0.00","0.00","622.49","647.39","0.00","0.00","24.90","24.90","647.39","1004.27","1044.44","0.00","Compound","13138","G:13138","Global","0.00","0.00","381.78","397.05","0.00","0.00","15.27","15.27","397.05","1","Partially Paid","0.00","40.17","40.17","03/27/2013","1044.44","0.00","0.00","0.00","0.00","302","1","","Open","0.00","1.01","0","0.00","Unknown","0","01/28/2013","Credit","CRED","1.01","(1.01)","1804","1","","Open","0.00","396.04","0","0.00","Visa","0","04/28/2013","Payment","PAY","396.04","(396.04)"
"1042","1","0.00","0.00","0.00","0.00","959.87","998.27","0.00","0.00","38.40","38.40","998.27","1245.22","1295.03","0.00","Compound","13140","G:13140","Global","0.00","0.00","285.35","296.76","0.00","0.00","11.41","11.41","296.76","1","Partially Paid","0.00","49.81","49.81","03/27/2013","1295.03","0.00","0.00","0.00","0.00","731","1","","Open","0.00","271.74","0","0.00","Cash","0","02/28/2013","Payment","PAY","398.02","(398.02)","1043","1","","Open","0.00","25.02","0","0.00","Unknown","0","03/27/2013","Payment","PAY","25.02","(25.02)"
"1125","1","0.00","0.00","0.00","0.00","78.18","81.31","0.00","0.00","3.13","3.13","81.31","224.84","233.83","0.00","Compound","13141","G:13141","Global","0.00","0.00","146.66","152.52","0.00","0.00","5.86","5.86","152.52","1","Partially Paid","0.00","8.99","8.99","03/27/2013","233.83","0.00","0.00","0.00","0.00","2390","1","","Open","0.00","152.52","0","0.00","Master Card","0","05/28/2013","Payment","PAY","400.05","(400.05)"
"1015","1","0.00","0.00","0.00","0.00","0.00","0.00","0.00","0.00","0.00","0.00","0.00","336.03","349.47","0.00","Compound","13142","G:13142","Global","0.00","0.00","336.03","349.47","0.00","0.00","13.44","13.44","349.47","1","Paid in Full","0.00","13.44","13.44","03/27/2013","349.47","0.00","0.00","0.00","0.00","1805","1","","Open","0.00","349.47","0","0.00","Visa","0","04/28/2013","Payment","PAY","401.04","(401.04)"
"892","1","0.00","0.00","0.00","0.00","252.15","262.24","0.00","0.00","10.09","10.09","262.24","638.72","664.27","0.00","Compound","13143","G:13143","Global","0.00","0.00","386.57","402.03","0.00","0.00","15.46","15.46","402.03","1","Partially Paid","0.00","25.55","25.55","03/27/2013","664.27","0.00","0.00","0.00","0.00","1224","1","","Open","0.00","402.03","0","0.00","American Express","0","03/28/2013","Payment","PAY","402.03","(402.03)"
"966","1","0.00","0.00","0.00","0.00","46.50","48.36","0.00","0.00","1.86","1.86","48.36","436.93","454.41","0.00","Compound","13144","G:13144","Global","0.00","0.00","390.43","406.05","0.00","0.00","15.62","15.62","406.05","1","Partially Paid","0.00","17.48","17.48","03/27/2013","454.41","0.00","0.00","0.00","0.00","732","1","","Open","0.00","403.02","0","0.00","Cash","0","02/28/2013","Payment","PAY","403.02","(403.02)","1283","1","","Open","0.00","3.03","0","0.00","Unknown","0","03/28/2013","Credit","CRED","3.03","(3.03)"
"1016","1","0.00","0.00","0.00","0.00","345.29","359.10","0.00","0.00","13.81","13.81","359.10","734.76","764.15","0.00","Compound","13146","G:13146","Global","0.00","0.00","389.47","405.05","0.00","0.00","15.58","15.58","405.05","1","Partially Paid","0.00","29.39","29.39","03/27/2013","764.15","0.00","0.00","0.00","0.00","2391","1","","Open","0.00","405.05","0","0.00","Master Card","0","05/28/2013","Payment","PAY","405.05","(405.05)"
"843","1","0.00","0.00","0.00","0.00","471.07","489.91","0.00","0.00","18.84","18.84","489.91","861.49","895.95","0.00","Compound","13147","G:13147","Global","0.00","0.00","390.42","406.04","0.00","0.00","15.62","15.62","406.04","1","Partially Paid","0.00","34.46","34.46","03/27/2013","895.95","0.00","0.00","0.00","0.00","1806","1","","Open","0.00","406.04","0","0.00","Visa","0","04/28/2013","Payment","PAY","406.04","(406.04)"
"844","1","0.00","0.00","0.00","0.00","863.85","898.40","0.00","0.00","34.55","34.55","898.40","1132.21","1177.50","0.00","Compound","13149","G:13149","Global","0.00","0.00","268.36","279.10","0.00","0.00","10.74","10.74","279.10","1","Partially Paid","0.00","45.29","45.29","03/27/2013","1177.50","0.00","0.00","0.00","0.00","244","1","309","Open","0.00","279.10","0","0.00","Check","0","01/28/2013","Payment","PAY","409.01","(409.01)"
"1118","1","0.00","0.00","0.00","0.00","98.46","102.40","0.00","0.00","3.94","3.94","102.40","122.52","127.42","0.00","Compound","13150","G:13150","Global","0.00","0.00","24.06","25.02","0.00","0.00","0.96","0.96","25.02","1","Partially Paid","0.00","4.90","4.90","03/27/2013","127.42","0.00","0.00","0.00","0.00","1119","1","","Open","0.00","25.02","0","0.00","Unknown","0","03/27/2013","Payment","PAY","25.02","(25.02)"
"845","1","0.00","0.00","0.00","0.00","0.00","0.00","0.00","0.00","0.00","0.00","0.00","231.24","240.49","0.00","Compound","13151","G:13151","Global","0.00","0.00","231.24","240.49","0.00","0.00","9.25","9.25","240.49","1","Paid in Full","0.00","9.25","9.25","03/27/2013","240.49","0.00","0.00","0.00","0.00","1807","1","","Open","0.00","240.49","0","0.00","Visa","0","04/28/2013","Payment","PAY","411.04","(411.04)"
"920","1","0.00","0.00","0.00","0.00","0.00","0.00","0.00","0.00","0.00","0.00","0.00","329.98","343.18","0.00","Compound","13152","G:13152","Global","0.00","0.00","329.98","343.18","0.00","0.00","13.20","13.20","343.18","1","Paid in Full","0.00","13.20","13.20","03/27/2013","343.18","0.00","0.00","0.00","0.00","1226","1","","Open","0.00","343.18","0","0.00","American Express","0","03/28/2013","Payment","PAY","412.03","(412.03)"
"861","1","0.00","0.00","0.00","0.00","645.61","671.43","313.99","0.00","25.82","25.82","985.42","645.61","671.43","313.99","Compound","13153","G:13153","Global","0.00","0.00","0.00","0.00","0.00","0.00","0.00","0.00","0.00","1","Unpaid","0.00","25.82","25.82","03/27/2013","985.42","0.00","0.00","0.00","0.00"
"1103","1","0.00","0.00","0.00","0.00","328.61","341.75","0.00","0.00","13.14","13.14","341.75","424.79","441.78","0.00","Compound","13154","G:13154","Global","0.00","0.00","96.18","100.03","0.00","0.00","3.85","3.85","100.03","1","Partially Paid","0.00","16.99","16.99","03/27/2013","441.78","0.00","0.00","0.00","0.00","245","1","314","Open","0.00","99.02","0","0.00","Check","0","01/28/2013","Payment","PAY","414.01","(414.01)","304","1","","Open","0.00","1.01","0","0.00","Unknown","0","01/28/2013","Credit","CRED","1.01","(1.01)"
"967","1","0.00","0.00","0.00","0.00","333.05","346.38","0.00","0.00","13.33","13.33","346.38","757.15","787.44","0.00","Compound","13156","G:13156","Global","0.00","0.00","424.10","441.06","0.00","0.00","16.96","16.96","441.06","1","Partially Paid","0.00","30.29","30.29","03/27/2013","787.44","0.00","0.00","0.00","0.00","968","1","","Open","0.00","25.02","0","0.00","Unknown","0","03/27/2013","Payment","PAY","25.02","(25.02)","1808","1","","Open","0.00","416.04","0","0.00","Visa","0","04/28/2013","Payment","PAY","416.04","(416.04)"
"1107","1","0.00","0.00","0.00","0.00","445.00","462.80","0.00","0.00","17.80","17.80","462.80","845.99","879.83","0.00","Compound","13157","G:13157","Global","0.00","0.00","400.99","417.03","0.00","0.00","16.04","16.04","417.03","1","Partially Paid","0.00","33.84","33.84","03/27/2013","879.83","0.00","0.00","0.00","0.00","1227","1","","Open","0.00","417.03","0","0.00","American Express","0","03/28/2013","Payment","PAY","417.03","(417.03)"
"1126","1","0.00","0.00","0.00","0.00","556.52","578.78","0.00","0.00","22.26","22.26","578.78","958.46","996.80","0.00","Compound","13158","G:13158","Global","0.00","0.00","401.94","418.02","0.00","0.00","16.08","16.08","418.02","1","Partially Paid","0.00","38.34","38.34","03/27/2013","996.80","0.00","0.00","0.00","0.00","735","1","","Open","0.00","418.02","0","0.00","Cash","0","02/28/2013","Payment","PAY","418.02","(418.02)"
"1044","1","0.00","0.00","0.00","0.00","1144.64","1190.43","0.00","0.00","45.79","45.79","1190.43","1144.64","1190.43","0.00","Compound","13160","G:13160","Global","0.00","0.00","0.00","0.00","0.00","0.00","0.00","0.00","0.00","1","Unpaid","0.00","45.79","45.79","03/27/2013","1190.43","0.00","0.00","0.00","0.00"
"849","1","0.00","0.00","0.00","0.00","0.00","0.00","0.00","0.00","0.00","0.00","0.00","189.61","197.19","0.00","Compound","13161","G:13161","Global","0.00","0.00","189.61","197.19","0.00","0.00","7.58","7.58","197.19","1","Paid in Full","0.00","7.58","7.58","03/27/2013","197.19","0.00","0.00","0.00","0.00","247","1","321","Open","0.00","33.46","0","0.00","Check","0","01/28/2013","Payment","PAY","421.01","(421.01)","736","1","","Open","0.00","163.73","0","0.00","Cash","0","02/28/2013","Payment","PAY","421.02","(421.02)"
"851","1","0.00","0.00","0.00","0.00","610.26","634.67","0.00","0.00","24.41","24.41","634.67","646.84","672.71","0.00","Compound","13162","G:13162","Global","0.00","0.00","36.58","38.04","0.00","0.00","1.46","1.46","38.04","1","Partially Paid","0.00","25.87","25.87","03/27/2013","672.71","0.00","0.00","0.00","0.00","749","1","","Open","0.00","13.02","0","0.00","Unknown","0","02/28/2013","Payment","PAY","13.02","(13.02)","852","1","","Open","0.00","25.02","0","0.00","Unknown","0","03/27/2013","Payment","PAY","25.02","(25.02)"
"850","1","0.00","0.00","0.00","0.00","340.11","353.72","0.00","0.00","13.61","13.61","353.72","508.90","529.26","0.00","Compound","13163","G:13163","Global","0.00","0.00","168.79","175.54","0.00","0.00","6.75","6.75","175.54","1","Partially Paid","0.00","20.36","20.36","03/27/2013","529.26","0.00","0.00","0.00","0.00","3568","1","","Open","0.00","175.54","0","0.00","Japan Credit Bureau (JCB)","0","07/28/2013","Payment","PAY","423.07","(423.07)"
"848","1","0.00","0.00","0.00","0.00","172.41","179.31","0.00","0.00","6.90","6.90","179.31","172.41","179.31","0.00","Compound","13164","G:13164","Global","0.00","0.00","0.00","0.00","0.00","0.00","0.00","0.00","0.00","1","Unpaid","0.00","6.90","6.90","03/27/2013","179.31","0.00","0.00","0.00","0.00"
"853","1","0.00","0.00","0.00","0.00","1459.30","1517.68","0.00","0.00","58.38","58.38","1517.68","2275.70","2366.73","0.00","Compound","13166","G:13166","Global","0.00","0.00","816.40","849.05","0.00","0.00","32.65","32.65","849.05","1","Partially Paid","0.00","91.03","91.03","03/27/2013","2366.73","0.00","0.00","0.00","0.00","854","1","","Open","0.00","422.02","0","0.00","Unknown","0","03/27/2013","Payment","PAY","422.02","(422.02)","1230","1","","Open","0.00","427.03","0","0.00","American Express","0","03/28/2013","Payment","PAY","427.03","(427.03)"
"970","1","0.00","0.00","0.00","0.00","1264.00","1314.56","0.00","0.00","50.56","50.56","1314.56","1288.06","1339.58","0.00","Compound","13167","G:13167","Global","0.00","0.00","24.06","25.02","0.00","0.00","0.96","0.96","25.02","1","Partially Paid","0.00","51.52","51.52","03/27/2013","1339.58","0.00","0.00","0.00","0.00","971","1","","Open","0.00","25.02","0","0.00","Unknown","0","03/27/2013","Payment","PAY","25.02","(25.02)"
"846","1","0.00","0.00","0.00","0.00","0.00","0.00","0.00","0.00","0.00","0.00","0.00","359.63","374.02","0.00","Compound","13168","G:13168","Global","0.00","0.00","359.63","374.02","0.00","0.00","14.39","14.39","374.02","1","Paid in Full","0.00","14.39","14.39","03/27/2013","374.02","0.00","0.00","0.00","0.00","250","1","329","Open","0.00","374.02","0","0.00","Check","0","01/28/2013","Payment","PAY","429.01","(429.01)"
"812","1","0.00","0.00","0.00","0.00","0.00","0.00","0.00","0.00","0.00","0.00","0.00","146.83","152.70","0.00","Compound","13170","G:13170","Global","0.00","0.00","146.83","152.70","0.00","0.00","5.87","5.87","152.70","1","Paid in Full","0.00","5.87","5.87","03/27/2013","152.70","0.00","0.00","0.00","0.00","1812","1","","Open","0.00","152.70","0","0.00","Visa","0","04/28/2013","Payment","PAY","431.04","(431.04)"
"925","1","0.00","0.00","0.00","0.00","0.00","0.00","0.00","0.00","0.00","0.00","0.00","135.74","141.17","0.00","Compound","13171","G:13171","Global","0.00","0.00","135.74","141.17","0.00","0.00","5.43","5.43","141.17","1","Paid in Full","0.00","5.43","5.43","03/27/2013","141.17","0.00","0.00","0.00","0.00","1231","1","","Open","0.00","141.17","0","0.00","American Express","0","03/28/2013","Payment","PAY","432.03","(432.03)"
"1108","1","0.00","0.00","0.00","0.00","671.29","698.14","0.00","0.00","26.85","26.85","698.14","671.29","698.14","0.00","Compound","13172","G:13172","Global","0.00","0.00","0.00","0.00","0.00","0.00","0.00","0.00","0.00","1","Unpaid","0.00","26.85","26.85","03/27/2013","698.14","0.00","0.00","0.00","0.00"
"1149","1","0.00","0.00","0.00","0.00","1099.59","1143.58","0.00","0.00","43.99","43.99","1143.58","1123.65","1168.60","0.00","Compound","13173","G:13173","Global","0.00","0.00","24.06","25.02","0.00","0.00","0.96","0.96","25.02","1","Partially Paid","0.00","44.95","44.95","03/27/2013","1168.60","0.00","0.00","0.00","0.00","1150","1","","Open","0.00","25.02","0","0.00","Unknown","0","03/27/2013","Payment","PAY","25.02","(25.02)"
"1066","1","0.00","0.00","0.00","0.00","1176.01","1223.05","0.00","0.00","47.04","47.04","1223.05","1594.33","1658.10","0.00","Compound","13174","G:13174","Global","0.00","0.00","418.32","435.05","0.00","0.00","16.73","16.73","435.05","1","Partially Paid","0.00","63.77","63.77","03/27/2013","1658.10","0.00","0.00","0.00","0.00","2399","1","","Open","0.00","435.05","0","0.00","Master Card","0","05/28/2013","Payment","PAY","435.05","(435.05)"
"1079","1","0.00","0.00","0.00","0.00","728.00","757.12","0.00","0.00","29.12","29.12","757.12","1147.27","1193.16","0.00","Compound","13175","G:13175","Global","0.00","0.00","419.27","436.04","0.00","0.00","16.77","16.77","436.04","1","Partially Paid","0.00","45.89","45.89","03/27/2013","1193.16","0.00","0.00","0.00","0.00","1813","1","","Open","0.00","436.04","0","0.00","Visa","0","04/28/2013","Payment","PAY","436.04","(436.04)"
"973","1","0.00","0.00","0.00","0.00","0.00","0.00","345.96","0.00","0.00","0.00","345.96","0.00","0.00","348.99","Compound","13177","G:13177","Global","0.00","0.00","0.00","0.00","3.03","0.00","0.00","0.00","3.03","1","Partially Paid","0.00","0.00","0.00","03/27/2013","348.99","0.00","0.00","0.00","0.00","1288","1","","Open","0.00","0.00","0","3.03","Unknown","0","03/28/2013","Credit","CRED","3.03","(3.03)"
"1649","1","2232.67","2327.56","2192.36","2285.54","0.00","0.00","0.00","93.18","0.00","93.18","2285.54","0.00","0.00","10.08","Compound","13178","G:13178","Global","40.31","42.02","0.00","0.00","10.08","1.71","0.00","1.71","52.10","1","Partially Paid","94.89","0.00","94.89","04/27/2013","2337.64","0.00","0.00","0.00","0.00","1650","1","","Open","37.98","0.00","0","10.08","Unknown","0","04/27/2013","Payment","PAY","48.06","(48.06)","1827","1","","Open","4.04","0.00","0","0.00","Unknown","0","04/28/2013","Credit","CRED","4.04","(4.04)"
"1506","1","2464.88","2569.64","1669.65","1740.63","0.00","0.00","0.00","70.98","0.00","70.98","1740.63","0.00","0.00","3.27","Compound","13179","G:13179","Global","795.23","829.01","0.00","0.00","3.27","33.78","0.00","33.78","832.28","1","Partially Paid","104.76","0.00","104.76","04/27/2013","2572.91","0.00","0.00","0.00","0.00","1507","1","","Open","43.65","0.00","0","3.27","Unknown","0","04/27/2013","Payment","PAY","46.92","(46.92)","1738","1","","Open","66.76","0.00","0","0.00","Visa","0","04/28/2013","Payment","PAY","102.04","(102.04)","1828","1","","Open","4.04","0.00","0","0.00","Unknown","0","04/28/2013","Credit","CRED","4.04","(4.04)","2326","1","","Open","102.05","0.00","0","0.00","Master Card","0","05/28/2013","Payment","PAY","102.05","(102.05)","2911","1","","Open","102.06","0.00","0","0.00","Discover","0","06/28/2013","Payment","PAY","102.06","(102.06)","3495","1","","Open","102.07","0.00","0","0.00","Japan Credit Bureau (JCB)","0","07/28/2013","Payment","PAY","102.07","(102.07)","4075","1","","Open","102.08","0.00","0","0.00","Debit Card","0","08/28/2013","Payment","PAY","102.08","(102.08)","4654","1","","Open","102.09","0.00","0","0.00","Electronic Transfer","0","09/28/2013","Payment","PAY","102.09","(102.09)","5233","1","","Open","102.10","0.00","0","0.00","Other 1","0","10/28/2013","Payment","PAY","102.10","(102.10)","5802","0","","Open","102.11","0.00","0","0.00","Other 2","0","11/28/2013","Payment","PAY","102.11","(102.11)"
"1718","1","237.44","247.53","(0.01)","0.00","0.00","0.00","0.00","0.01","0.00","0.01","0.00","0.00","0.00","5.85","Compound","13180","G:13180","Global","237.45","247.53","0.00","0.00","5.85","10.08","0.00","10.08","253.38","1","Paid in Full","10.09","0.00","10.09","04/27/2013","253.38","0.00","0.00","0.00","0.00","1719","1","","Open","39.69","0.00","0","5.85","Unknown","0","04/27/2013","Payment","PAY","45.54","(45.54)","1829","1","","Open","4.04","0.00","0","0.00","Unknown","0","04/28/2013","Credit","CRED","4.04","(4.04)","2912","1","","Open","63.37","0.00","0","0.00","Discover","0","06/28/2013","Payment","PAY","103.06","(103.06)","3496","1","","Open","103.07","0.00","0","0.00","Japan Credit Bureau (JCB)","0","07/28/2013","Payment","PAY","103.07","(103.07)","4076","1","","Open","37.36","0.00","0","0.00","Debit Card","0","08/28/2013","Payment","PAY","103.08","(103.08)"
"1364","1","163.97","170.94","0.00","0.00","0.00","0.00","0.00","0.00","0.00","0.00","0.00","0.00","0.00","9.04","Compound","13181","G:13181","Global","163.97","170.94","0.00","0.00","9.04","6.97","0.00","6.97","179.98","1","Paid in Full","6.97","0.00","6.97","04/27/2013","179.98","50.12","0.00","0.00","0.00","1365","1","","Open","34.25","0.00","0","9.04","Unknown","0","04/27/2013","Payment","PAY","43.29","(43.29)","1830","1","","Open","4.04","0.00","0","0.00","Unknown","0","04/28/2013","Credit","CRED","4.04","(4.04)","5235","1","","Open","57.12","0.00","0","0.00","Other 1","0","10/28/2013","Payment","PAY","104.10","(104.10)","5804","0","","Open","75.53","0.00","0","0.00","Other 2","0","11/28/2013","Payment","PAY","104.11","(104.11)"
"1291","1","0.00","0.00","0.00","0.00","0.00","0.00","0.00","0.00","0.00","0.00","0.00","0.00","0.00","11.66","Compound","13182","G:13182","Global","0.00","0.00","0.00","0.00","11.66","0.00","0.00","0.00","11.66","1","Paid in Full","0.00","0.00","0.00","04/27/2013","11.66","0.00","0.00","0.00","0.00","1292","1","","Open","0.00","0.00","0","11.66","Unknown","0","04/27/2013","Payment","PAY","11.66","(11.66)"
"1371","1","369.60","385.31","369.60","385.31","0.00","0.00","3.68","15.71","0.00","15.71","388.99","0.00","0.00","3.68","Compound","13183","G:13183","Global","0.00","0.00","0.00","0.00","0.00","0.00","0.00","0.00","0.00","1","Unpaid","15.71","0.00","15.71","04/27/2013","388.99","50.12","0.00","0.00","0.00"
"1564","1","1640.18","1709.89","1640.18","1709.89","287.89","299.41","4.51","69.71","11.52","81.23","2013.81","287.89","299.41","4.51","Compound","13184","G:13184","Global","0.00","0.00","0.00","0.00","0.00","0.00","0.00","0.00","0.00","1","Unpaid","69.71","11.52","81.23","04/27/2013","2013.81","0.00","89.43","51.23","0.00"
"1295","1","0.00","0.00","0.00","0.00","332.91","346.23","11.59","0.00","13.32","13.32","357.82","332.91","346.23","11.59","Compound","13185","G:13185","Global","0.00","0.00","0.00","0.00","0.00","0.00","0.00","0.00","0.00","1","Unpaid","0.00","13.32","13.32","04/27/2013","357.82","0.00","88.68","0.00","0.00"
"1535","1","1548.67","1614.49","1548.67","1614.49","1381.43","1436.69","5.36","65.82","55.26","121.08","3056.54","1381.43","1436.69","30.39","Compound","13186","G:13186","Global","0.00","0.00","0.00","0.00","25.03","0.00","0.00","0.00","25.03","1","Partially Paid","65.82","55.26","121.08","04/27/2013","3081.57","0.00","66.84","0.00","0.00","1536","1","","Open","0.00","0.00","0","25.03","Unknown","0","04/27/2013","Payment","PAY","25.03","(25.03)"
"1676","1","1774.57","1849.99","1758.15","1832.87","0.00","0.00","0.00","74.72","0.00","74.72","1832.87","0.00","0.00","7.90","Compound","13187","G:13187","Global","16.42","17.12","0.00","0.00","7.90","0.70","0.00","0.70","25.02","1","Partially Paid","75.42","0.00","75.42","04/27/2013","1857.89","0.00","0.00","0.00","0.00","1677","1","","Open","17.12","0.00","0","7.90","Unknown","0","04/27/2013","Payment","PAY","25.02","(25.02)"
"1665","1","2002.57","2087.68","1992.64","2077.33","0.00","0.00","0.00","84.69","0.00","84.69","2077.33","0.00","0.00","5.05","Compound","13188","G:13188","Global","9.93","10.35","0.00","0.00","5.05","0.42","0.00","0.42","15.40","1","Partially Paid","85.11","0.00","85.11","04/27/2013","2092.73","0.00","0.00","0.00","0.00","1666","1","","Open","10.35","0.00","0","5.05","Unknown","0","04/27/2013","Payment","PAY","15.40","(15.40)"
"1444","1","2232.67","2327.56","2232.67","2327.56","0.00","0.00","9.80","94.89","0.00","94.89","2337.36","0.00","0.00","9.80","Compound","13189","G:13189","Global","0.00","0.00","0.00","0.00","0.00","0.00","0.00","0.00","0.00","1","Unpaid","94.89","0.00","94.89","04/27/2013","2337.36","0.00","0.00","0.00","0.00"
"1445","1","2464.88","2569.64","2464.88","2569.64","0.00","0.00","1.58","104.76","0.00","104.76","2571.22","0.00","0.00","1.58","Compound","13190","G:13190","Global","0.00","0.00","0.00","0.00","0.00","0.00","0.00","0.00","0.00","1","Unpaid","104.76","0.00","104.76","04/27/2013","2571.22","0.00","0.00","0.00","0.00"
"1411","1","237.44","247.53","236.32","246.36","0.00","0.00","0.00","10.04","0.00","10.04","246.36","0.00","0.00","2.87","Compound","13191","G:13191","Global","1.12","1.17","0.00","0.00","2.87","0.05","0.00","0.05","4.04","1","Partially Paid","10.09","0.00","10.09","04/27/2013","250.40","0.00","0.00","0.00","0.00","1832","1","","Open","1.17","0.00","0","2.87","Unknown","0","04/28/2013","Credit","CRED","4.04","(4.04)"
"1508","1","450.71","469.87","431.51","449.85","0.00","0.00","0.00","18.34","0.00","18.34","449.85","0.00","0.00","5.54","Compound","13192","G:13192","Global","19.20","20.02","0.00","0.00","5.54","0.82","0.00","0.82","25.56","1","Partially Paid","19.16","0.00","19.16","04/27/2013","475.41","0.00","0.00","0.00","0.00","1251","1","","Open","0.00","0.00","0","0.53","Unknown","0","03/28/2013","Credit","CRED","3.03","(3.03)","1509","1","","Open","20.02","0.00","0","5.01","Unknown","0","04/27/2013","Payment","PAY","25.03","(25.03)"
"1412","1","0.00","0.00","0.00","0.00","0.00","0.00","0.00","0.00","0.00","0.00","0.00","0.00","0.00","7.37","Compound","13193","G:13193","Global","0.00","0.00","0.00","0.00","7.37","0.00","0.00","0.00","7.37","1","Paid in Full","0.00","0.00","0.00","04/27/2013","7.37","0.00","0.00","0.00","0.00","1413","1","","Open","0.00","0.00","0","7.37","Unknown","0","04/27/2013","Payment","PAY","7.37","(7.37)"
"1704","1","883.60","921.15","883.60","921.15","0.00","0.00","2.44","37.55","0.00","37.55","923.59","0.00","0.00","2.44","Compound","13194","G:13194","Global","0.00","0.00","0.00","0.00","0.00","0.00","0.00","0.00","0.00","1","Unpaid","37.55","0.00","37.55","04/27/2013","923.59","0.00","0.00","0.00","0.00"
"1459","1","1103.18","1150.07","1103.18","1150.07","0.00","0.00","2.82","46.89","0.00","46.89","1152.89","0.00","0.00","2.82","Compound","13195","G:13195","Global","0.00","0.00","0.00","0.00","0.00","0.00","0.00","0.00","0.00","1","Unpaid","46.89","0.00","46.89","04/27/2013","1152.89","0.00","0.00","0.00","0.00"
"1637","1","0.00","0.00","0.00","0.00","0.00","0.00","9.43","0.00","0.00","0.00","9.43","0.00","0.00","9.43","Compound","13196","G:13196","Global","0.00","0.00","0.00","0.00","0.00","0.00","0.00","0.00","0.00","1","Unpaid","0.00","0.00","0.00","04/27/2013","9.43","0.00","0.00","0.00","0.00"
"1446","1","1548.67","1614.49","1548.67","1614.49","0.00","0.00","11.21","65.82","0.00","65.82","1625.70","0.00","0.00","11.21","Compound","13197","G:13197","Global","0.00","0.00","0.00","0.00","0.00","0.00","0.00","0.00","0.00","1","Unpaid","65.82","0.00","65.82","04/27/2013","1625.70","0.00","0.00","0.00","0.00"
"1686","1","1774.57","1849.99","1774.07","1849.47","0.00","0.00","0.00","75.40","0.00","75.40","1849.47","0.00","0.00","24.51","Compound","13198","G:13198","Global","0.50","0.52","0.00","0.00","24.51","0.02","0.00","0.02","25.03","1","Partially Paid","75.42","0.00","75.42","04/27/2013","1874.50","0.00","0.00","0.00","0.00","1687","1","","Open","0.52","0.00","0","24.51","Unknown","0","04/27/2013","Payment","PAY","25.03","(25.03)"
"1296","1","2002.57","2087.68","1789.69","1865.75","0.00","0.00","0.00","76.06","0.00","76.06","1865.75","0.00","0.00","0.00","Compound","13199","G:13199","Global","212.88","221.93","0.00","0.00","0.00","9.05","0.00","9.05","221.93","1","Partially Paid","85.11","0.00","85.11","04/27/2013","2087.68","0.00","0.00","0.00","0.00","1164","1","","Open","75.01","0.00","0","0.00","American Express","0","03/28/2013","Payment","PAY","122.03","(122.03)","1297","1","","Open","24.84","0.00","0","0.00","Unknown","0","04/27/2013","Payment","PAY","24.84","(24.84)","4082","1","","Open","122.08","0.00","0","0.00","Debit Card","0","08/28/2013","Payment","PAY","122.08","(122.08)"
"1366","1","0.00","0.00","0.00","0.00","0.00","0.00","0.00","0.00","0.00","0.00","0.00","0.00","0.00","4.02","Compound","13200","G:13200","Global","0.00","0.00","0.00","0.00","4.02","0.00","0.00","0.00","4.02","1","Paid in Full","0.00","0.00","0.00","04/27/2013","4.02","0.00","0.00","0.00","0.00","1833","1","","Open","0.00","0.00","0","4.02","Unknown","0","04/28/2013","Credit","CRED","4.04","(4.04)"
"1510","1","2464.88","2569.64","2464.01","2568.73","0.00","0.00","0.00","104.72","0.00","104.72","2568.73","0.00","0.00","1.12","Compound","13201","G:13201","Global","0.87","0.91","0.00","0.00","1.12","0.04","0.00","0.04","2.03","1","Partially Paid","104.76","0.00","104.76","04/27/2013","2570.76","0.00","0.00","0.00","0.00","1252","1","","Open","0.91","0.00","0","1.12","Unknown","0","03/28/2013","Credit","CRED","3.03","(3.03)"
"1298","1","237.44","247.53","6.71","6.99","0.00","0.00","0.00","0.28","0.00","0.28","6.99","0.00","0.00","0.08","Compound","13202","G:13202","Global","230.73","240.54","0.00","0.00","0.08","9.81","0.00","9.81","240.62","1","Partially Paid","10.09","0.00","10.09","04/27/2013","247.61","0.00","0.00","0.00","0.00","2333","1","","Open","115.44","0.00","0","0.08","Master Card","0","05/28/2013","Payment","PAY","125.05","(125.05)","5240","1","","Open","125.10","0.00","0","0.00","Other 1","0","10/28/2013","Payment","PAY","125.10","(125.10)"
"1586","1","450.71","469.87","450.71","469.87","0.00","0.00","12.89","19.16","0.00","19.16","482.76","0.00","0.00","12.89","Compound","13203","G:13203","Global","0.00","0.00","0.00","0.00","0.00","0.00","0.00","0.00","0.00","1","Unpaid","19.16","0.00","19.16","04/27/2013","482.76","0.00","0.00","0.00","0.00"
"1667","1","0.00","0.00","0.00","0.00","0.00","0.00","0.00","0.00","0.00","0.00","0.00","0.00","0.00","20.87","Compound","13204","G:13204","Global","0.00","0.00","0.00","0.00","20.87","0.00","0.00","0.00","20.87","1","Paid in Full","0.00","0.00","0.00","04/27/2013","20.87","0.00","0.00","0.00","0.00","1668","1","","Open","0.00","0.00","0","20.87","Unknown","0","04/27/2013","Payment","PAY","20.87","(20.87)"
"1728","1","883.60","921.15","870.43","907.42","0.00","0.00","0.00","36.99","0.00","36.99","907.42","0.00","0.00","11.29","Compound","13205","G:13205","Global","13.17","13.73","0.00","0.00","11.29","0.56","0.00","0.56","25.02","1","Partially Paid","37.55","0.00","37.55","04/27/2013","932.44","0.00","0.00","0.00","0.00","1729","1","","Open","13.73","0.00","0","11.29","Unknown","0","04/27/2013","Payment","PAY","25.02","(25.02)"
"1460","1","1103.18","1150.07","1088.83","1135.11","0.00","0.00","0.00","46.28","0.00","46.28","1135.11","0.00","0.00","3.46","Compound","13206","G:13206","Global","14.35","14.96","0.00","0.00","3.46","0.61","0.00","0.61","18.42","1","Partially Paid","46.89","0.00","46.89","04/27/2013","1153.53","0.00","0.00","0.00","0.00","1461","1","","Open","14.96","0.00","0","3.46","Unknown","0","04/27/2013","Payment","PAY","18.42","(18.42)"
"1415","1","0.00","0.00","0.00","0.00","0.00","0.00","8.27","0.00","0.00","0.00","8.27","0.00","0.00","8.27","Compound","13207","G:13207","Global","0.00","0.00","0.00","0.00","0.00","0.00","0.00","0.00","0.00","1","Unpaid","0.00","0.00","0.00","04/27/2013","8.27","0.00","0.00","0.00","0.00"
"1293","1","851.78","887.98","851.78","887.98","0.00","0.00","15.39","36.20","0.00","36.20","903.37","0.00","0.00","15.39","Compound","13208","G:13208","Global","0.00","0.00","0.00","0.00","0.00","0.00","0.00","0.00","0.00","1","Unpaid","36.20","0.00","36.20","04/27/2013","903.37","0.00","0.00","0.00","0.00"
"1537","1","1774.57","1849.99","1774.57","1849.99","0.00","0.00","42.35","75.42","0.00","75.42","1892.34","0.00","0.00","46.39","Compound","13209","G:13209","Global","0.00","0.00","0.00","0.00","4.04","0.00","0.00","0.00","4.04","1","Partially Paid","75.42","0.00","75.42","04/27/2013","1896.38","0.00","0.00","0.00","0.00","1834","1","","Open","0.00","0.00","0","4.04","Unknown","0","04/28/2013","Credit","CRED","4.04","(4.04)"
"1462","1","2002.57","2087.68","1982.25","2066.50","0.00","0.00","0.00","84.25","0.00","84.25","2066.50","0.00","0.00","5.89","Compound","13210","G:13210","Global","20.32","21.18","0.00","0.00","5.89","0.86","0.00","0.86","27.07","1","Partially Paid","85.11","0.00","85.11","04/27/2013","2093.57","0.00","0.00","0.00","0.00","1463","1","","Open","19.14","0.00","0","5.89","Unknown","0","04/27/2013","Payment","PAY","25.03","(25.03)","1732","1","","Open","2.04","0.00","0","0.00","Unknown","0","04/28/2013","Write Off","WOFF","2.04","(2.04)"
"1299","1","2232.67","2327.56","1930.47","2012.51","0.00","0.00","0.00","82.04","0.00","82.04","2012.51","0.00","0.00","0.00","Compound","13211","G:13211","Global","302.20","315.05","0.00","0.00","0.00","12.85","0.00","12.85","315.05","1","Partially Paid","94.89","0.00","94.89","04/27/2013","2327.56","0.00","0.00","0.00","0.00","187","1","34","Open","19.84","0.00","0","0.00","Check","0","01/28/2013","Payment","PAY","134.01","(134.01)","762","1","","Open","2.02","0.00","0","0.00","Unknown","0","02/28/2013","Credit","CRED","2.02","(2.02)","1300","1","","Open","25.02","0.00","0","0.00","Unknown","0","04/27/2013","Payment","PAY","25.02","(25.02)","2920","1","","Open","134.06","0.00","0","0.00","Discover","0","06/28/2013","Payment","PAY","134.06","(134.06)","5811","0","","Open","134.11","0.00","0","0.00","Other 2","0","11/28/2013","Payment","PAY","134.11","(134.11)"
"1511","1","2464.88","2569.64","2464.88","2569.64","0.00","0.00","3.16","104.76","0.00","104.76","2572.80","0.00","0.00","3.16","Compound","13212","G:13212","Global","0.00","0.00","0.00","0.00","0.00","0.00","0.00","0.00","0.00","1","Unpaid","104.76","0.00","104.76","04/27/2013","2572.80","0.00","0.00","0.00","0.00"
"1615","1","237.44","247.53","237.44","247.53","0.00","0.00","8.50","10.09","0.00","10.09","256.03","0.00","0.00","8.50","Compound","13213","G:13213","Global","0.00","0.00","0.00","0.00","0.00","0.00","0.00","0.00","0.00","1","Unpaid","10.09","0.00","10.09","04/27/2013","256.03","0.00","0.00","0.00","0.00"
"1673","1","450.71","469.87","450.71","469.87","0.00","0.00","16.14","19.16","0.00","19.16","486.01","0.00","0.00","16.14","Compound","13214","G:13214","Global","0.00","0.00","0.00","0.00","0.00","0.00","0.00","0.00","0.00","1","Unpaid","19.16","0.00","19.16","04/27/2013","486.01","0.00","0.00","0.00","0.00"
"1505","1","0.00","0.00","0.00","0.00","0.00","0.00","11.12","0.00","0.00","0.00","11.12","0.00","0.00","11.12","Compound","13215","G:13215","Global","0.00","0.00","0.00","0.00","0.00","0.00","0.00","0.00","0.00","1","Unpaid","0.00","0.00","0.00","04/27/2013","11.12","0.00","0.00","0.00","0.00"
"1565","1","883.60","921.15","865.84","902.63","0.00","0.00","0.00","36.79","0.00","36.79","902.63","0.00","0.00","6.51","Compound","13216","G:13216","Global","17.76","18.52","0.00","0.00","6.51","0.76","0.00","0.76","25.03","1","Partially Paid","37.55","0.00","37.55","04/27/2013","927.66","0.00","0.00","0.00","0.00","1566","1","","Open","18.52","0.00","0","6.51","Unknown","0","04/27/2013","Payment","PAY","25.03","(25.03)"
"1464","1","1103.18","1150.07","1086.65","1132.84","0.00","0.00","0.00","46.19","0.00","46.19","1132.84","0.00","0.00","4.11","Compound","13217","G:13217","Global","16.53","17.23","0.00","0.00","4.11","0.70","0.00","0.70","21.34","1","Partially Paid","46.89","0.00","46.89","04/27/2013","1154.18","0.00","0.00","0.00","0.00","1465","1","","Open","17.23","0.00","0","4.11","Unknown","0","04/27/2013","Payment","PAY","21.34","(21.34)"
"1631","1","0.00","0.00","0.00","0.00","0.00","0.00","6.19","0.00","0.00","0.00","6.19","0.00","0.00","10.23","Compound","13218","G:13218","Global","0.00","0.00","0.00","0.00","4.04","0.00","0.00","0.00","4.04","1","Partially Paid","0.00","0.00","0.00","04/27/2013","10.23","0.00","0.00","0.00","0.00","1835","1","","Open","0.00","0.00","0","4.04","Unknown","0","04/28/2013","Credit","CRED","4.04","(4.04)"
"1688","1","1548.67","1614.49","1548.67","1614.49","0.00","0.00","11.31","65.82","0.00","65.82","1625.80","0.00","0.00","11.31","Compound","13219","G:13219","Global","0.00","0.00","0.00","0.00","0.00","0.00","0.00","0.00","0.00","1","Unpaid","65.82","0.00","65.82","04/27/2013","1625.80","0.00","0.00","0.00","0.00"
"1638","1","1774.57","1849.99","1774.57","1849.99","0.00","0.00","7.26","75.42","0.00","75.42","1857.25","0.00","0.00","7.26","Compound","13220","G:13220","Global","0.00","0.00","0.00","0.00","0.00","0.00","0.00","0.00","0.00","1","Unpaid","75.42","0.00","75.42","04/27/2013","1857.25","0.00","0.00","0.00","0.00"
"1301","1","2002.57","2087.68","2002.57","2087.68","0.00","0.00","4.93","85.11","0.00","85.11","2092.61","0.00","0.00","4.93","Compound","13221","G:13221","Global","0.00","0.00","0.00","0.00","0.00","0.00","0.00","0.00","0.00","1","Unpaid","85.11","0.00","85.11","04/27/2013","2092.61","0.00","0.00","0.00","0.00"
"1635","1","2232.67","2327.56","2219.21","2313.53","0.00","0.00","0.00","94.32","0.00","94.32","2313.53","0.00","0.00","11.00","Compound","13222","G:13222","Global","13.46","14.03","0.00","0.00","11.00","0.57","0.00","0.57","25.03","1","Partially Paid","94.89","0.00","94.89","04/27/2013","2338.56","0.00","0.00","0.00","0.00","1636","1","","Open","14.03","0.00","0","11.00","Unknown","0","04/27/2013","Payment","PAY","25.03","(25.03)"
"1466","1","2464.88","2569.64","2443.68","2547.54","0.00","0.00","0.00","103.86","0.00","103.86","2547.54","0.00","0.00","2.02","Compound","13223","G:13223","Global","21.20","22.10","0.00","0.00","2.02","0.90","0.00","0.90","24.12","1","Partially Paid","104.76","0.00","104.76","04/27/2013","2571.66","0.00","0.00","0.00","0.00","1467","1","","Open","22.10","0.00","0","2.02","Unknown","0","04/27/2013","Payment","PAY","24.12","(24.12)"
"1660","1","237.44","247.53","237.44","247.53","0.00","0.00","2.53","10.09","0.00","10.09","250.06","0.00","0.00","2.53","Compound","13224","G:13224","Global","0.00","0.00","0.00","0.00","0.00","0.00","0.00","0.00","0.00","1","Unpaid","10.09","0.00","10.09","04/27/2013","250.06","0.00","0.00","0.00","0.00"
"1417","1","0.00","0.00","0.00","0.00","0.00","0.00","5.08","0.00","0.00","0.00","5.08","0.00","0.00","5.08","Compound","13225","G:13225","Global","0.00","0.00","0.00","0.00","0.00","0.00","0.00","0.00","0.00","1","Unpaid","0.00","0.00","0.00","04/27/2013","5.08","0.00","0.00","0.00","0.00"
"1534","1","0.00","0.00","0.00","0.00","0.00","0.00","1.31","0.00","0.00","0.00","1.31","0.00","0.00","1.31","Compound","13226","G:13226","Global","0.00","0.00","0.00","0.00","0.00","0.00","0.00","0.00","0.00","1","Unpaid","0.00","0.00","0.00","04/27/2013","1.31","0.00","0.00","0.00","0.00"
"1616","1","883.60","921.15","883.25","920.79","0.00","0.00","0.00","37.54","0.00","37.54","920.79","0.00","0.00","3.68","Compound","13227","G:13227","Global","0.35","0.36","0.00","0.00","3.68","0.01","0.00","0.01","4.04","1","Partially Paid","37.55","0.00","37.55","04/27/2013","924.83","0.00","0.00","0.00","0.00","1836","1","","Open","0.36","0.00","0","3.68","Unknown","0","04/28/2013","Credit","CRED","4.04","(4.04)"
"1587","1","1103.18","1150.07","1082.46","1128.47","0.00","0.00","0.00","46.01","0.00","46.01","1128.47","0.00","0.00","3.43","Compound","13228","G:13228","Global","20.72","21.60","0.00","0.00","3.43","0.88","0.00","0.88","25.03","1","Partially Paid","46.89","0.00","46.89","04/27/2013","1153.50","0.00","0.00","0.00","0.00","1588","1","","Open","21.60","0.00","0","3.43","Unknown","0","04/27/2013","Payment","PAY","25.03","(25.03)"
"1512","1","0.00","0.00","0.00","0.00","0.00","0.00","0.00","0.00","0.00","0.00","0.00","0.00","0.00","9.77","Compound","13229","G:13229","Global","0.00","0.00","0.00","0.00","9.77","0.00","0.00","0.00","9.77","1","Paid in Full","0.00","0.00","0.00","04/27/2013","9.77","0.00","0.00","0.00","0.00","1513","1","","Open","0.00","0.00","0","9.77","Unknown","0","04/27/2013","Payment","PAY","9.77","(9.77)"
"1639","1","1548.67","1614.49","1548.67","1614.49","0.00","0.00","7.99","65.82","0.00","65.82","1622.48","0.00","0.00","11.03","Compound","13230","G:13230","Global","0.00","0.00","0.00","0.00","3.04","0.00","0.00","0.00","3.04","1","Partially Paid","65.82","0.00","65.82","04/27/2013","1625.52","0.00","0.00","0.00","0.00","1733","1","","Open","0.00","0.00","0","3.04","Unknown","0","04/28/2013","Write Off","WOFF","3.04","(3.04)"
"1418","1","1774.57","1849.99","1774.57","1849.99","0.00","0.00","7.20","75.42","0.00","75.42","1857.19","0.00","0.00","7.20","Compound","13231","G:13231","Global","0.00","0.00","0.00","0.00","0.00","0.00","0.00","0.00","0.00","1","Unpaid","75.42","0.00","75.42","04/27/2013","1857.19","0.00","0.00","0.00","0.00"
"1468","1","2002.57","2087.68","2002.57","2087.68","0.00","0.00","5.56","85.11","0.00","85.11","2093.24","0.00","0.00","5.56","Compound","13232","G:13232","Global","0.00","0.00","0.00","0.00","0.00","0.00","0.00","0.00","0.00","1","Unpaid","85.11","0.00","85.11","04/27/2013","2093.24","0.00","0.00","0.00","0.00"
"1689","1","2232.67","2327.56","2232.67","2327.56","0.00","0.00","11.01","94.89","0.00","94.89","2338.57","0.00","0.00","11.01","Compound","13233","G:13233","Global","0.00","0.00","0.00","0.00","0.00","0.00","0.00","0.00","0.00","1","Unpaid","94.89","0.00","94.89","04/27/2013","2338.57","0.00","0.00","0.00","0.00"
"1538","1","2464.88","2569.64","2442.18","2545.97","0.00","0.00","0.00","103.79","0.00","103.79","2545.97","0.00","0.00","1.36","Compound","13234","G:13234","Global","22.70","23.67","0.00","0.00","1.36","0.97","0.00","0.97","25.03","1","Partially Paid","104.76","0.00","104.76","04/27/2013","2571.00","0.00","0.00","0.00","0.00","1539","1","","Open","23.67","0.00","0","1.36","Unknown","0","04/27/2013","Payment","PAY","25.03","(25.03)"
"1621","1","237.44","247.53","216.70","225.91","0.00","0.00","0.00","9.21","0.00","9.21","225.91","0.00","0.00","2.69","Compound","13235","G:13235","Global","20.74","21.62","0.00","0.00","2.69","0.88","0.00","0.88","24.31","1","Partially Paid","10.09","0.00","10.09","04/27/2013","250.22","0.00","0.00","0.00","0.00","1622","1","","Open","21.62","0.00","0","2.69","Unknown","0","04/27/2013","Payment","PAY","24.31","(24.31)"
"1368","1","450.71","469.87","450.71","469.87","0.00","0.00","0.79","19.16","0.00","19.16","470.66","0.00","0.00","4.83","Compound","13236","G:13236","Global","0.00","0.00","0.00","0.00","4.04","0.00","0.00","0.00","4.04","1","Partially Paid","19.16","0.00","19.16","04/27/2013","474.70","0.00","0.00","0.00","0.00","1837","1","","Open","0.00","0.00","0","4.04","Unknown","0","04/28/2013","Credit","CRED","4.04","(4.04)"
"1302","1","0.00","0.00","0.00","0.00","0.00","0.00","6.20","0.00","0.00","0.00","6.20","0.00","0.00","7.48","Compound","13237","G:13237","Global","0.00","0.00","0.00","0.00","1.28","0.00","0.00","0.00","1.28","1","Partially Paid","0.00","0.00","0.00","04/27/2013","7.48","0.00","0.00","0.00","0.00","1256","1","","Open","0.00","0.00","0","1.28","Unknown","0","03/28/2013","Credit","CRED","3.03","(3.03)"
"1303","1","883.60","921.15","883.60","921.15","0.00","0.00","3.69","37.55","0.00","37.55","924.84","0.00","0.00","3.69","Compound","13238","G:13238","Global","0.00","0.00","0.00","0.00","0.00","0.00","0.00","0.00","0.00","1","Unpaid","37.55","0.00","37.55","04/27/2013","924.84","0.00","0.00","0.00","0.00"
"1304","1","1103.18","1150.07","1103.18","1150.07","0.00","0.00","2.69","46.89","0.00","46.89","1152.76","0.00","0.00","2.69","Compound","13239","G:13239","Global","0.00","0.00","0.00","0.00","0.00","0.00","0.00","0.00","0.00","1","Unpaid","46.89","0.00","46.89","04/27/2013","1152.76","0.00","0.00","0.00","0.00"
"1674","1","0.00","0.00","0.00","0.00","0.00","0.00","0.00","0.00","0.00","0.00","0.00","0.00","0.00","9.38","Compound","13240","G:13240","Global","0.00","0.00","0.00","0.00","9.38","0.00","0.00","0.00","9.38","1","Paid in Full","0.00","0.00","0.00","04/27/2013","9.38","0.00","0.00","0.00","0.00","1675","1","","Open","0.00","0.00","0","9.38","Unknown","0","04/27/2013","Payment","PAY","9.38","(9.38)"
"1390","1","1548.67","1614.49","1537.82","1603.18","0.00","0.00","0.00","65.36","0.00","65.36","1603.18","0.00","0.00","10.52","Compound","13241","G:13241","Global","10.85","11.31","0.00","0.00","10.52","0.46","0.00","0.46","21.83","1","Partially Paid","65.82","0.00","65.82","04/27/2013","1625.01","0.00","0.00","0.00","0.00","1391","1","","Open","11.31","0.00","0","10.52","Unknown","0","04/27/2013","Payment","PAY","21.83","(21.83)"
"1469","1","1774.57","1849.99","1774.57","1849.99","0.00","0.00","7.69","75.42","0.00","75.42","1857.68","0.00","0.00","7.69","Compound","13242","G:13242","Global","0.00","0.00","0.00","0.00","0.00","0.00","0.00","0.00","0.00","1","Unpaid","75.42","0.00","75.42","04/27/2013","1857.68","0.00","0.00","0.00","0.00"
"1589","1","2002.57","2087.68","2002.57","2087.68","0.00","0.00","5.11","85.11","0.00","85.11","2092.79","0.00","0.00","5.11","Compound","13243","G:13243","Global","0.00","0.00","0.00","0.00","0.00","0.00","0.00","0.00","0.00","1","Unpaid","85.11","0.00","85.11","04/27/2013","2092.79","0.00","0.00","0.00","0.00"
"1421","1","2232.67","2327.56","2232.67","2327.56","0.00","0.00","77.25","94.89","0.00","94.89","2404.81","0.00","0.00","77.25","Compound","13244","G:13244","Global","0.00","0.00","0.00","0.00","0.00","0.00","0.00","0.00","0.00","1","Unpaid","94.89","0.00","94.89","04/27/2013","2404.81","0.00","0.00","0.00","0.00"
"1514","1","2464.88","2569.64","2462.58","2567.24","0.00","0.00","0.00","104.66","0.00","104.66","2567.24","0.00","0.00","1.64","Compound","13245","G:13245","Global","2.30","2.40","0.00","0.00","1.64","0.10","0.00","0.10","4.04","1","Partially Paid","104.76","0.00","104.76","04/27/2013","2571.28","0.00","0.00","0.00","0.00","1838","1","","Open","2.40","0.00","0","1.64","Unknown","0","04/28/2013","Credit","CRED","4.04","(4.04)"
"1422","1","237.44","247.53","214.24","223.34","0.00","0.00","0.00","9.10","0.00","9.10","223.34","0.00","0.00","3.19","Compound","13246","G:13246","Global","23.20","24.19","0.00","0.00","3.19","0.99","0.00","0.99","27.38","1","Partially Paid","10.09","0.00","10.09","04/27/2013","250.72","0.00","0.00","0.00","0.00","1257","1","","Open","0.00","0.00","0","2.35","Unknown","0","03/28/2013","Credit","CRED","3.03","(3.03)","1423","1","","Open","24.19","0.00","0","0.84","Unknown","0","04/27/2013","Payment","PAY","25.03","(25.03)"
"1305","1","450.71","469.87","434.40","452.87","0.00","0.00","0.00","18.47","0.00","18.47","452.87","0.00","0.00","5.52","Compound","13247","G:13247","Global","16.31","17.00","0.00","0.00","5.52","0.69","0.00","0.69","22.52","1","Partially Paid","19.16","0.00","19.16","04/27/2013","475.39","0.00","0.00","0.00","0.00","1306","1","","Open","17.00","0.00","0","5.52","Unknown","0","04/27/2013","Payment","PAY","22.52","(22.52)"
"1369","1","0.00","0.00","0.00","0.00","0.00","0.00","7.19","0.00","0.00","0.00","7.19","0.00","0.00","7.19","Compound","13248","G:13248","Global","0.00","0.00","0.00","0.00","0.00","0.00","0.00","0.00","0.00","1","Unpaid","0.00","0.00","0.00","04/27/2013","7.19","0.00","0.00","0.00","0.00"
"1567","1","883.60","921.15","883.60","921.15","0.00","0.00","2.21","37.55","0.00","37.55","923.36","0.00","0.00","2.21","Compound","13249","G:13249","Global","0.00","0.00","0.00","0.00","0.00","0.00","0.00","0.00","0.00","1","Unpaid","37.55","0.00","37.55","04/27/2013","923.36","0.00","0.00","0.00","0.00"
"1706","1","0.00","0.00","0.00","0.00","0.00","0.00","2.58","0.00","0.00","0.00","2.58","0.00","0.00","2.58","Compound","13250","G:13250","Global","0.00","0.00","0.00","0.00","0.00","0.00","0.00","0.00","0.00","1","Unpaid","0.00","0.00","0.00","04/27/2013","2.58","0.00","0.00","0.00","0.00"
"1590","1","0.00","0.00","0.00","0.00","0.00","0.00","3.07","0.00","0.00","0.00","3.07","0.00","0.00","3.07","Compound","13251","G:13251","Global","0.00","0.00","0.00","0.00","0.00","0.00","0.00","0.00","0.00","1","Unpaid","0.00","0.00","0.00","04/27/2013","3.07","0.00","0.00","0.00","0.00"
"1424","1","1548.67","1614.49","1531.41","1596.50","0.00","0.00","0.00","65.09","0.00","65.09","1596.50","0.00","0.00","7.04","Compound","13252","G:13252","Global","17.26","17.99","0.00","0.00","7.04","0.73","0.00","0.73","25.03","1","Partially Paid","65.82","0.00","65.82","04/27/2013","1621.53","0.00","0.00","0.00","0.00","1425","1","","Open","17.99","0.00","0","7.04","Unknown","0","04/27/2013","Payment","PAY","25.03","(25.03)"
"1690","1","1774.57","1849.99","1758.37","1833.10","0.00","0.00","0.00","74.73","0.00","74.73","1833.10","0.00","0.00","8.13","Compound","13253","G:13253","Global","16.20","16.89","0.00","0.00","8.13","0.69","0.00","0.69","25.02","1","Partially Paid","75.42","0.00","75.42","04/27/2013","1858.12","0.00","0.00","0.00","0.00","1691","1","","Open","16.89","0.00","0","8.13","Unknown","0","04/27/2013","Payment","PAY","25.02","(25.02)"
"1707","1","2002.57","2087.68","1988.46","2072.98","0.00","0.00","0.00","84.52","0.00","84.52","2072.98","0.00","0.00","4.45","Compound","13254","G:13254","Global","14.11","14.70","0.00","0.00","4.45","0.59","0.00","0.59","19.15","1","Partially Paid","85.11","0.00","85.11","04/27/2013","2092.13","0.00","0.00","0.00","0.00","1708","1","","Open","10.66","0.00","0","4.45","Unknown","0","04/27/2013","Payment","PAY","15.11","(15.11)","1839","1","","Open","4.04","0.00","0","0.00","Unknown","0","04/28/2013","Credit","CRED","4.04","(4.04)"
"1470","1","2232.67","2327.56","2232.67","2327.56","0.00","0.00","30.32","94.89","0.00","94.89","2357.88","0.00","0.00","30.32","Compound","13255","G:13255","Global","0.00","0.00","0.00","0.00","0.00","0.00","0.00","0.00","0.00","1","Unpaid","94.89","0.00","94.89","04/27/2013","2357.88","0.00","0.00","0.00","0.00"
"1591","1","2464.88","2569.64","2464.88","2569.64","0.00","0.00","2.11","104.76","0.00","104.76","2571.75","0.00","0.00","2.11","Compound","13256","G:13256","Global","0.00","0.00","0.00","0.00","0.00","0.00","0.00","0.00","0.00","1","Unpaid","104.76","0.00","104.76","04/27/2013","2571.75","0.00","0.00","0.00","0.00"
"1540","1","237.44","247.53","237.44","247.53","0.00","0.00","3.33","10.09","0.00","10.09","250.86","0.00","0.00","3.33","Compound","13257","G:13257","Global","0.00","0.00","0.00","0.00","0.00","0.00","0.00","0.00","0.00","1","Unpaid","10.09","0.00","10.09","04/27/2013","250.86","0.00","0.00","0.00","0.00"
"1496","1","450.71","469.87","434.87","453.36","0.00","0.00","0.00","18.49","0.00","18.49","453.36","0.00","0.00","8.52","Compound","13258","G:13258","Global","15.84","16.51","0.00","0.00","8.52","0.67","0.00","0.67","25.03","1","Partially Paid","19.16","0.00","19.16","04/27/2013","478.39","0.00","0.00","0.00","0.00","1497","1","","Open","16.51","0.00","0","8.52","Unknown","0","04/27/2013","Payment","PAY","25.03","(25.03)"
"1541","1","0.00","0.00","0.00","0.00","0.00","0.00","0.00","0.00","0.00","0.00","0.00","0.00","0.00","12.90","Compound","13259","G:13259","Global","0.00","0.00","0.00","0.00","12.90","0.00","0.00","0.00","12.90","1","Paid in Full","0.00","0.00","0.00","04/27/2013","12.90","0.00","0.00","0.00","0.00","1542","1","","Open","0.00","0.00","0","12.90","Unknown","0","04/27/2013","Payment","PAY","12.90","(12.90)"
"1640","1","883.60","921.15","883.60","921.15","0.00","0.00","8.13","37.55","0.00","37.55","929.28","0.00","0.00","8.13","Compound","13260","G:13260","Global","0.00","0.00","0.00","0.00","0.00","0.00","0.00","0.00","0.00","1","Unpaid","37.55","0.00","37.55","04/27/2013","929.28","0.00","0.00","0.00","0.00"
"1313","1","1103.18","1150.07","630.03","656.82","0.00","0.00","0.00","26.79","0.00","26.79","656.82","0.00","0.00","8.87","Compound","13261","G:13261","Global","473.15","493.25","0.00","0.00","8.87","20.10","0.00","20.10","502.12","1","Partially Paid","46.89","0.00","46.89","04/27/2013","1158.94","0.00","0.00","0.00","0.00","197","1","84","Open","125.20","0.00","0","8.87","Check","0","01/28/2013","Payment","PAY","184.01","(184.01)","685","1","","Open","184.02","0.00","0","0.00","Cash","0","02/28/2013","Payment","PAY","184.02","(184.02)","1177","1","","Open","184.03","0.00","0","0.00","American Express","0","03/28/2013","Payment","PAY","184.03","(184.03)"
"1312","1","0.00","0.00","0.00","0.00","0.00","0.00","0.00","0.00","0.00","0.00","0.00","0.00","0.00","12.72","Compound","13262","G:13262","Global","0.00","0.00","0.00","0.00","12.72","0.00","0.00","0.00","12.72","1","Paid in Full","0.00","0.00","0.00","04/27/2013","12.72","0.00","0.00","0.00","0.00","1178","1","","Open","0.00","0.00","0","12.72","American Express","0","03/28/2013","Payment","PAY","185.03","(185.03)"
"1310","1","1548.67","1614.49","1072.10","1117.67","0.00","0.00","0.00","45.57","0.00","45.57","1117.67","0.00","0.00","0.57","Compound","13263","G:13263","Global","476.57","496.82","0.00","0.00","0.57","20.25","0.00","20.25","497.39","1","Partially Paid","65.82","0.00","65.82","04/27/2013","1615.06","0.00","0.00","0.00","0.00","1311","1","","Open","255.17","0.00","0","0.57","Unknown","0","04/27/2013","Payment","PAY","255.74","(255.74)","1760","1","","Open","51.52","0.00","0","0.00","Visa","0","04/28/2013","Payment","PAY","186.04","(186.04)","1840","1","","Open","4.04","0.00","0","0.00","Unknown","0","04/28/2013","Credit","CRED","4.04","(4.04)","4676","1","","Open","186.09","0.00","0","0.00","Electronic Transfer","0","09/28/2013","Payment","PAY","186.09","(186.09)"
"1692","1","1774.57","1849.99","1772.53","1847.86","0.00","0.00","0.00","75.33","0.00","75.33","1847.86","0.00","0.00","22.90","Compound","13264","G:13264","Global","2.04","2.13","0.00","0.00","22.90","0.09","0.00","0.09","25.03","1","Partially Paid","75.42","0.00","75.42","04/27/2013","1872.89","0.00","0.00","0.00","0.00","1693","1","","Open","2.13","0.00","0","22.90","Unknown","0","04/27/2013","Payment","PAY","25.03","(25.03)"
"1307","1","2002.57","2087.68","1751.42","1825.86","0.00","0.00","0.00","74.44","0.00","74.44","1825.86","0.00","0.00","0.00","Compound","13265","G:13265","Global","251.15","261.82","0.00","0.00","0.00","10.67","0.00","10.67","261.82","1","Partially Paid","85.11","0.00","85.11","04/27/2013","2087.68","0.00","0.00","0.00","0.00","687","1","","Open","46.71","0.00","0","0.00","Cash","0","02/28/2013","Payment","PAY","188.02","(188.02)","768","1","","Open","2.02","0.00","0","0.00","Unknown","0","02/28/2013","Credit","CRED","2.02","(2.02)","1308","1","","Open","25.02","0.00","0","0.00","Unknown","0","04/27/2013","Payment","PAY","25.02","(25.02)","3517","1","","Open","188.07","0.00","0","0.00","Japan Credit Bureau (JCB)","0","07/28/2013","Payment","PAY","188.07","(188.07)"
"1641","1","2232.67","2327.56","2232.67","2327.56","0.00","0.00","26.85","94.89","0.00","94.89","2354.41","0.00","0.00","26.85","Compound","13266","G:13266","Global","0.00","0.00","0.00","0.00","0.00","0.00","0.00","0.00","0.00","1","Unpaid","94.89","0.00","94.89","04/27/2013","2354.41","0.00","0.00","0.00","0.00"
"1678","1","2464.88","2569.64","2464.88","2569.64","0.00","0.00","6.16","104.76","0.00","104.76","2575.80","0.00","0.00","6.16","Compound","13267","G:13267","Global","0.00","0.00","0.00","0.00","0.00","0.00","0.00","0.00","0.00","1","Unpaid","104.76","0.00","104.76","04/27/2013","2575.80","0.00","0.00","0.00","0.00"
"1404","1","237.44","247.53","237.44","247.53","0.00","0.00","2.46","10.09","0.00","10.09","249.99","0.00","0.00","2.46","Compound","13268","G:13268","Global","0.00","0.00","0.00","0.00","0.00","0.00","0.00","0.00","0.00","1","Unpaid","10.09","0.00","10.09","04/27/2013","249.99","0.00","0.00","0.00","0.00"
"1426","1","450.71","469.87","450.71","469.87","0.00","0.00","4.27","19.16","0.00","19.16","474.14","0.00","0.00","4.27","Compound","13269","G:13269","Global","0.00","0.00","0.00","0.00","0.00","0.00","0.00","0.00","0.00","1","Unpaid","19.16","0.00","19.16","04/27/2013","474.14","0.00","0.00","0.00","0.00"
"1568","1","0.00","0.00","0.00","0.00","0.00","0.00","0.00","0.00","0.00","0.00","0.00","0.00","0.00","14.64","Compound","13270","G:13270","Global","0.00","0.00","0.00","0.00","14.64","0.00","0.00","0.00","14.64","1","Paid in Full","0.00","0.00","0.00","04/27/2013","14.64","0.00","0.00","0.00","0.00","1569","1","","Open","0.00","0.00","0","14.64","Unknown","0","04/27/2013","Payment","PAY","14.64","(14.64)"
"1619","1","883.60","921.15","867.01","903.85","0.00","0.00","0.00","36.84","0.00","36.84","903.85","0.00","0.00","7.72","Compound","13271","G:13271","Global","16.59","17.30","0.00","0.00","7.72","0.71","0.00","0.71","25.02","1","Partially Paid","37.55","0.00","37.55","04/27/2013","928.87","0.00","0.00","0.00","0.00","1620","1","","Open","17.30","0.00","0","7.72","Unknown","0","04/27/2013","Payment","PAY","25.02","(25.02)"
"1709","1","1103.18","1150.07","1103.18","1150.07","0.00","0.00","1.81","46.89","0.00","46.89","1151.88","0.00","0.00","10.63","Compound","13272","G:13272","Global","0.00","0.00","0.00","0.00","8.82","0.00","0.00","0.00","8.82","1","Partially Paid","46.89","0.00","46.89","04/27/2013","1160.70","0.00","0.00","0.00","0.00","1710","1","","Open","0.00","0.00","0","4.78","Unknown","0","04/27/2013","Payment","PAY","4.78","(4.78)","1841","1","","Open","0.00","0.00","0","4.04","Unknown","0","04/28/2013","Credit","CRED","4.04","(4.04)"
"1711","1","0.00","0.00","0.00","0.00","0.00","0.00","32.55","0.00","0.00","0.00","32.55","0.00","0.00","32.55","Compound","13273","G:13273","Global","0.00","0.00","0.00","0.00","0.00","0.00","0.00","0.00","0.00","1","Unpaid","0.00","0.00","0.00","04/27/2013","32.55","0.00","0.00","0.00","0.00"
"1679","1","1548.67","1614.49","1548.67","1614.49","0.00","0.00","33.28","65.82","0.00","65.82","1647.77","0.00","0.00","33.28","Compound","13274","G:13274","Global","0.00","0.00","0.00","0.00","0.00","0.00","0.00","0.00","0.00","1","Unpaid","65.82","0.00","65.82","04/27/2013","1647.77","0.00","0.00","0.00","0.00"
"1443","1","0.00","0.00","0.00","0.00","0.00","0.00","6.76","0.00","0.00","0.00","6.76","0.00","0.00","6.76","Compound","13275","G:13275","Global","0.00","0.00","0.00","0.00","0.00","0.00","0.00","0.00","0.00","1","Unpaid","0.00","0.00","0.00","04/27/2013","6.76","0.00","0.00","0.00","0.00"
"1392","1","2002.57","2087.68","1981.02","2065.21","0.00","0.00","0.00","84.19","0.00","84.19","2065.21","0.00","0.00","2.56","Compound","13276","G:13276","Global","21.55","22.47","0.00","0.00","2.56","0.92","0.00","0.92","25.03","1","Partially Paid","85.11","0.00","85.11","04/27/2013","2090.24","0.00","0.00","0.00","0.00","1393","1","","Open","22.47","0.00","0","2.56","Unknown","0","04/27/2013","Payment","PAY","25.03","(25.03)"
"1592","1","2232.67","2327.56","2230.45","2325.25","0.00","0.00","0.00","94.80","0.00","94.80","2325.25","0.00","0.00","22.71","Compound","13277","G:13277","Global","2.22","2.31","0.00","0.00","22.71","0.09","0.00","0.09","25.02","1","Partially Paid","94.89","0.00","94.89","04/27/2013","2350.27","0.00","0.00","0.00","0.00","1593","1","","Open","2.31","0.00","0","22.71","Unknown","0","04/27/2013","Payment","PAY","25.02","(25.02)"
"1504","1","2464.88","2569.64","2464.88","2569.64","0.00","0.00","1.82","104.76","0.00","104.76","2571.46","0.00","0.00","1.82","Compound","13278","G:13278","Global","0.00","0.00","0.00","0.00","0.00","0.00","0.00","0.00","0.00","1","Unpaid","104.76","0.00","104.76","04/27/2013","2571.46","0.00","0.00","0.00","0.00"
"1594","1","237.44","247.53","237.44","247.53","0.00","0.00","105.49","10.09","0.00","10.09","353.02","0.00","0.00","105.49","Compound","13279","G:13279","Global","0.00","0.00","0.00","0.00","0.00","0.00","0.00","0.00","0.00","1","Unpaid","10.09","0.00","10.09","04/27/2013","353.02","0.00","0.00","0.00","0.00"
"1703","1","450.71","469.87","450.71","469.87","0.00","0.00","26.14","19.16","0.00","19.16","496.01","0.00","0.00","26.14","Compound","13280","G:13280","Global","0.00","0.00","0.00","0.00","0.00","0.00","0.00","0.00","0.00","1","Unpaid","19.16","0.00","19.16","04/27/2013","496.01","0.00","0.00","0.00","0.00"
"1447","1","0.00","0.00","0.00","0.00","0.00","0.00","4.37","0.00","0.00","0.00","4.37","0.00","0.00","8.41","Compound","13281","G:13281","Global","0.00","0.00","0.00","0.00","4.04","0.00","0.00","0.00","4.04","1","Partially Paid","0.00","0.00","0.00","04/27/2013","8.41","0.00","0.00","0.00","0.00","1842","1","","Open","0.00","0.00","0","4.04","Unknown","0","04/28/2013","Credit","CRED","4.04","(4.04)"
"1544","1","883.60","921.15","863.09","899.77","0.00","0.00","0.00","36.68","0.00","36.68","899.77","0.00","0.00","3.65","Compound","13282","G:13282","Global","20.51","21.38","0.00","0.00","3.65","0.87","0.00","0.87","25.03","1","Partially Paid","37.55","0.00","37.55","04/27/2013","924.80","0.00","0.00","0.00","0.00","1545","1","","Open","21.38","0.00","0","3.65","Unknown","0","04/27/2013","Payment","PAY","25.03","(25.03)"
"1430","1","1103.18","1150.07","1085.41","1131.54","0.00","0.00","0.00","46.13","0.00","46.13","1131.54","0.00","0.00","3.42","Compound","13283","G:13283","Global","17.77","18.53","0.00","0.00","3.42","0.76","0.00","0.76","21.95","1","Partially Paid","46.89","0.00","46.89","04/27/2013","1153.49","0.00","0.00","0.00","0.00","1431","1","","Open","18.53","0.00","0","3.42","Unknown","0","04/27/2013","Payment","PAY","21.95","(21.95)"
"1570","1","0.00","0.00","0.00","0.00","0.00","0.00","9.35","0.00","0.00","0.00","9.35","0.00","0.00","9.35","Compound","13284","G:13284","Global","0.00","0.00","0.00","0.00","0.00","0.00","0.00","0.00","0.00","1","Unpaid","0.00","0.00","0.00","04/27/2013","9.35","0.00","0.00","0.00","0.00"
"1314","1","1548.67","1614.49","1548.67","1614.49","0.00","0.00","11.05","65.82","0.00","65.82","1625.54","0.00","0.00","11.05","Compound","13285","G:13285","Global","0.00","0.00","0.00","0.00","0.00","0.00","0.00","0.00","0.00","1","Unpaid","65.82","0.00","65.82","04/27/2013","1625.54","0.00","0.00","0.00","0.00"
"1705","1","1774.57","1849.99","1774.57","1849.99","0.00","0.00","6.75","75.42","0.00","75.42","1856.74","0.00","0.00","6.75","Compound","13286","G:13286","Global","0.00","0.00","0.00","0.00","0.00","0.00","0.00","0.00","0.00","1","Unpaid","75.42","0.00","75.42","04/27/2013","1856.74","0.00","0.00","0.00","0.00"
"1471","1","2002.57","2087.68","2002.57","2087.68","0.00","0.00","5.56","85.11","0.00","85.11","2093.24","0.00","0.00","5.56","Compound","13287","G:13287","Global","0.00","0.00","0.00","0.00","0.00","0.00","0.00","0.00","0.00","1","Unpaid","85.11","0.00","85.11","04/27/2013","2093.24","0.00","0.00","0.00","0.00"
"1315","1","2232.67","2327.56","2219.21","2313.53","0.00","0.00","0.00","94.32","0.00","94.32","2313.53","0.00","0.00","11.00","Compound","13288","G:13288","Global","13.46","14.03","0.00","0.00","11.00","0.57","0.00","0.57","25.03","1","Partially Paid","94.89","0.00","94.89","04/27/2013","2338.56","0.00","0.00","0.00","0.00","1316","1","","Open","14.03","0.00","0","11.00","Unknown","0","04/27/2013","Payment","PAY","25.03","(25.03)"
"1317","1","2464.88","2569.64","2382.12","2483.36","0.00","0.00","0.00","101.24","0.00","101.24","2483.36","0.00","0.00","1.12","Compound","13289","G:13289","Global","82.76","86.28","0.00","0.00","1.12","3.52","0.00","3.52","87.40","1","Partially Paid","104.76","0.00","104.76","04/27/2013","2570.76","0.00","0.00","0.00","0.00","1318","1","","Open","23.00","0.00","0","1.12","Unknown","0","04/27/2013","Payment","PAY","24.12","(24.12)","4102","1","","Open","63.28","0.00","0","0.00","Debit Card","0","08/28/2013","Payment","PAY","212.08","(212.08)"
"1370","1","237.44","247.53","235.72","245.74","0.00","0.00","0.00","10.02","0.00","10.02","245.74","0.00","0.00","2.25","Compound","13290","G:13290","Global","1.72","1.79","0.00","0.00","2.25","0.07","0.00","0.07","4.04","1","Partially Paid","10.09","0.00","10.09","04/27/2013","249.78","0.00","0.00","0.00","0.00","1843","1","","Open","1.79","0.00","0","2.25","Unknown","0","04/28/2013","Credit","CRED","4.04","(4.04)"
"1410","1","450.71","469.87","450.71","469.87","0.00","0.00","3.47","19.16","0.00","19.16","473.34","0.00","0.00","3.47","Compound","13291","G:13291","Global","0.00","0.00","0.00","0.00","0.00","0.00","0.00","0.00","0.00","1","Unpaid","19.16","0.00","19.16","04/27/2013","473.34","0.00","0.00","0.00","0.00"
"1448","1","0.00","0.00","0.00","0.00","0.00","0.00","4.85","0.00","0.00","0.00","4.85","0.00","0.00","4.85","Compound","13292","G:13292","Global","0.00","0.00","0.00","0.00","0.00","0.00","0.00","0.00","0.00","1","Unpaid","0.00","0.00","0.00","04/27/2013","4.85","0.00","0.00","0.00","0.00"
"1546","1","883.60","921.15","883.60","921.15","0.00","0.00","1.93","37.55","0.00","37.55","923.08","0.00","0.00","1.93","Compound","13293","G:13293","Global","0.00","0.00","0.00","0.00","0.00","0.00","0.00","0.00","0.00","1","Unpaid","37.55","0.00","37.55","04/27/2013","923.08","0.00","0.00","0.00","0.00"
"1319","1","1103.18","1150.07","979.41","1021.04","0.00","0.00","0.00","41.63","0.00","41.63","1021.04","0.00","0.00","2.13","Compound","13294","G:13294","Global","123.77","129.03","0.00","0.00","2.13","5.26","0.00","5.26","131.16","1","Partially Paid","46.89","0.00","46.89","04/27/2013","1152.20","0.00","0.00","0.00","0.00","1320","1","","Open","22.90","0.00","0","2.13","Unknown","0","04/27/2013","Payment","PAY","25.03","(25.03)","1321","1","","Open","106.13","0.00","0","0.00","Unknown","0","04/27/2013","Payment","PAY","106.13","(106.13)"
"1642","1","0.00","0.00","0.00","0.00","0.00","0.00","5.93","0.00","0.00","0.00","5.93","0.00","0.00","5.93","Compound","13295","G:13295","Global","0.00","0.00","0.00","0.00","0.00","0.00","0.00","0.00","0.00","1","Unpaid","0.00","0.00","0.00","04/27/2013","5.93","0.00","0.00","0.00","0.00"
"1571","1","1548.67","1614.49","1548.67","1614.49","0.00","0.00","7.35","65.82","0.00","65.82","1621.84","0.00","0.00","7.35","Compound","13296","G:13296","Global","0.00","0.00","0.00","0.00","0.00","0.00","0.00","0.00","0.00","1","Unpaid","65.82","0.00","65.82","04/27/2013","1621.84","0.00","0.00","0.00","0.00"
"1322","1","1774.57","1849.99","1774.57","1849.99","0.00","0.00","4.44","75.42","0.00","75.42","1854.43","0.00","0.00","4.44","Compound","13297","G:13297","Global","0.00","0.00","0.00","0.00","0.00","0.00","0.00","0.00","0.00","1","Unpaid","75.42","0.00","75.42","04/27/2013","1854.43","0.00","0.00","0.00","0.00"
"1374","1","2002.57","2087.68","2002.57","2087.68","0.00","0.00","5.11","85.11","0.00","85.11","2092.79","0.00","0.00","5.11","Compound","13298","G:13298","Global","0.00","0.00","0.00","0.00","0.00","0.00","0.00","0.00","0.00","1","Unpaid","85.11","0.00","85.11","04/27/2013","2092.79","0.00","0.00","0.00","0.00"
"1643","1","2232.67","2327.56","2232.67","2327.56","0.00","0.00","0.67","94.89","0.00","94.89","2328.23","0.00","0.00","4.71","Compound","13299","G:13299","Global","0.00","0.00","0.00","0.00","4.04","0.00","0.00","0.00","4.04","1","Partially Paid","94.89","0.00","94.89","04/27/2013","2332.27","0.00","0.00","0.00","0.00","1844","1","","Open","0.00","0.00","0","4.04","Unknown","0","04/28/2013","Credit","CRED","4.04","(4.04)"
"1644","1","0.00","0.00","0.00","0.00","0.00","0.00","0.00","0.00","0.00","0.00","0.00","0.00","0.00","0.60","Compound","13300","G:13300","Global","0.00","0.00","0.00","0.00","0.60","0.00","0.00","0.00","0.60","1","Paid in Full","0.00","0.00","0.00","04/27/2013","0.60","0.00","0.00","0.00","0.00","1645","1","","Open","0.00","0.00","0","0.60","Unknown","0","04/27/2013","Payment","PAY","0.60","(0.60)"
"1323","1","237.44","247.53","0.00","0.00","0.00","0.00","0.00","0.00","0.00","0.00","0.00","0.00","0.00","0.52","Compound","13301","G:13301","Global","237.44","247.53","0.00","0.00","0.52","10.09","0.00","10.09","248.05","1","Paid in Full","10.09","0.00","10.09","04/27/2013","248.05","0.00","0.00","0.00","0.00","772","1","","Open","0.51","0.00","0","0.52","Unknown","0","02/28/2013","Credit","CRED","2.02","(2.02)","1324","1","","Open","25.02","0.00","0","0.00","Unknown","0","04/27/2013","Payment","PAY","25.02","(25.02)","2939","1","","Open","101.82","0.00","0","0.00","Discover","0","06/28/2013","Payment","PAY","224.06","(224.06)","5830","0","","Open","120.18","0.00","0","0.00","Other 2","0","11/28/2013","Payment","PAY","224.11","(224.11)"
"1449","1","450.71","469.87","450.71","469.87","0.00","0.00","1.33","19.16","0.00","19.16","471.20","0.00","0.00","1.33","Compound","13302","G:13302","Global","0.00","0.00","0.00","0.00","0.00","0.00","0.00","0.00","0.00","1","Unpaid","19.16","0.00","19.16","04/27/2013","471.20","0.00","0.00","0.00","0.00"
"1694","1","0.00","0.00","0.00","0.00","0.00","0.00","4.79","0.00","0.00","0.00","4.79","0.00","0.00","4.79","Compound","13303","G:13303","Global","0.00","0.00","0.00","0.00","0.00","0.00","0.00","0.00","0.00","1","Unpaid","0.00","0.00","0.00","04/27/2013","4.79","0.00","0.00","0.00","0.00"
"1325","1","883.60","921.15","762.65","795.06","0.00","0.00","0.00","32.41","0.00","32.41","795.06","0.00","0.00","1.91","Compound","13304","G:13304","Global","120.95","126.09","0.00","0.00","1.91","5.14","0.00","5.14","128.00","1","Partially Paid","37.55","0.00","37.55","04/27/2013","923.06","0.00","0.00","0.00","0.00","1187","1","","Open","126.09","0.00","0","1.91","American Express","0","03/28/2013","Payment","PAY","227.03","(227.03)"
"1543","1","1103.18","1150.07","985.44","1027.33","0.00","0.00","0.00","41.89","0.00","41.89","1027.33","0.00","0.00","3.30","Compound","13305","G:13305","Global","117.74","122.74","0.00","0.00","3.30","5.00","0.00","5.00","126.04","1","Partially Paid","46.89","0.00","46.89","04/27/2013","1153.37","0.00","0.00","0.00","0.00","695","1","","Open","122.74","0.00","0","3.30","Cash","0","02/28/2013","Payment","PAY","228.02","(228.02)"
"1419","1","0.00","0.00","0.00","0.00","0.00","0.00","0.00","0.00","0.00","0.00","0.00","0.00","0.00","6.46","Compound","13306","G:13306","Global","0.00","0.00","0.00","0.00","6.46","0.00","0.00","0.00","6.46","1","Paid in Full","0.00","0.00","0.00","04/27/2013","6.46","0.00","0.00","0.00","0.00","1420","1","","Open","0.00","0.00","0","6.46","Unknown","0","04/27/2013","Payment","PAY","6.46","(6.46)"
"1427","1","1548.67","1614.49","1548.67","1614.49","0.00","0.00","7.75","65.82","0.00","65.82","1622.24","0.00","0.00","7.75","Compound","13307","G:13307","Global","0.00","0.00","0.00","0.00","0.00","0.00","0.00","0.00","0.00","1","Unpaid","65.82","0.00","65.82","04/27/2013","1622.24","0.00","0.00","0.00","0.00"
"1595","1","1774.57","1849.99","1774.57","1849.99","0.00","0.00","0.12","75.42","0.00","75.42","1850.11","0.00","0.00","4.16","Compound","13308","G:13308","Global","0.00","0.00","0.00","0.00","4.04","0.00","0.00","0.00","4.04","1","Partially Paid","75.42","0.00","75.42","04/27/2013","1854.15","0.00","0.00","0.00","0.00","1845","1","","Open","0.00","0.00","0","4.04","Unknown","0","04/28/2013","Credit","CRED","4.04","(4.04)"
"1372","1","2002.57","2087.68","2002.57","2087.68","0.00","0.00","4.26","85.11","0.00","85.11","2091.94","0.00","0.00","4.26","Compound","13309","G:13309","Global","0.00","0.00","0.00","0.00","0.00","0.00","0.00","0.00","0.00","1","Unpaid","85.11","0.00","85.11","04/27/2013","2091.94","0.00","0.00","0.00","0.00"
"1646","1","2232.67","2327.56","2232.67","2327.56","0.00","0.00","4.70","94.89","0.00","94.89","2332.26","0.00","0.00","4.70","Compound","13310","G:13310","Global","0.00","0.00","0.00","0.00","0.00","0.00","0.00","0.00","0.00","1","Unpaid","94.89","0.00","94.89","04/27/2013","2332.26","0.00","0.00","0.00","0.00"
"1472","1","2464.88","2569.64","2140.53","2231.51","0.00","0.00","0.00","90.98","0.00","90.98","2231.51","0.00","0.00","0.55","Compound","13311","G:13311","Global","324.35","338.13","0.00","0.00","0.55","13.78","0.00","13.78","338.68","1","Partially Paid","104.76","0.00","104.76","04/27/2013","2570.19","0.00","0.00","0.00","0.00","2941","1","","Open","104.02","0.00","0","0.55","Discover","0","06/28/2013","Payment","PAY","234.06","(234.06)","5832","0","","Open","234.11","0.00","0","0.00","Other 2","0","11/28/2013","Payment","PAY","234.11","(234.11)"
"1473","1","237.44","247.53","215.77","224.94","0.00","0.00","0.00","9.17","0.00","9.17","224.94","0.00","0.00","2.44","Compound","13312","G:13312","Global","21.67","22.59","0.00","0.00","2.44","0.92","0.00","0.92","25.03","1","Partially Paid","10.09","0.00","10.09","04/27/2013","249.97","0.00","0.00","0.00","0.00","1474","1","","Open","22.59","0.00","0","2.44","Unknown","0","04/27/2013","Payment","PAY","25.03","(25.03)"
"1515","1","450.71","469.87","450.71","469.87","0.00","0.00","4.21","19.16","0.00","19.16","474.08","0.00","0.00","4.21","Compound","13313","G:13313","Global","0.00","0.00","0.00","0.00","0.00","0.00","0.00","0.00","0.00","1","Unpaid","19.16","0.00","19.16","04/27/2013","474.08","0.00","0.00","0.00","0.00"
"1326","1","0.00","0.00","0.00","0.00","0.00","0.00","141.67","0.00","0.00","0.00","141.67","0.00","0.00","141.67","Compound","13314","G:13314","Global","0.00","0.00","0.00","0.00","0.00","0.00","0.00","0.00","0.00","1","Unpaid","0.00","0.00","0.00","04/27/2013","141.67","0.00","0.00","0.00","0.00"
"1516","1","883.60","921.15","883.60","921.15","0.00","0.00","1.51","37.55","0.00","37.55","922.66","0.00","0.00","1.51","Compound","13315","G:13315","Global","0.00","0.00","0.00","0.00","0.00","0.00","0.00","0.00","0.00","1","Unpaid","37.55","0.00","37.55","04/27/2013","922.66","0.00","0.00","0.00","0.00"
"1517","1","1103.18","1150.07","1103.18","1150.07","0.00","0.00","3.46","46.89","0.00","46.89","1153.53","0.00","0.00","3.46","Compound","13316","G:13316","Global","0.00","0.00","0.00","0.00","0.00","0.00","0.00","0.00","0.00","1","Unpaid","46.89","0.00","46.89","04/27/2013","1153.53","0.00","0.00","0.00","0.00"
"1450","1","0.00","0.00","0.00","0.00","0.00","0.00","2.92","0.00","0.00","0.00","2.92","0.00","0.00","6.96","Compound","13317","G:13317","Global","0.00","0.00","0.00","0.00","4.04","0.00","0.00","0.00","4.04","1","Partially Paid","0.00","0.00","0.00","04/27/2013","6.96","0.00","0.00","0.00","0.00","1846","1","","Open","0.00","0.00","0","4.04","Unknown","0","04/28/2013","Credit","CRED","4.04","(4.04)"
"1518","1","1548.67","1614.49","1537.63","1602.98","0.00","0.00","0.00","65.35","0.00","65.35","1602.98","0.00","0.00","13.52","Compound","13318","G:13318","Global","11.04","11.51","0.00","0.00","13.52","0.47","0.00","0.47","25.03","1","Partially Paid","65.82","0.00","65.82","04/27/2013","1628.01","0.00","0.00","0.00","0.00","1519","1","","Open","11.51","0.00","0","13.52","Unknown","0","04/27/2013","Payment","PAY","25.03","(25.03)"
"1596","1","1774.57","1849.99","1774.57","1849.99","0.00","0.00","8.77","75.42","0.00","75.42","1858.76","0.00","0.00","8.77","Compound","13319","G:13319","Global","0.00","0.00","0.00","0.00","0.00","0.00","0.00","0.00","0.00","1","Unpaid","75.42","0.00","75.42","04/27/2013","1858.76","0.00","0.00","0.00","0.00"
"1327","1","2002.57","2087.68","1769.93","1845.15","0.00","0.00","0.00","75.22","0.00","75.22","1845.15","0.00","0.00","0.10","Compound","13320","G:13320","Global","232.64","242.53","0.00","0.00","0.10","9.89","0.00","9.89","242.63","1","Partially Paid","85.11","0.00","85.11","04/27/2013","2087.78","0.00","0.00","0.00","0.00","1328","1","","Open","23.69","0.00","0","0.10","Unknown","0","04/27/2013","Payment","PAY","23.79","(23.79)","3528","1","","Open","218.84","0.00","0","0.00","Japan Credit Bureau (JCB)","0","07/28/2013","Payment","PAY","243.07","(243.07)"
"1572","1","2232.67","2327.56","2232.67","2327.56","0.00","0.00","11.07","94.89","0.00","94.89","2338.63","0.00","0.00","11.07","Compound","13321","G:13321","Global","0.00","0.00","0.00","0.00","0.00","0.00","0.00","0.00","0.00","1","Unpaid","94.89","0.00","94.89","04/27/2013","2338.63","0.00","0.00","0.00","0.00"
"1654","1","2464.88","2569.64","2464.88","2569.64","0.00","0.00","4.39","104.76","0.00","104.76","2574.03","0.00","0.00","4.39","Compound","13322","G:13322","Global","0.00","0.00","0.00","0.00","0.00","0.00","0.00","0.00","0.00","1","Unpaid","104.76","0.00","104.76","04/27/2013","2574.03","0.00","0.00","0.00","0.00"
"1648","1","237.44","247.53","237.44","247.53","0.00","0.00","6.87","10.09","0.00","10.09","254.40","0.00","0.00","6.87","Compound","13323","G:13323","Global","0.00","0.00","0.00","0.00","0.00","0.00","0.00","0.00","0.00","1","Unpaid","10.09","0.00","10.09","04/27/2013","254.40","0.00","0.00","0.00","0.00"
"1475","1","450.71","469.87","431.20","449.53","0.00","0.00","0.00","18.33","0.00","18.33","449.53","0.00","0.00","4.69","Compound","13324","G:13324","Global","19.51","20.34","0.00","0.00","4.69","0.83","0.00","0.83","25.03","1","Partially Paid","19.16","0.00","19.16","04/27/2013","474.56","0.00","0.00","0.00","0.00","1476","1","","Open","20.34","0.00","0","4.69","Unknown","0","04/27/2013","Payment","PAY","25.03","(25.03)"
"1375","1","0.00","0.00","0.00","0.00","0.00","0.00","1.56","0.00","0.00","0.00","1.56","0.00","0.00","1.56","Compound","13325","G:13325","Global","0.00","0.00","0.00","0.00","0.00","0.00","0.00","0.00","0.00","1","Unpaid","0.00","0.00","0.00","04/27/2013","1.56","0.00","0.00","0.00","0.00"
"1547","1","883.60","921.15","139.00","144.92","0.00","0.00","0.00","5.92","0.00","5.92","144.92","0.00","0.00","0.00","Compound","13326","G:13326","Global","744.60","776.23","0.00","0.00","0.00","31.63","0.00","31.63","776.23","1","Partially Paid","37.55","0.00","37.55","04/27/2013","921.15","0.00","0.00","0.00","0.00","211","1","149","Open","249.01","0.00","0","0.00","Check","0","01/28/2013","Payment","PAY","249.01","(249.01)","1548","1","","Open","25.01","0.00","0","0.00","Unknown","0","04/27/2013","Payment","PAY","25.01","(25.01)","1847","1","","Open","4.04","0.00","0","0.00","Unknown","0","04/28/2013","Credit","CRED","4.04","(4.04)","2944","1","","Open","249.06","0.00","0","0.00","Discover","0","06/28/2013","Payment","PAY","249.06","(249.06)","5835","0","","Open","249.11","0.00","0","0.00","Other 2","0","11/28/2013","Payment","PAY","249.11","(249.11)"
"1377","1","1103.18","1150.07","620.51","646.89","0.00","0.00","0.00","26.38","0.00","26.38","646.89","0.00","0.00","0.00","Compound","13327","G:13327","Global","482.67","503.18","0.00","0.00","0.00","20.51","0.00","20.51","503.18","1","Partially Paid","46.89","0.00","46.89","04/27/2013","1150.07","0.00","0.00","0.00","0.00","1266","1","","Open","3.03","0.00","0","0.00","Unknown","0","03/28/2013","Credit","CRED","3.03","(3.03)","2359","1","","Open","250.05","0.00","0","0.00","Master Card","0","05/28/2013","Payment","PAY","250.05","(250.05)","5266","1","","Open","250.10","0.00","0","0.00","Other 1","0","10/28/2013","Payment","PAY","250.10","(250.10)"
"1477","1","0.00","0.00","0.00","0.00","0.00","0.00","9.44","0.00","0.00","0.00","9.44","0.00","0.00","9.44","Compound","13328","G:13328","Global","0.00","0.00","0.00","0.00","0.00","0.00","0.00","0.00","0.00","1","Unpaid","0.00","0.00","0.00","04/27/2013","9.44","0.00","0.00","0.00","0.00"
"1378","1","1548.67","1614.49","1548.67","1614.49","0.00","0.00","3.73","65.82","0.00","65.82","1618.22","0.00","0.00","3.73","Compound","13329","G:13329","Global","0.00","0.00","0.00","0.00","0.00","0.00","0.00","0.00","0.00","1","Unpaid","65.82","0.00","65.82","04/27/2013","1618.22","0.00","0.00","0.00","0.00"
"1451","1","1774.57","1849.99","1754.09","1828.64","0.00","0.00","0.00","74.55","0.00","74.55","1828.64","0.00","0.00","3.68","Compound","13330","G:13330","Global","20.48","21.35","0.00","0.00","3.68","0.87","0.00","0.87","25.03","1","Partially Paid","75.42","0.00","75.42","04/27/2013","1853.67","0.00","0.00","0.00","0.00","1452","1","","Open","21.35","0.00","0","3.68","Unknown","0","04/27/2013","Payment","PAY","25.03","(25.03)"
"1329","1","2002.57","2087.68","1517.50","1582.00","0.00","0.00","0.00","64.50","0.00","64.50","1582.00","0.00","0.00","0.12","Compound","13331","G:13331","Global","485.07","505.68","0.00","0.00","0.12","20.61","0.00","20.61","505.80","1","Partially Paid","85.11","0.00","85.11","04/27/2013","2087.80","0.00","0.00","0.00","0.00","1330","1","","Open","24.80","0.00","0","0.12","Unknown","0","04/27/2013","Payment","PAY","24.92","(24.92)","2945","1","","Open","226.77","0.00","0","0.00","Discover","0","06/28/2013","Payment","PAY","254.06","(254.06)","5836","0","","Open","254.11","0.00","0","0.00","Other 2","0","11/28/2013","Payment","PAY","254.11","(254.11)"
"1659","1","2232.67","2327.56","2232.67","2327.56","0.00","0.00","16.12","94.89","0.00","94.89","2343.68","0.00","0.00","16.12","Compound","13332","G:13332","Global","0.00","0.00","0.00","0.00","0.00","0.00","0.00","0.00","0.00","1","Unpaid","94.89","0.00","94.89","04/27/2013","2343.68","0.00","0.00","0.00","0.00"
"1416","1","2464.88","2569.64","2268.65","2365.07","0.00","0.00","0.00","96.42","0.00","96.42","2365.07","0.00","0.00","1.30","Compound","13333","G:13333","Global","196.23","204.57","0.00","0.00","1.30","8.34","0.00","8.34","205.87","1","Partially Paid","104.76","0.00","104.76","04/27/2013","2570.94","0.00","0.00","0.00","0.00","4690","1","","Open","204.57","0.00","0","1.30","Electronic Transfer","0","09/28/2013","Payment","PAY","256.09","(256.09)"
"1527","1","237.44","247.53","237.44","247.53","0.00","0.00","3.31","10.09","0.00","10.09","250.84","0.00","0.00","3.31","Compound","13334","G:13334","Global","0.00","0.00","0.00","0.00","0.00","0.00","0.00","0.00","0.00","1","Unpaid","10.09","0.00","10.09","04/27/2013","250.84","0.00","0.00","0.00","0.00"
"1453","1","450.71","469.87","450.52","469.67","0.00","0.00","0.00","19.15","0.00","19.15","469.67","0.00","0.00","3.84","Compound","13335","G:13335","Global","0.19","0.20","0.00","0.00","3.84","0.01","0.00","0.01","4.04","1","Partially Paid","19.16","0.00","19.16","04/27/2013","473.71","0.00","0.00","0.00","0.00","1848","1","","Open","0.20","0.00","0","3.84","Unknown","0","04/28/2013","Credit","CRED","4.04","(4.04)"
"1361","1","0.00","0.00","0.00","0.00","0.00","0.00","0.00","0.00","0.00","0.00","0.00","0.00","0.00","1.05","Compound","13336","G:13336","Global","0.00","0.00","0.00","0.00","1.05","0.00","0.00","0.00","1.05","1","Paid in Full","0.00","0.00","0.00","04/27/2013","1.05","0.00","0.00","0.00","0.00","1362","1","","Open","0.00","0.00","0","1.05","Unknown","0","04/27/2013","Payment","PAY","1.05","(1.05)"
"1550","1","883.60","921.15","883.60","921.15","0.00","0.00","3.60","37.55","0.00","37.55","924.75","0.00","0.00","3.60","Compound","13337","G:13337","Global","0.00","0.00","0.00","0.00","0.00","0.00","0.00","0.00","0.00","1","Unpaid","37.55","0.00","37.55","04/27/2013","924.75","0.00","0.00","0.00","0.00"
"1331","1","1103.18","1150.07","1088.66","1134.93","0.00","0.00","0.00","46.27","0.00","46.27","1134.93","0.00","0.00","3.40","Compound","13338","G:13338","Global","14.52","15.14","0.00","0.00","3.40","0.62","0.00","0.62","18.54","1","Partially Paid","46.89","0.00","46.89","04/27/2013","1153.47","0.00","0.00","0.00","0.00","1332","1","","Open","15.14","0.00","0","3.40","Unknown","0","04/27/2013","Payment","PAY","18.54","(18.54)"
"1454","1","0.00","0.00","0.00","0.00","0.00","0.00","6.25","0.00","0.00","0.00","6.25","0.00","0.00","6.25","Compound","13339","G:13339","Global","0.00","0.00","0.00","0.00","0.00","0.00","0.00","0.00","0.00","1","Unpaid","0.00","0.00","0.00","04/27/2013","6.25","0.00","0.00","0.00","0.00"
"1559","1","1548.67","1614.49","1548.67","1614.49","0.00","0.00","7.27","65.82","0.00","65.82","1621.76","0.00","0.00","7.27","Compound","13340","G:13340","Global","0.00","0.00","0.00","0.00","0.00","0.00","0.00","0.00","0.00","1","Unpaid","65.82","0.00","65.82","04/27/2013","1621.76","0.00","0.00","0.00","0.00"
"1573","1","1774.57","1849.99","1774.57","1849.99","0.00","0.00","3.31","75.42","0.00","75.42","1853.30","0.00","0.00","3.31","Compound","13341","G:13341","Global","0.00","0.00","0.00","0.00","0.00","0.00","0.00","0.00","0.00","1","Unpaid","75.42","0.00","75.42","04/27/2013","1853.30","0.00","0.00","0.00","0.00"
"1617","1","2002.57","2087.68","1983.89","2068.21","0.00","0.00","0.00","84.32","0.00","84.32","2068.21","0.00","0.00","5.56","Compound","13342","G:13342","Global","18.68","19.47","0.00","0.00","5.56","0.79","0.00","0.79","25.03","1","Partially Paid","85.11","0.00","85.11","04/27/2013","2093.24","0.00","0.00","0.00","0.00","1618","1","","Open","19.47","0.00","0","5.56","Unknown","0","04/27/2013","Payment","PAY","25.03","(25.03)"
"1574","1","2232.67","2327.56","2232.67","2327.56","0.00","0.00","5.93","94.89","0.00","94.89","2333.49","0.00","0.00","5.93","Compound","13343","G:13343","Global","0.00","0.00","0.00","0.00","0.00","0.00","0.00","0.00","0.00","1","Unpaid","94.89","0.00","94.89","04/27/2013","2333.49","0.00","0.00","0.00","0.00"
"1597","1","2464.88","2569.64","2271.77","2368.33","0.00","0.00","0.00","96.56","0.00","96.56","2368.33","0.00","0.00","0.30","Compound","13344","G:13344","Global","193.11","201.31","0.00","0.00","0.30","8.20","0.00","8.20","201.61","1","Partially Paid","104.76","0.00","104.76","04/27/2013","2569.94","0.00","0.00","0.00","0.00","1849","1","","Open","3.74","0.00","0","0.30","Unknown","0","04/28/2013","Credit","CRED","4.04","(4.04)","4113","1","","Open","197.57","0.00","0","0.00","Debit Card","0","08/28/2013","Payment","PAY","267.08","(267.08)"
"1575","1","237.44","247.53","237.44","247.53","0.00","0.00","1.31","10.09","0.00","10.09","248.84","0.00","0.00","1.31","Compound","13345","G:13345","Global","0.00","0.00","0.00","0.00","0.00","0.00","0.00","0.00","0.00","1","Unpaid","10.09","0.00","10.09","04/27/2013","248.84","0.00","0.00","0.00","0.00"
"1714","1","450.71","469.87","450.71","469.87","0.00","0.00","3.23","19.16","0.00","19.16","473.10","0.00","0.00","3.23","Compound","13346","G:13346","Global","0.00","0.00","0.00","0.00","0.00","0.00","0.00","0.00","0.00","1","Unpaid","19.16","0.00","19.16","04/27/2013","473.10","0.00","0.00","0.00","0.00"
"1520","1","0.00","0.00","0.00","0.00","0.00","0.00","4.85","0.00","0.00","0.00","4.85","0.00","0.00","4.85","Compound","13347","G:13347","Global","0.00","0.00","0.00","0.00","0.00","0.00","0.00","0.00","0.00","1","Unpaid","0.00","0.00","0.00","04/27/2013","4.85","0.00","0.00","0.00","0.00"
"1598","1","883.60","921.15","777.62","810.67","0.00","0.00","0.00","33.05","0.00","33.05","810.67","0.00","0.00","1.93","Compound","13348","G:13348","Global","105.98","110.48","0.00","0.00","1.93","4.50","0.00","4.50","112.41","1","Partially Paid","37.55","0.00","37.55","04/27/2013","923.08","0.00","0.00","0.00","0.00","1599","1","","Open","23.10","0.00","0","1.93","Unknown","0","04/27/2013","Payment","PAY","25.03","(25.03)","4693","1","","Open","87.38","0.00","0","0.00","Electronic Transfer","0","09/28/2013","Payment","PAY","271.09","(271.09)"
"1695","1","1103.18","1150.07","1103.18","1150.07","0.00","0.00","153.33","46.89","0.00","46.89","1303.40","0.00","0.00","175.27","Compound","13349","G:13349","Global","0.00","0.00","0.00","0.00","21.94","0.00","0.00","0.00","21.94","1","Partially Paid","46.89","0.00","46.89","04/27/2013","1325.34","0.00","0.00","0.00","0.00","1696","1","","Open","0.00","0.00","0","21.94","Unknown","0","04/27/2013","Payment","PAY","21.94","(21.94)"
"1715","1","0.00","0.00","0.00","0.00","0.00","0.00","6.82","0.00","0.00","0.00","6.82","0.00","0.00","6.82","Compound","13350","G:13350","Global","0.00","0.00","0.00","0.00","0.00","0.00","0.00","0.00","0.00","1","Unpaid","0.00","0.00","0.00","04/27/2013","6.82","0.00","0.00","0.00","0.00"
"1521","1","1548.67","1614.49","1548.67","1614.49","0.00","0.00","4.72","65.82","0.00","65.82","1619.21","0.00","0.00","4.72","Compound","13351","G:13351","Global","0.00","0.00","0.00","0.00","0.00","0.00","0.00","0.00","0.00","1","Unpaid","65.82","0.00","65.82","04/27/2013","1619.21","0.00","0.00","0.00","0.00"
"1600","1","1774.57","1849.99","1774.57","1849.99","0.00","0.00","4.43","75.42","0.00","75.42","1854.42","0.00","0.00","4.43","Compound","13352","G:13352","Global","0.00","0.00","0.00","0.00","0.00","0.00","0.00","0.00","0.00","1","Unpaid","75.42","0.00","75.42","04/27/2013","1854.42","0.00","0.00","0.00","0.00"
"1626","1","2002.57","2087.68","2002.57","2087.68","0.00","0.00","1.52","85.11","0.00","85.11","2089.20","0.00","0.00","5.56","Compound","13353","G:13353","Global","0.00","0.00","0.00","0.00","4.04","0.00","0.00","0.00","4.04","1","Partially Paid","85.11","0.00","85.11","04/27/2013","2093.24","0.00","0.00","0.00","0.00","1850","1","","Open","0.00","0.00","0","4.04","Unknown","0","04/28/2013","Credit","CRED","4.04","(4.04)"
"1601","1","2232.67","2327.56","2213.31","2307.38","0.00","0.00","0.00","94.07","0.00","94.07","2307.38","0.00","0.00","4.85","Compound","13354","G:13354","Global","19.36","20.18","0.00","0.00","4.85","0.82","0.00","0.82","25.03","1","Partially Paid","94.89","0.00","94.89","04/27/2013","2332.41","0.00","0.00","0.00","0.00","1602","1","","Open","20.18","0.00","0","4.85","Unknown","0","04/27/2013","Payment","PAY","25.03","(25.03)"
"1629","1","2464.88","2569.64","2252.09","2347.81","0.00","0.00","0.00","95.72","0.00","95.72","2347.81","0.00","0.00","0.24","Compound","13355","G:13355","Global","212.79","221.83","0.00","0.00","0.24","9.04","0.00","9.04","222.07","1","Partially Paid","104.76","0.00","104.76","04/27/2013","2569.88","0.00","0.00","0.00","0.00","3535","1","","Open","221.83","0.00","0","0.24","Japan Credit Bureau (JCB)","0","07/28/2013","Payment","PAY","278.07","(278.07)"
"1522","1","237.44","247.53","0.00","0.00","0.00","0.00","0.00","0.00","0.00","0.00","0.00","0.00","0.00","1.16","Compound","13356","G:13356","Global","237.44","247.53","0.00","0.00","1.16","10.09","0.00","10.09","248.69","1","Paid in Full","10.09","0.00","10.09","04/27/2013","248.69","0.00","0.00","0.00","0.00","2950","1","","Open","5.19","0.00","0","1.16","Discover","0","06/28/2013","Payment","PAY","279.06","(279.06)","5841","0","","Open","242.34","0.00","0","0.00","Other 2","0","11/28/2013","Payment","PAY","279.11","(279.11)"
"1551","1","450.71","469.87","450.71","469.87","0.00","0.00","4.40","19.16","0.00","19.16","474.27","0.00","0.00","4.40","Compound","13357","G:13357","Global","0.00","0.00","0.00","0.00","0.00","0.00","0.00","0.00","0.00","1","Unpaid","19.16","0.00","19.16","04/27/2013","474.27","0.00","0.00","0.00","0.00"
"1549","1","0.00","0.00","0.00","0.00","0.00","0.00","4.79","0.00","0.00","0.00","4.79","0.00","0.00","4.79","Compound","13358","G:13358","Global","0.00","0.00","0.00","0.00","0.00","0.00","0.00","0.00","0.00","1","Unpaid","0.00","0.00","0.00","04/27/2013","4.79","0.00","0.00","0.00","0.00"
"1647","1","883.60","921.15","774.81","807.74","0.00","0.00","0.00","32.93","0.00","32.93","807.74","0.00","0.00","0.71","Compound","13359","G:13359","Global","108.79","113.41","0.00","0.00","0.71","4.62","0.00","4.62","114.12","1","Partially Paid","37.55","0.00","37.55","04/27/2013","921.86","0.00","0.00","0.00","0.00","4116","1","","Open","113.41","0.00","0","0.71","Debit Card","0","08/28/2013","Payment","PAY","282.08","(282.08)"
"1379","1","1103.18","1150.07","1081.19","1127.15","0.00","0.00","0.00","45.96","0.00","45.96","1127.15","0.00","0.00","2.11","Compound","13360","G:13360","Global","21.99","22.92","0.00","0.00","2.11","0.93","0.00","0.93","25.03","1","Partially Paid","46.89","0.00","46.89","04/27/2013","1152.18","0.00","0.00","0.00","0.00","1380","1","","Open","22.92","0.00","0","2.11","Unknown","0","04/27/2013","Payment","PAY","25.03","(25.03)"
"1576","1","0.00","0.00","0.00","0.00","0.00","0.00","5.70","0.00","0.00","0.00","5.70","0.00","0.00","5.70","Compound","13361","G:13361","Global","0.00","0.00","0.00","0.00","0.00","0.00","0.00","0.00","0.00","1","Unpaid","0.00","0.00","0.00","04/27/2013","5.70","0.00","0.00","0.00","0.00"
"1523","1","1548.67","1614.49","1548.67","1614.49","0.00","0.00","3.69","65.82","0.00","65.82","1618.18","0.00","0.00","7.73","Compound","13362","G:13362","Global","0.00","0.00","0.00","0.00","4.04","0.00","0.00","0.00","4.04","1","Partially Paid","65.82","0.00","65.82","04/27/2013","1622.22","0.00","0.00","0.00","0.00","1851","1","","Open","0.00","0.00","0","4.04","Unknown","0","04/28/2013","Credit","CRED","4.04","(4.04)"
"1478","1","1774.57","1849.99","1774.57","1849.99","0.00","0.00","4.26","75.42","0.00","75.42","1854.25","0.00","0.00","4.26","Compound","13363","G:13363","Global","0.00","0.00","0.00","0.00","0.00","0.00","0.00","0.00","0.00","1","Unpaid","75.42","0.00","75.42","04/27/2013","1854.25","0.00","0.00","0.00","0.00"
"1603","1","2002.57","2087.68","2002.57","2087.68","0.00","0.00","4.02","85.11","0.00","85.11","2091.70","0.00","0.00","4.02","Compound","13364","G:13364","Global","0.00","0.00","0.00","0.00","0.00","0.00","0.00","0.00","0.00","1","Unpaid","85.11","0.00","85.11","04/27/2013","2091.70","0.00","0.00","0.00","0.00"
"1479","1","2232.67","2327.56","2232.67","2327.56","0.00","0.00","4.47","94.89","0.00","94.89","2332.03","0.00","0.00","4.47","Compound","13365","G:13365","Global","0.00","0.00","0.00","0.00","0.00","0.00","0.00","0.00","0.00","1","Unpaid","94.89","0.00","94.89","04/27/2013","2332.03","0.00","0.00","0.00","0.00"
"1632","1","2464.88","2569.64","1958.82","2042.07","0.00","0.00","0.00","83.25","0.00","83.25","2042.07","0.00","0.00","0.32","Compound","13366","G:13366","Global","506.06","527.57","0.00","0.00","0.32","21.51","0.00","21.51","527.89","1","Partially Paid","104.76","0.00","104.76","04/27/2013","2569.96","0.00","0.00","0.00","0.00","1633","1","","Open","24.71","0.00","0","0.32","Unknown","0","04/27/2013","Payment","PAY","25.03","(25.03)","2952","1","","Open","213.75","0.00","0","0.00","Discover","0","06/28/2013","Payment","PAY","289.06","(289.06)","5843","0","","Open","289.11","0.00","0","0.00","Other 2","0","11/28/2013","Payment","PAY","289.11","(289.11)"
"1428","1","237.44","247.53","208.61","217.47","0.00","0.00","0.00","8.86","0.00","8.86","217.47","0.00","0.00","2.33","Compound","13367","G:13367","Global","28.83","30.06","0.00","0.00","2.33","1.23","0.00","1.23","32.39","1","Partially Paid","10.09","0.00","10.09","04/27/2013","249.86","0.00","0.00","0.00","0.00","5274","1","","Open","30.06","0.00","0","2.33","Other 1","0","10/28/2013","Payment","PAY","290.10","(290.10)"
"1333","1","450.71","469.87","450.71","469.87","0.00","0.00","4.20","19.16","0.00","19.16","474.07","0.00","0.00","4.20","Compound","13368","G:13368","Global","0.00","0.00","0.00","0.00","0.00","0.00","0.00","0.00","0.00","1","Unpaid","19.16","0.00","19.16","04/27/2013","474.07","0.00","0.00","0.00","0.00"
"1429","1","0.00","0.00","0.00","0.00","0.00","0.00","3.56","0.00","0.00","0.00","3.56","0.00","0.00","3.56","Compound","13369","G:13369","Global","0.00","0.00","0.00","0.00","0.00","0.00","0.00","0.00","0.00","1","Unpaid","0.00","0.00","0.00","04/27/2013","3.56","0.00","0.00","0.00","0.00"
"1382","1","883.60","921.15","758.36","790.59","0.00","0.00","0.00","32.23","0.00","32.23","790.59","0.00","0.00","0.69","Compound","13370","G:13370","Global","125.24","130.56","0.00","0.00","0.69","5.32","0.00","5.32","131.25","1","Partially Paid","37.55","0.00","37.55","04/27/2013","921.84","0.00","0.00","0.00","0.00","3538","1","","Open","130.56","0.00","0","0.69","Japan Credit Bureau (JCB)","0","07/28/2013","Payment","PAY","293.07","(293.07)"
"1347","1","1103.18","1150.07","1006.86","1049.66","0.00","0.00","0.00","42.80","0.00","42.80","1049.66","0.00","0.00","2.09","Compound","13371","G:13371","Global","96.32","100.41","0.00","0.00","2.09","4.09","0.00","4.09","102.50","1","Partially Paid","46.89","0.00","46.89","04/27/2013","1152.16","0.00","0.00","0.00","0.00","1852","1","","Open","1.95","0.00","0","2.09","Unknown","0","04/28/2013","Credit","CRED","4.04","(4.04)","5844","0","","Open","98.46","0.00","0","0.00","Other 2","0","11/28/2013","Payment","PAY","294.11","(294.11)"
"1402","1","0.00","0.00","0.00","0.00","0.00","0.00","0.00","0.00","0.00","0.00","0.00","0.00","0.00","6.94","Compound","13372","G:13372","Global","0.00","0.00","0.00","0.00","6.94","0.00","0.00","0.00","6.94","1","Paid in Full","0.00","0.00","0.00","04/27/2013","6.94","0.00","0.00","0.00","0.00","1403","1","","Open","0.00","0.00","0","6.94","Unknown","0","04/27/2013","Payment","PAY","6.94","(6.94)"
"1563","1","1548.67","1614.49","980.68","1022.36","0.00","0.00","7.89","41.68","0.00","41.68","1030.25","0.00","0.00","7.89","Compound","13373","G:13373","Global","567.99","592.13","0.00","0.00","0.00","24.14","0.00","24.14","592.13","1","Partially Paid","65.82","0.00","65.82","04/27/2013","1622.38","0.00","0.00","0.00","0.00","1782","1","","Open","296.04","0.00","0","0.00","Visa","0","04/28/2013","Payment","PAY","296.04","(296.04)","4698","1","","Open","296.09","0.00","0","0.00","Electronic Transfer","0","09/28/2013","Payment","PAY","296.09","(296.09)"
"1680","1","1774.57","1849.99","1489.60","1552.91","0.00","0.00","2.82","63.31","0.00","63.31","1555.73","0.00","0.00","2.82","Compound","13374","G:13374","Global","284.97","297.08","0.00","0.00","0.00","12.11","0.00","12.11","297.08","1","Partially Paid","75.42","0.00","75.42","04/27/2013","1852.81","0.00","0.00","0.00","0.00","4119","1","","Open","297.08","0.00","0","0.00","Debit Card","0","08/28/2013","Payment","PAY","297.08","(297.08)"
"1524","1","0.00","0.00","0.00","0.00","0.00","0.00","3.68","0.00","0.00","0.00","3.68","0.00","0.00","3.68","Compound","13375","G:13375","Global","0.00","0.00","0.00","0.00","0.00","0.00","0.00","0.00","0.00","1","Unpaid","0.00","0.00","0.00","04/27/2013","3.68","0.00","0.00","0.00","0.00"
"1670","1","2232.67","2327.56","2070.58","2158.58","0.00","0.00","0.00","88.00","0.00","88.00","2158.58","0.00","0.00","0.00","Compound","13376","G:13376","Global","162.09","168.98","0.00","0.00","0.00","6.89","0.00","6.89","168.98","1","Partially Paid","94.89","0.00","94.89","04/27/2013","2327.56","0.00","0.00","0.00","0.00","221","1","199","Open","168.98","0.00","0","0.00","Check","0","01/28/2013","Payment","PAY","299.01","(299.01)"
"1376","1","2464.88","2569.64","2177.06","2269.59","0.00","0.00","0.54","92.53","0.00","92.53","2270.13","0.00","0.00","0.54","Compound","13377","G:13377","Global","287.82","300.05","0.00","0.00","0.00","12.23","0.00","12.23","300.05","1","Partially Paid","104.76","0.00","104.76","04/27/2013","2570.18","0.00","0.00","0.00","0.00","2369","1","","Open","300.05","0.00","0","0.00","Master Card","0","05/28/2013","Payment","PAY","300.05","(300.05)"
"1716","1","237.44","247.53","0.00","0.00","0.00","0.00","8.14","0.00","0.00","0.00","8.14","0.00","0.00","8.14","Compound","13378","G:13378","Global","237.44","247.53","0.00","0.00","0.00","10.09","0.00","10.09","247.53","1","Partially Paid","10.09","0.00","10.09","04/27/2013","255.67","0.00","0.00","0.00","0.00","1717","1","","Open","25.03","0.00","0","0.00","Unknown","0","04/27/2013","Payment","PAY","25.03","(25.03)","1783","1","","Open","222.50","0.00","0","0.00","Visa","0","04/28/2013","Payment","PAY","301.04","(301.04)"
"1480","1","450.71","469.87","398.38","415.32","0.00","0.00","4.51","16.94","0.00","16.94","419.83","0.00","0.00","4.51","Compound","13379","G:13379","Global","52.33","54.55","0.00","0.00","0.00","2.22","0.00","2.22","54.55","1","Partially Paid","19.16","0.00","19.16","04/27/2013","474.38","0.00","0.00","0.00","0.00","4120","1","","Open","54.55","0.00","0","0.00","Debit Card","0","08/28/2013","Payment","PAY","302.08","(302.08)"
"1381","1","0.00","0.00","0.00","0.00","0.00","0.00","0.00","0.00","0.00","0.00","0.00","0.00","0.00","1.55","Compound","13380","G:13380","Global","0.00","0.00","0.00","0.00","1.55","0.00","0.00","0.00","1.55","1","Paid in Full","0.00","0.00","0.00","04/27/2013","1.55","0.00","0.00","0.00","0.00","1853","1","","Open","0.00","0.00","0","1.55","Unknown","0","04/28/2013","Credit","CRED","4.04","(4.04)"
"1432","1","883.60","921.15","591.93","617.09","0.00","0.00","0.51","25.16","0.00","25.16","617.60","0.00","0.00","0.51","Compound","13381","G:13381","Global","291.67","304.06","0.00","0.00","0.00","12.39","0.00","12.39","304.06","1","Partially Paid","37.55","0.00","37.55","04/27/2013","921.66","0.00","0.00","0.00","0.00","2955","1","","Open","304.06","0.00","0","0.00","Discover","0","06/28/2013","Payment","PAY","304.06","(304.06)"
"1578","1","1103.18","1150.07","810.57","845.02","0.00","0.00","7.29","34.45","0.00","34.45","852.31","0.00","0.00","7.29","Compound","13382","G:13382","Global","292.61","305.05","0.00","0.00","0.00","12.44","0.00","12.44","305.05","1","Partially Paid","46.89","0.00","46.89","04/27/2013","1157.36","0.00","0.00","0.00","0.00","2370","1","","Open","305.05","0.00","0","0.00","Master Card","0","05/28/2013","Payment","PAY","305.05","(305.05)"
"1577","1","0.00","0.00","0.00","0.00","0.00","0.00","15.47","0.00","0.00","0.00","15.47","0.00","0.00","15.47","Compound","13383","G:13383","Global","0.00","0.00","0.00","0.00","0.00","0.00","0.00","0.00","0.00","1","Unpaid","0.00","0.00","0.00","04/27/2013","15.47","0.00","0.00","0.00","0.00"
"1662","1","1548.67","1614.49","1230.10","1282.38","0.00","0.00","229.81","52.28","0.00","52.28","1512.19","0.00","0.00","229.81","Compound","13384","G:13384","Global","318.57","332.11","0.00","0.00","0.00","13.54","0.00","13.54","332.11","1","Partially Paid","65.82","0.00","65.82","04/27/2013","1844.30","0.00","0.00","0.00","0.00","1663","1","","Open","25.03","0.00","0","0.00","Unknown","0","04/27/2013","Payment","PAY","25.03","(25.03)","4121","1","","Open","307.08","0.00","0","0.00","Debit Card","0","08/28/2013","Payment","PAY","307.08","(307.08)"
"1604","1","1774.57","1849.99","1774.57","1849.99","0.00","0.00","9.63","75.42","0.00","75.42","1859.62","0.00","0.00","9.63","Compound","13385","G:13385","Global","0.00","0.00","0.00","0.00","0.00","0.00","0.00","0.00","0.00","1","Unpaid","75.42","0.00","75.42","04/27/2013","1859.62","0.00","0.00","0.00","0.00"
"1383","1","2002.57","2087.68","1331.30","1387.88","0.00","0.00","3.27","56.58","0.00","56.58","1391.15","0.00","0.00","3.27","Compound","13386","G:13386","Global","671.27","699.80","0.00","0.00","0.00","28.53","0.00","28.53","699.80","1","Partially Paid","85.11","0.00","85.11","04/27/2013","2090.95","0.00","0.00","0.00","0.00","223","1","209","Open","56.74","0.00","0","0.00","Check","0","01/28/2013","Payment","PAY","309.01","(309.01)","712","1","","Open","309.02","0.00","0","0.00","Cash","0","02/28/2013","Payment","PAY","309.02","(309.02)","1204","1","","Open","309.03","0.00","0","0.00","American Express","0","03/28/2013","Payment","PAY","309.03","(309.03)","1384","1","","Open","25.01","0.00","0","0.00","Unknown","0","04/27/2013","Payment","PAY","25.01","(25.01)"
"1386","1","2232.67","2327.56","2221.13","2315.53","0.00","0.00","8.48","94.40","0.00","94.40","2324.01","0.00","0.00","8.48","Compound","13387","G:13387","Global","11.54","12.03","0.00","0.00","0.00","0.49","0.00","0.49","12.03","1","Partially Paid","94.89","0.00","94.89","04/27/2013","2336.04","0.00","0.00","0.00","0.00","1238","1","","Open","12.03","0.00","0","0.00","Unknown","0","03/28/2013","Payment","PAY","12.03","(12.03)"
"1389","1","2464.88","2569.64","2166.52","2258.60","0.00","0.00","5.16","92.08","0.00","92.08","2263.76","0.00","0.00","5.16","Compound","13388","G:13388","Global","298.36","311.04","0.00","0.00","0.00","12.68","0.00","12.68","311.04","1","Partially Paid","104.76","0.00","104.76","04/27/2013","2574.80","0.00","0.00","0.00","0.00","1787","1","","Open","311.04","0.00","0","0.00","Visa","0","04/28/2013","Payment","PAY","311.04","(311.04)"
"1385","1","237.44","247.53","233.56","243.49","0.00","0.00","2.14","9.93","0.00","9.93","245.63","0.00","0.00","2.14","Compound","13389","G:13389","Global","3.88","4.04","0.00","0.00","0.00","0.16","0.00","0.16","4.04","1","Partially Paid","10.09","0.00","10.09","04/27/2013","249.67","0.00","0.00","0.00","0.00","1854","1","","Open","4.04","0.00","0","0.00","Unknown","0","04/28/2013","Credit","CRED","4.04","(4.04)"
"1387","1","450.71","469.87","0.00","0.00","0.00","0.00","6.78","0.00","0.00","0.00","6.78","0.00","0.00","6.78","Compound","13390","G:13390","Global","450.71","469.87","0.00","0.00","0.00","19.16","0.00","19.16","469.87","1","Partially Paid","19.16","0.00","19.16","04/27/2013","476.65","0.00","0.00","0.00","0.00","1388","1","","Open","335.06","0.00","0","0.00","Unknown","0","04/27/2013","Payment","PAY","335.06","(335.06)","3544","1","","Open","134.81","0.00","0","0.00","Japan Credit Bureau (JCB)","0","07/28/2013","Payment","PAY","313.07","(313.07)"
"1481","1","883.60","921.15","581.39","606.10","0.00","0.00","2.53","24.71","0.00","24.71","608.63","0.00","0.00","2.53","Compound","13392","G:13392","Global","302.21","315.05","0.00","0.00","0.00","12.84","0.00","12.84","315.05","1","Partially Paid","37.55","0.00","37.55","04/27/2013","923.68","0.00","0.00","0.00","0.00","2373","1","","Open","315.05","0.00","0","0.00","Master Card","0","05/28/2013","Payment","PAY","315.05","(315.05)"
"1482","1","1103.18","1150.07","800.03","834.03","0.00","0.00","4.61","34.00","0.00","34.00","838.64","0.00","0.00","4.61","Compound","13393","G:13393","Global","303.15","316.04","0.00","0.00","0.00","12.89","0.00","12.89","316.04","1","Partially Paid","46.89","0.00","46.89","04/27/2013","1154.68","0.00","0.00","0.00","0.00","1788","1","","Open","316.04","0.00","0","0.00","Visa","0","04/28/2013","Payment","PAY","316.04","(316.04)"
"1433","1","0.00","0.00","0.00","0.00","0.00","0.00","8.64","0.00","0.00","0.00","8.64","0.00","0.00","8.64","Compound","13394","G:13394","Global","0.00","0.00","0.00","0.00","0.00","0.00","0.00","0.00","0.00","1","Unpaid","0.00","0.00","0.00","04/27/2013","8.64","0.00","0.00","0.00","0.00"
"1722","1","1548.67","1614.49","1243.57","1296.42","0.00","0.00","36.40","52.85","0.00","52.85","1332.82","0.00","0.00","36.40","Compound","13395","G:13395","Global","305.10","318.07","0.00","0.00","0.00","12.97","0.00","12.97","318.07","1","Partially Paid","65.82","0.00","65.82","04/27/2013","1650.89","0.00","0.00","0.00","0.00","3545","1","","Open","318.07","0.00","0","0.00","Japan Credit Bureau (JCB)","0","07/28/2013","Payment","PAY","318.07","(318.07)"
"1605","1","1774.57","1849.99","1750.56","1824.96","0.00","0.00","8.85","74.40","0.00","74.40","1833.81","0.00","0.00","8.85","Compound","13396","G:13396","Global","24.01","25.03","0.00","0.00","0.00","1.02","0.00","1.02","25.03","1","Partially Paid","75.42","0.00","75.42","04/27/2013","1858.84","0.00","0.00","0.00","0.00","1606","1","","Open","25.03","0.00","0","0.00","Unknown","0","04/27/2013","Payment","PAY","25.03","(25.03)"
"1607","1","2002.57","2087.68","1671.57","1742.61","0.00","0.00","23.74","71.04","0.00","71.04","1766.35","0.00","0.00","23.74","Compound","13397","G:13397","Global","331.00","345.07","0.00","0.00","0.00","14.07","0.00","14.07","345.07","1","Partially Paid","85.11","0.00","85.11","04/27/2013","2111.42","0.00","0.00","0.00","0.00","1608","1","","Open","25.02","0.00","0","0.00","Unknown","0","04/27/2013","Payment","PAY","25.02","(25.02)","2374","1","","Open","320.05","0.00","0","0.00","Master Card","0","05/28/2013","Payment","PAY","320.05","(320.05)"
"1681","1","2232.67","2327.56","1873.80","1953.44","0.00","0.00","6.31","79.64","0.00","79.64","1959.75","0.00","0.00","6.31","Compound","13398","G:13398","Global","358.87","374.12","0.00","0.00","0.00","15.25","0.00","15.25","374.12","1","Partially Paid","94.89","0.00","94.89","04/27/2013","2333.87","0.00","0.00","0.00","0.00","1736","1","","Open","49.04","0.00","0","0.00","Unknown","0","04/28/2013","Discount","DISC","49.04","(49.04)","1789","1","","Open","321.04","0.00","0","0.00","Visa","0","04/28/2013","Payment","PAY","321.04","(321.04)","1855","1","","Open","4.04","0.00","0","0.00","Unknown","0","04/28/2013","Credit","CRED","4.04","(4.04)"
"1334","1","2464.88","2569.64","2141.92","2232.96","0.00","0.00","0.00","91.04","0.00","91.04","2232.96","0.00","0.00","0.00","Compound","13399","G:13399","Global","322.96","336.68","0.00","0.00","0.00","13.72","0.00","13.72","336.68","1","Partially Paid","104.76","0.00","104.76","04/27/2013","2569.64","0.00","0.00","0.00","0.00","1208","1","","Open","11.57","0.00","0","0.00","American Express","0","03/28/2013","Payment","PAY","322.03","(322.03)","1274","1","","Open","3.03","0.00","0","0.00","Unknown","0","03/28/2013","Credit","CRED","3.03","(3.03)","4126","1","","Open","322.08","0.00","0","0.00","Debit Card","0","08/28/2013","Payment","PAY","322.08","(322.08)"
"1434","1","0.00","0.00","0.00","0.00","0.00","0.00","0.86","0.00","0.00","0.00","0.86","0.00","0.00","0.86","Compound","13400","G:13400","Global","0.00","0.00","0.00","0.00","0.00","0.00","0.00","0.00","0.00","1","Unpaid","0.00","0.00","0.00","04/27/2013","0.86","0.00","0.00","0.00","0.00"
"1697","1","450.71","469.87","356.56","371.72","0.00","0.00","2.90","15.16","0.00","15.16","374.62","0.00","0.00","2.90","Compound","13401","G:13401","Global","94.15","98.15","0.00","0.00","0.00","4.00","0.00","4.00","98.15","1","Partially Paid","19.16","0.00","19.16","04/27/2013","472.77","0.00","0.00","0.00","0.00","2960","1","","Open","98.15","0.00","0","0.00","Discover","0","06/28/2013","Payment","PAY","324.06","(324.06)"
"1394","1","0.00","0.00","0.00","0.00","0.00","0.00","0.00","0.00","0.00","0.00","0.00","0.00","0.00","2.90","Compound","13402","G:13402","Global","0.00","0.00","0.00","0.00","2.90","0.00","0.00","0.00","2.90","1","Paid in Full","0.00","0.00","0.00","04/27/2013","2.90","0.00","0.00","0.00","0.00","1395","1","","Open","0.00","0.00","0","2.90","Unknown","0","04/27/2013","Payment","PAY","2.90","(2.90)"
"1483","1","883.60","921.15","258.05","269.02","0.00","0.00","1.82","10.97","0.00","10.97","270.84","0.00","0.00","1.82","Compound","13403","G:13403","Global","625.55","652.13","0.00","0.00","0.00","26.58","0.00","26.58","652.13","1","Partially Paid","37.55","0.00","37.55","04/27/2013","922.97","0.00","0.00","0.00","0.00","1790","1","","Open","326.04","0.00","0","0.00","Visa","0","04/28/2013","Payment","PAY","326.04","(326.04)","4706","1","","Open","326.09","0.00","0","0.00","Electronic Transfer","0","09/28/2013","Payment","PAY","326.09","(326.09)"
"1335","1","1103.18","1150.07","1103.18","1150.07","0.00","0.00","3.57","46.89","0.00","46.89","1153.64","0.00","0.00","3.57","Compound","13404","G:13404","Global","0.00","0.00","0.00","0.00","0.00","0.00","0.00","0.00","0.00","1","Unpaid","46.89","0.00","46.89","04/27/2013","1153.64","0.00","0.00","0.00","0.00"
"1501","1","0.00","0.00","0.00","0.00","0.00","0.00","8.20","0.00","0.00","0.00","8.20","0.00","0.00","8.20","Compound","13405","G:13405","Global","0.00","0.00","0.00","0.00","0.00","0.00","0.00","0.00","0.00","1","Unpaid","0.00","0.00","0.00","04/27/2013","8.20","0.00","0.00","0.00","0.00"
"1580","1","1858.40","1937.38","1317.20","1373.18","0.00","0.00","14.41","55.98","0.00","55.98","1387.59","0.00","0.00","14.41","Compound","13406","G:13406","Global","541.20","564.20","0.00","0.00","0.00","23.00","0.00","23.00","564.20","1","Partially Paid","78.98","0.00","78.98","04/27/2013","1951.79","0.00","0.00","0.00","0.00","2961","1","","Open","329.06","0.00","0","0.00","Discover","0","06/28/2013","Payment","PAY","329.06","(329.06)","5852","0","","Open","235.14","0.00","0","0.00","Other 2","0","11/28/2013","Payment","PAY","329.11","(329.11)"
"1294","1","1774.57","1849.99","1454.10","1515.90","0.00","0.00","4.43","61.80","0.00","61.80","1520.33","0.00","0.00","4.43","Compound","13407","G:13407","Global","320.47","334.09","0.00","0.00","0.00","13.62","0.00","13.62","334.09","1","Partially Paid","75.42","0.00","75.42","04/27/2013","1854.42","0.00","0.00","0.00","0.00","1856","1","","Open","4.04","0.00","0","0.00","Unknown","0","04/28/2013","Credit","CRED","4.04","(4.04)","2376","1","","Open","330.05","0.00","0","0.00","Master Card","0","05/28/2013","Payment","PAY","330.05","(330.05)"
"1651","1","2002.57","2087.68","1661.02","1731.61","0.00","0.00","10.44","70.59","0.00","70.59","1742.05","0.00","0.00","10.44","Compound","13408","G:13408","Global","341.55","356.07","0.00","0.00","0.00","14.52","0.00","14.52","356.07","1","Partially Paid","85.11","0.00","85.11","04/27/2013","2098.12","0.00","0.00","0.00","0.00","1652","1","","Open","25.03","0.00","0","0.00","Unknown","0","04/27/2013","Payment","PAY","25.03","(25.03)","1791","1","","Open","331.04","0.00","0","0.00","Visa","0","04/28/2013","Payment","PAY","331.04","(331.04)"
"1455","1","2232.67","2327.56","2232.67","2327.56","0.00","0.00","4.98","94.89","0.00","94.89","2332.54","0.00","0.00","4.98","Compound","13409","G:13409","Global","0.00","0.00","0.00","0.00","0.00","0.00","0.00","0.00","0.00","1","Unpaid","94.89","0.00","94.89","04/27/2013","2332.54","0.00","0.00","0.00","0.00"
"1373","1","2464.88","2569.64","2464.88","2569.64","0.00","0.00","0.00","104.76","0.00","104.76","2569.64","0.00","0.00","0.00","Compound","13410","G:13410","Global","0.00","0.00","0.00","0.00","0.00","0.00","0.00","0.00","0.00","1","Unpaid","104.76","0.00","104.76","04/27/2013","2569.64","0.00","0.00","0.00","0.00"
"1435","1","237.44","247.53","237.44","247.53","0.00","0.00","1.07","10.09","0.00","10.09","248.60","0.00","0.00","1.07","Compound","13411","G:13411","Global","0.00","0.00","0.00","0.00","0.00","0.00","0.00","0.00","0.00","1","Unpaid","10.09","0.00","10.09","04/27/2013","248.60","0.00","0.00","0.00","0.00"
"1414","1","0.00","0.00","0.00","0.00","0.00","0.00","6.99","0.00","0.00","0.00","6.99","0.00","0.00","6.99","Compound","13412","G:13412","Global","0.00","0.00","0.00","0.00","0.00","0.00","0.00","0.00","0.00","1","Unpaid","0.00","0.00","0.00","04/27/2013","6.99","0.00","0.00","0.00","0.00"
"1363","1","0.00","0.00","0.00","0.00","0.00","0.00","6.58","0.00","0.00","0.00","6.58","0.00","0.00","6.58","Compound","13413","G:13413","Global","0.00","0.00","0.00","0.00","0.00","0.00","0.00","0.00","0.00","1","Unpaid","0.00","0.00","0.00","04/27/2013","6.58","0.00","0.00","0.00","0.00"
"1336","1","0.00","0.00","0.00","0.00","0.00","0.00","0.00","0.00","0.00","0.00","0.00","0.00","0.00","0.50","Compound","13414","G:13414","Global","0.00","0.00","0.00","0.00","0.50","0.00","0.00","0.00","0.50","1","Paid in Full","0.00","0.00","0.00","04/27/2013","0.50","0.00","0.00","0.00","0.00","1337","1","","Open","0.00","0.00","0","0.50","Unknown","0","04/27/2013","Payment","PAY","0.50","(0.50)"
"1720","1","0.00","0.00","0.00","0.00","0.00","0.00","0.00","0.00","0.00","0.00","0.00","0.00","0.00","3.75","Compound","13415","G:13415","Global","0.00","0.00","0.00","0.00","3.75","0.00","0.00","0.00","3.75","1","Paid in Full","0.00","0.00","0.00","04/27/2013","3.75","0.00","0.00","0.00","0.00","1721","1","","Open","0.00","0.00","0","3.75","Unknown","0","04/27/2013","Payment","PAY","3.75","(3.75)"
"1653","1","0.00","0.00","0.00","0.00","0.00","0.00","3.88","0.00","0.00","0.00","3.88","0.00","0.00","7.92","Compound","13416","G:13416","Global","0.00","0.00","0.00","0.00","4.04","0.00","0.00","0.00","4.04","1","Partially Paid","0.00","0.00","0.00","04/27/2013","7.92","0.00","0.00","0.00","0.00","1857","1","","Open","0.00","0.00","0","4.04","Unknown","0","04/28/2013","Credit","CRED","4.04","(4.04)"
"1655","1","0.00","0.00","0.00","0.00","0.00","0.00","12.35","0.00","0.00","0.00","12.35","0.00","0.00","12.35","Compound","13417","G:13417","Global","0.00","0.00","0.00","0.00","0.00","0.00","0.00","0.00","0.00","1","Unpaid","0.00","0.00","0.00","04/27/2013","12.35","0.00","0.00","0.00","0.00"
"1484","1","0.00","0.00","0.00","0.00","0.00","0.00","4.26","0.00","0.00","0.00","4.26","0.00","0.00","4.26","Compound","13418","G:13418","Global","0.00","0.00","0.00","0.00","0.00","0.00","0.00","0.00","0.00","1","Unpaid","0.00","0.00","0.00","04/27/2013","4.26","0.00","0.00","0.00","0.00"
"1698","1","0.00","0.00","0.00","0.00","0.00","0.00","249.98","0.00","0.00","0.00","249.98","0.00","0.00","249.98","Compound","13419","G:13419","Global","0.00","0.00","0.00","0.00","0.00","0.00","0.00","0.00","0.00","1","Unpaid","0.00","0.00","0.00","04/27/2013","249.98","0.00","0.00","0.00","0.00"
"1627","1","0.00","0.00","0.00","0.00","0.00","0.00","0.00","0.00","0.00","0.00","0.00","0.00","0.00","5.27","Compound","13420","G:13420","Global","0.00","0.00","0.00","0.00","5.27","0.00","0.00","0.00","5.27","1","Paid in Full","0.00","0.00","0.00","04/27/2013","5.27","0.00","0.00","0.00","0.00","1628","1","","Open","0.00","0.00","0","5.27","Unknown","0","04/27/2013","Payment","PAY","5.27","(5.27)"
"1656","1","0.00","0.00","0.00","0.00","0.00","0.00","1.55","0.00","0.00","0.00","1.55","0.00","0.00","1.55","Compound","13421","G:13421","Global","0.00","0.00","0.00","0.00","0.00","0.00","0.00","0.00","0.00","1","Unpaid","0.00","0.00","0.00","04/27/2013","1.55","0.00","0.00","0.00","0.00"
"1723","1","0.00","0.00","0.00","0.00","0.00","0.00","3.51","0.00","0.00","0.00","3.51","0.00","0.00","3.51","Compound","13422","G:13422","Global","0.00","0.00","0.00","0.00","0.00","0.00","0.00","0.00","0.00","1","Unpaid","0.00","0.00","0.00","04/27/2013","3.51","0.00","0.00","0.00","0.00"
"1552","1","0.00","0.00","0.00","0.00","0.00","0.00","6.80","0.00","0.00","0.00","6.80","0.00","0.00","6.80","Compound","13423","G:13423","Global","0.00","0.00","0.00","0.00","0.00","0.00","0.00","0.00","0.00","1","Unpaid","0.00","0.00","0.00","04/27/2013","6.80","0.00","0.00","0.00","0.00"
"1724","1","0.00","0.00","0.00","0.00","0.00","0.00","5.06","0.00","0.00","0.00","5.06","0.00","0.00","5.06","Compound","13424","G:13424","Global","0.00","0.00","0.00","0.00","0.00","0.00","0.00","0.00","0.00","1","Unpaid","0.00","0.00","0.00","04/27/2013","5.06","0.00","0.00","0.00","0.00"
"1623","1","0.00","0.00","0.00","0.00","0.00","0.00","0.00","0.00","0.00","0.00","0.00","0.00","0.00","0.45","Compound","13425","G:13425","Global","0.00","0.00","0.00","0.00","0.45","0.00","0.00","0.00","0.45","1","Paid in Full","0.00","0.00","0.00","04/27/2013","0.45","0.00","0.00","0.00","0.00","1858","1","","Open","0.00","0.00","0","0.45","Unknown","0","04/28/2013","Credit","CRED","4.04","(4.04)"
"1396","1","0.00","0.00","0.00","0.00","0.00","0.00","0.00","0.00","0.00","0.00","0.00","0.00","0.00","3.45","Compound","13426","G:13426","Global","0.00","0.00","0.00","0.00","3.45","0.00","0.00","0.00","3.45","1","Paid in Full","0.00","0.00","0.00","04/27/2013","3.45","0.00","0.00","0.00","0.00","1397","1","","Open","0.00","0.00","0","3.45","Unknown","0","04/27/2013","Payment","PAY","3.45","(3.45)"
"1725","1","0.00","0.00","0.00","0.00","0.00","0.00","3.13","0.00","0.00","0.00","3.13","0.00","0.00","3.13","Compound","13427","G:13427","Global","0.00","0.00","0.00","0.00","0.00","0.00","0.00","0.00","0.00","1","Unpaid","0.00","0.00","0.00","04/27/2013","3.13","0.00","0.00","0.00","0.00"
"1657","1","0.00","0.00","0.00","0.00","0.00","0.00","11.49","0.00","0.00","0.00","11.49","0.00","0.00","11.49","Compound","13428","G:13428","Global","0.00","0.00","0.00","0.00","0.00","0.00","0.00","0.00","0.00","1","Unpaid","0.00","0.00","0.00","04/27/2013","11.49","0.00","0.00","0.00","0.00"
"1581","1","0.00","0.00","0.00","0.00","0.00","0.00","2.70","0.00","0.00","0.00","2.70","0.00","0.00","2.70","Compound","13429","G:13429","Global","0.00","0.00","0.00","0.00","0.00","0.00","0.00","0.00","0.00","1","Unpaid","0.00","0.00","0.00","04/27/2013","2.70","0.00","0.00","0.00","0.00"
"1436","1","0.00","0.00","0.00","0.00","0.00","0.00","6.86","0.00","0.00","0.00","6.86","0.00","0.00","6.86","Compound","13430","G:13430","Global","0.00","0.00","0.00","0.00","0.00","0.00","0.00","0.00","0.00","1","Unpaid","0.00","0.00","0.00","04/27/2013","6.86","0.00","0.00","0.00","0.00"
"1582","1","0.00","0.00","0.00","0.00","0.00","0.00","4.05","0.00","0.00","0.00","4.05","0.00","0.00","4.05","Compound","13431","G:13431","Global","0.00","0.00","0.00","0.00","0.00","0.00","0.00","0.00","0.00","1","Unpaid","0.00","0.00","0.00","04/27/2013","4.05","0.00","0.00","0.00","0.00"
"1437","1","0.00","0.00","0.00","0.00","0.00","0.00","0.00","0.00","0.00","0.00","0.00","0.00","0.00","2.41","Compound","13432","G:13432","Global","0.00","0.00","0.00","0.00","2.41","0.00","0.00","0.00","2.41","1","Paid in Full","0.00","0.00","0.00","04/27/2013","2.41","0.00","0.00","0.00","0.00","1438","1","","Open","0.00","0.00","0","2.41","Unknown","0","04/27/2013","Payment","PAY","2.41","(2.41)"
"1338","1","0.00","0.00","0.00","0.00","0.00","0.00","3.66","0.00","0.00","0.00","3.66","0.00","0.00","3.66","Compound","13433","G:13433","Global","0.00","0.00","0.00","0.00","0.00","0.00","0.00","0.00","0.00","1","Unpaid","0.00","0.00","0.00","04/27/2013","3.66","0.00","0.00","0.00","0.00"
"1485","1","0.00","0.00","0.00","0.00","0.00","0.00","1.04","0.00","0.00","0.00","1.04","0.00","0.00","5.08","Compound","13434","G:13434","Global","0.00","0.00","0.00","0.00","4.04","0.00","0.00","0.00","4.04","1","Partially Paid","0.00","0.00","0.00","04/27/2013","5.08","0.00","0.00","0.00","0.00","1859","1","","Open","0.00","0.00","0","4.04","Unknown","0","04/28/2013","Credit","CRED","4.04","(4.04)"
"1583","1","0.00","0.00","0.00","0.00","0.00","0.00","3.59","0.00","0.00","0.00","3.59","0.00","0.00","3.59","Compound","13435","G:13435","Global","0.00","0.00","0.00","0.00","0.00","0.00","0.00","0.00","0.00","1","Unpaid","0.00","0.00","0.00","04/27/2013","3.59","0.00","0.00","0.00","0.00"
"1579","1","0.00","0.00","0.00","0.00","0.00","0.00","0.34","0.00","0.00","0.00","0.34","0.00","0.00","0.34","Compound","13436","G:13436","Global","0.00","0.00","0.00","0.00","0.00","0.00","0.00","0.00","0.00","1","Unpaid","0.00","0.00","0.00","04/27/2013","0.34","0.00","0.00","0.00","0.00"
"1398","1","0.00","0.00","0.00","0.00","0.00","0.00","6.12","0.00","0.00","0.00","6.12","0.00","0.00","6.12","Compound","13437","G:13437","Global","0.00","0.00","0.00","0.00","0.00","0.00","0.00","0.00","0.00","1","Unpaid","0.00","0.00","0.00","04/27/2013","6.12","0.00","0.00","0.00","0.00"
"1682","1","0.00","0.00","0.00","0.00","0.00","0.00","6.50","0.00","0.00","0.00","6.50","0.00","0.00","31.53","Compound","13438","G:13438","Global","0.00","0.00","0.00","0.00","25.03","0.00","0.00","0.00","25.03","1","Partially Paid","0.00","0.00","0.00","04/27/2013","31.53","0.00","0.00","0.00","0.00","1683","1","","Open","0.00","0.00","0","25.03","Unknown","0","04/27/2013","Payment","PAY","25.03","(25.03)"
"1560","1","387.16","403.61","387.16","403.61","0.00","0.00","27.05","16.45","0.00","16.45","430.66","0.00","0.00","27.05","Compound","13439","G:13439","Global","0.00","0.00","0.00","0.00","0.00","0.00","0.00","0.00","0.00","1","Unpaid","16.45","0.00","16.45","04/27/2013","430.66","0.00","0.00","0.00","0.00"
"1399","1","0.00","0.00","0.00","0.00","0.00","0.00","1.28","0.00","0.00","0.00","1.28","0.00","0.00","1.28","Compound","13440","G:13440","Global","0.00","0.00","0.00","0.00","0.00","0.00","0.00","0.00","0.00","1","Unpaid","0.00","0.00","0.00","04/27/2013","1.28","0.00","0.00","0.00","0.00"
"1609","1","0.00","0.00","0.00","0.00","0.00","0.00","20.88","0.00","0.00","0.00","20.88","0.00","0.00","20.88","Compound","13441","G:13441","Global","0.00","0.00","0.00","0.00","0.00","0.00","0.00","0.00","0.00","1","Unpaid","0.00","0.00","0.00","04/27/2013","20.88","0.00","0.00","0.00","0.00"
"1726","1","0.00","0.00","0.00","0.00","0.00","0.00","20.67","0.00","0.00","0.00","20.67","0.00","0.00","20.67","Compound","13442","G:13442","Global","0.00","0.00","0.00","0.00","0.00","0.00","0.00","0.00","0.00","1","Unpaid","0.00","0.00","0.00","04/27/2013","20.67","0.00","0.00","0.00","0.00"
"1610","1","0.00","0.00","0.00","0.00","0.00","0.00","2.00","0.00","0.00","0.00","2.00","0.00","0.00","6.04","Compound","13443","G:13443","Global","0.00","0.00","0.00","0.00","4.04","0.00","0.00","0.00","4.04","1","Partially Paid","0.00","0.00","0.00","04/27/2013","6.04","0.00","0.00","0.00","0.00","1860","1","","Open","0.00","0.00","0","4.04","Unknown","0","04/28/2013","Credit","CRED","4.04","(4.04)"
"1400","1","0.00","0.00","0.00","0.00","0.00","0.00","0.00","0.00","0.00","0.00","0.00","0.00","0.00","0.32","Compound","13444","G:13444","Global","0.00","0.00","0.00","0.00","0.32","0.00","0.00","0.00","0.32","1","Paid in Full","0.00","0.00","0.00","04/27/2013","0.32","0.00","0.00","0.00","0.00","1401","1","","Open","0.00","0.00","0","0.32","Unknown","0","04/27/2013","Payment","PAY","0.32","(0.32)"
"1439","1","0.00","0.00","0.00","0.00","0.00","0.00","3.80","0.00","0.00","0.00","3.80","0.00","0.00","3.80","Compound","13445","G:13445","Global","0.00","0.00","0.00","0.00","0.00","0.00","0.00","0.00","0.00","1","Unpaid","0.00","0.00","0.00","04/27/2013","3.80","0.00","0.00","0.00","0.00"
"1525","1","0.00","0.00","0.00","0.00","0.00","0.00","8.16","0.00","0.00","0.00","8.16","0.00","0.00","8.16","Compound","13446","G:13446","Global","0.00","0.00","0.00","0.00","0.00","0.00","0.00","0.00","0.00","1","Unpaid","0.00","0.00","0.00","04/27/2013","8.16","0.00","0.00","0.00","0.00"
"1456","1","0.00","0.00","0.00","0.00","0.00","0.00","2.25","0.00","0.00","0.00","2.25","0.00","0.00","2.25","Compound","13447","G:13447","Global","0.00","0.00","0.00","0.00","0.00","0.00","0.00","0.00","0.00","1","Unpaid","0.00","0.00","0.00","04/27/2013","2.25","0.00","0.00","0.00","0.00"
"1486","1","0.00","0.00","0.00","0.00","0.00","0.00","8.96","0.00","0.00","0.00","8.96","0.00","0.00","8.96","Compound","13448","G:13448","Global","0.00","0.00","0.00","0.00","0.00","0.00","0.00","0.00","0.00","1","Unpaid","0.00","0.00","0.00","04/27/2013","8.96","0.00","0.00","0.00","0.00"
"1339","1","0.00","0.00","0.00","0.00","0.00","0.00","0.00","0.00","0.00","0.00","0.00","0.00","0.00","1.13","Compound","13449","G:13449","Global","0.00","0.00","0.00","0.00","1.13","0.00","0.00","0.00","1.13","1","Paid in Full","0.00","0.00","0.00","04/27/2013","1.13","0.00","0.00","0.00","0.00","3618","1","","Open","0.00","0.00","0","1.13","Unknown","0","07/28/2013","Credit","CRED","7.07","(7.07)"
"1712","1","0.00","0.00","0.00","0.00","0.00","0.00","10.12","0.00","0.00","0.00","10.12","0.00","0.00","35.15","Compound","13450","G:13450","Global","0.00","0.00","0.00","0.00","25.03","0.00","0.00","0.00","25.03","1","Partially Paid","0.00","0.00","0.00","04/27/2013","35.15","0.00","0.00","0.00","0.00","1713","1","","Open","0.00","0.00","0","25.03","Unknown","0","04/27/2013","Payment","PAY","25.03","(25.03)"
"1340","1","0.00","0.00","0.00","0.00","0.00","0.00","1.96","0.00","0.00","0.00","1.96","0.00","0.00","1.96","Compound","13451","G:13451","Global","0.00","0.00","0.00","0.00","0.00","0.00","0.00","0.00","0.00","1","Unpaid","0.00","0.00","0.00","04/27/2013","1.96","0.00","0.00","0.00","0.00"
"1526","1","0.00","0.00","0.00","0.00","0.00","0.00","280.10","0.00","0.00","0.00","280.10","0.00","0.00","280.10","Compound","13452","G:13452","Global","0.00","0.00","0.00","0.00","0.00","0.00","0.00","0.00","0.00","1","Unpaid","0.00","0.00","0.00","04/27/2013","280.10","0.00","0.00","0.00","0.00"
"1487","1","0.00","0.00","0.00","0.00","0.00","0.00","3.58","0.00","0.00","0.00","3.58","0.00","0.00","3.58","Compound","13453","G:13453","Global","0.00","0.00","0.00","0.00","0.00","0.00","0.00","0.00","0.00","1","Unpaid","0.00","0.00","0.00","04/27/2013","3.58","0.00","0.00","0.00","0.00"
"1341","1","0.00","0.00","0.00","0.00","0.00","0.00","0.00","0.00","0.00","0.00","0.00","0.00","0.00","1.53","Compound","13454","G:13454","Global","0.00","0.00","0.00","0.00","1.53","0.00","0.00","0.00","1.53","1","Paid in Full","0.00","0.00","0.00","04/27/2013","1.53","0.00","0.00","0.00","0.00","1342","1","","Open","0.00","0.00","0","1.53","Unknown","0","04/27/2013","Payment","PAY","1.53","(1.53)"
"1488","1","0.00","0.00","0.00","0.00","0.00","0.00","9.31","0.00","0.00","0.00","9.31","0.00","0.00","9.31","Compound","13455","G:13455","Global","0.00","0.00","0.00","0.00","0.00","0.00","0.00","0.00","0.00","1","Unpaid","0.00","0.00","0.00","04/27/2013","9.31","0.00","0.00","0.00","0.00"
"1360","1","0.00","0.00","0.00","0.00","0.00","0.00","1.82","0.00","0.00","0.00","1.82","0.00","0.00","1.82","Compound","13456","G:13456","Global","0.00","0.00","0.00","0.00","0.00","0.00","0.00","0.00","0.00","1","Unpaid","0.00","0.00","0.00","04/27/2013","1.82","0.00","0.00","0.00","0.00"
"1489","1","0.00","0.00","0.00","0.00","0.00","0.00","3.33","0.00","0.00","0.00","3.33","0.00","0.00","3.33","Compound","13457","G:13457","Global","0.00","0.00","0.00","0.00","0.00","0.00","0.00","0.00","0.00","1","Unpaid","0.00","0.00","0.00","04/27/2013","3.33","0.00","0.00","0.00","0.00"
"1405","1","0.00","0.00","0.00","0.00","0.00","0.00","7.75","0.00","0.00","0.00","7.75","0.00","0.00","7.75","Compound","13458","G:13458","Global","0.00","0.00","0.00","0.00","0.00","0.00","0.00","0.00","0.00","1","Unpaid","0.00","0.00","0.00","04/27/2013","7.75","0.00","0.00","0.00","0.00"
"1630","1","0.00","0.00","0.00","0.00","0.00","0.00","5.20","0.00","0.00","0.00","5.20","0.00","0.00","9.24","Compound","13459","G:13459","Global","0.00","0.00","0.00","0.00","4.04","0.00","0.00","0.00","4.04","1","Partially Paid","0.00","0.00","0.00","04/27/2013","9.24","0.00","0.00","0.00","0.00","1862","1","","Open","0.00","0.00","0","4.04","Unknown","0","04/28/2013","Credit","CRED","4.04","(4.04)"
"1611","1","0.00","0.00","0.00","0.00","0.00","0.00","0.00","0.00","0.00","0.00","0.00","0.00","0.00","4.42","Compound","13460","G:13460","Global","0.00","0.00","0.00","0.00","4.42","0.00","0.00","0.00","4.42","1","Paid in Full","0.00","0.00","0.00","04/27/2013","4.42","0.00","0.00","0.00","0.00","1612","1","","Open","0.00","0.00","0","4.42","Unknown","0","04/27/2013","Payment","PAY","4.42","(4.42)"
"1528","1","0.00","0.00","0.00","0.00","0.00","0.00","0.00","0.00","0.00","0.00","0.00","0.00","0.00","10.44","Compound","13461","G:13461","Global","0.00","0.00","0.00","0.00","10.44","0.00","0.00","0.00","10.44","1","Paid in Full","0.00","0.00","0.00","04/27/2013","10.44","0.00","0.00","0.00","0.00","1529","1","","Open","0.00","0.00","0","10.44","Unknown","0","04/27/2013","Payment","PAY","10.44","(10.44)"
"1490","1","0.00","0.00","0.00","0.00","0.00","0.00","4.66","0.00","0.00","0.00","4.66","0.00","0.00","4.66","Compound","13462","G:13462","Global","0.00","0.00","0.00","0.00","0.00","0.00","0.00","0.00","0.00","1","Unpaid","0.00","0.00","0.00","04/27/2013","4.66","0.00","0.00","0.00","0.00"
"1440","1","0.00","0.00","0.00","0.00","0.00","0.00","0.80","0.00","0.00","0.00","0.80","0.00","0.00","0.80","Compound","13463","G:13463","Global","0.00","0.00","0.00","0.00","0.00","0.00","0.00","0.00","0.00","1","Unpaid","0.00","0.00","0.00","04/27/2013","0.80","0.00","0.00","0.00","0.00"
"1499","1","0.00","0.00","0.00","0.00","0.00","0.00","6.99","0.00","0.00","0.00","6.99","0.00","0.00","6.99","Compound","13464","G:13464","Global","0.00","0.00","0.00","0.00","0.00","0.00","0.00","0.00","0.00","1","Unpaid","0.00","0.00","0.00","04/27/2013","6.99","0.00","0.00","0.00","0.00"
"1561","1","0.00","0.00","0.00","0.00","0.00","0.00","0.00","0.00","0.00","0.00","0.00","0.00","0.00","6.58","Compound","13465","G:13465","Global","0.00","0.00","0.00","0.00","6.58","0.00","0.00","0.00","6.58","1","Paid in Full","0.00","0.00","0.00","04/27/2013","6.58","0.00","0.00","0.00","0.00","1562","1","","Open","0.00","0.00","0","6.58","Unknown","0","04/27/2013","Payment","PAY","6.58","(6.58)"
"1727","1","0.00","0.00","0.00","0.00","0.00","0.00","0.16","0.00","0.00","0.00","0.16","0.00","0.00","0.16","Compound","13466","G:13466","Global","0.00","0.00","0.00","0.00","0.00","0.00","0.00","0.00","0.00","1","Unpaid","0.00","0.00","0.00","04/27/2013","0.16","0.00","0.00","0.00","0.00"
"1730","1","0.00","0.00","0.00","0.00","0.00","0.00","0.00","0.00","0.00","0.00","0.00","0.00","0.00","3.10","Compound","13467","G:13467","Global","0.00","0.00","0.00","0.00","3.10","0.00","0.00","0.00","3.10","1","Paid in Full","0.00","0.00","0.00","04/27/2013","3.10","0.00","0.00","0.00","0.00","1863","1","","Open","0.00","0.00","0","3.10","Unknown","0","04/28/2013","Credit","CRED","4.04","(4.04)"
"1457","1","0.00","0.00","0.00","0.00","0.00","0.00","7.66","0.00","0.00","0.00","7.66","0.00","0.00","7.66","Compound","13468","G:13468","Global","0.00","0.00","0.00","0.00","0.00","0.00","0.00","0.00","0.00","1","Unpaid","0.00","0.00","0.00","04/27/2013","7.66","0.00","0.00","0.00","0.00"
"1553","1","0.00","0.00","0.00","0.00","0.00","0.00","12.34","0.00","0.00","0.00","12.34","0.00","0.00","12.34","Compound","13469","G:13469","Global","0.00","0.00","0.00","0.00","0.00","0.00","0.00","0.00","0.00","1","Unpaid","0.00","0.00","0.00","04/27/2013","12.34","0.00","0.00","0.00","0.00"
"1684","1","0.00","0.00","0.00","0.00","0.00","0.00","4.43","0.00","0.00","0.00","4.43","0.00","0.00","4.43","Compound","13470","G:13470","Global","0.00","0.00","0.00","0.00","0.00","0.00","0.00","0.00","0.00","1","Unpaid","0.00","0.00","0.00","04/27/2013","4.43","0.00","0.00","0.00","0.00"
"1502","1","0.00","0.00","0.00","0.00","0.00","0.00","0.00","0.00","0.00","0.00","0.00","0.00","0.00","7.13","Compound","13471","G:13471","Global","0.00","0.00","0.00","0.00","7.13","0.00","0.00","0.00","7.13","1","Paid in Full","0.00","0.00","0.00","04/27/2013","7.13","0.00","0.00","0.00","0.00","1503","1","","Open","0.00","0.00","0","7.13","Unknown","0","04/27/2013","Payment","PAY","7.13","(7.13)"
"1584","1","0.00","0.00","0.00","0.00","0.00","0.00","4.24","0.00","0.00","0.00","4.24","0.00","0.00","4.24","Compound","13472","G:13472","Global","0.00","0.00","0.00","0.00","0.00","0.00","0.00","0.00","0.00","1","Unpaid","0.00","0.00","0.00","04/27/2013","4.24","0.00","0.00","0.00","0.00"
"1701","1","0.00","0.00","0.00","0.00","0.00","0.00","0.99","0.00","0.00","0.00","0.99","0.00","0.00","0.99","Compound","13473","G:13473","Global","0.00","0.00","0.00","0.00","0.00","0.00","0.00","0.00","0.00","1","Unpaid","0.00","0.00","0.00","04/27/2013","0.99","0.00","0.00","0.00","0.00"
"1554","1","0.00","0.00","0.00","0.00","0.00","0.00","6.80","0.00","0.00","0.00","6.80","0.00","0.00","6.80","Compound","13474","G:13474","Global","0.00","0.00","0.00","0.00","0.00","0.00","0.00","0.00","0.00","1","Unpaid","0.00","0.00","0.00","04/27/2013","6.80","0.00","0.00","0.00","0.00"
"1406","1","0.00","0.00","0.00","0.00","0.00","0.00","0.78","0.00","0.00","0.00","0.78","0.00","0.00","4.82","Compound","13475","G:13475","Global","0.00","0.00","0.00","0.00","4.04","0.00","0.00","0.00","4.04","1","Partially Paid","0.00","0.00","0.00","04/27/2013","4.82","0.00","0.00","0.00","0.00","1864","1","","Open","0.00","0.00","0","4.04","Unknown","0","04/28/2013","Credit","CRED","4.04","(4.04)"
"1491","1","0.00","0.00","0.00","0.00","0.00","0.00","0.00","0.00","0.00","0.00","0.00","0.00","0.00","0.21","Compound","13476","G:13476","Global","0.00","0.00","0.00","0.00","0.21","0.00","0.00","0.00","0.21","1","Paid in Full","0.00","0.00","0.00","04/27/2013","0.21","0.00","0.00","0.00","0.00","1492","1","","Open","0.00","0.00","0","0.21","Unknown","0","04/27/2013","Payment","PAY","0.21","(0.21)"
"1493","1","0.00","0.00","0.00","0.00","0.00","0.00","0.00","0.00","0.00","0.00","0.00","0.00","0.00","3.01","Compound","13477","G:13477","Global","0.00","0.00","0.00","0.00","3.01","0.00","0.00","0.00","3.01","1","Paid in Full","0.00","0.00","0.00","04/27/2013","3.01","0.00","0.00","0.00","0.00","1494","1","","Open","0.00","0.00","0","3.01","Unknown","0","04/27/2013","Payment","PAY","3.01","(3.01)"
"1555","1","0.00","0.00","0.00","0.00","0.00","0.00","10.00","0.00","0.00","0.00","10.00","0.00","0.00","10.00","Compound","13478","G:13478","Global","0.00","0.00","0.00","0.00","0.00","0.00","0.00","0.00","0.00","1","Unpaid","0.00","0.00","0.00","04/27/2013","10.00","0.00","0.00","0.00","0.00"
"1343","1","0.00","0.00","0.00","0.00","0.00","0.00","11.70","0.00","0.00","0.00","11.70","0.00","0.00","11.70","Compound","13479","G:13479","Global","0.00","0.00","0.00","0.00","0.00","0.00","0.00","0.00","0.00","1","Unpaid","0.00","0.00","0.00","04/27/2013","11.70","0.00","0.00","0.00","0.00"
"1661","1","0.00","0.00","0.00","0.00","0.00","0.00","9.70","0.00","0.00","0.00","9.70","0.00","0.00","9.70","Compound","13480","G:13480","Global","0.00","0.00","0.00","0.00","0.00","0.00","0.00","0.00","0.00","1","Unpaid","0.00","0.00","0.00","04/27/2013","9.70","0.00","0.00","0.00","0.00"
"1344","1","0.00","0.00","0.00","0.00","0.00","0.00","0.00","0.00","0.00","0.00","0.00","0.00","0.00","3.82","Compound","13481","G:13481","Global","0.00","0.00","0.00","0.00","3.82","0.00","0.00","0.00","3.82","1","Paid in Full","0.00","0.00","0.00","04/27/2013","3.82","0.00","0.00","0.00","0.00","1345","1","","Open","0.00","0.00","0","3.82","Unknown","0","04/27/2013","Payment","PAY","3.82","(3.82)"
"1685","1","0.00","0.00","0.00","0.00","0.00","0.00","2.30","0.00","0.00","0.00","2.30","0.00","0.00","2.30","Compound","13482","G:13482","Global","0.00","0.00","0.00","0.00","0.00","0.00","0.00","0.00","0.00","1","Unpaid","0.00","0.00","0.00","04/27/2013","2.30","0.00","0.00","0.00","0.00"
"1346","1","0.00","0.00","0.00","0.00","0.00","0.00","0.00","0.00","0.00","0.00","0.00","0.00","0.00","3.57","Compound","13483","G:13483","Global","0.00","0.00","0.00","0.00","3.57","0.00","0.00","0.00","3.57","1","Paid in Full","0.00","0.00","0.00","04/27/2013","3.57","0.00","0.00","0.00","0.00","1865","1","","Open","0.00","0.00","0","3.57","Unknown","0","04/28/2013","Credit","CRED","4.04","(4.04)"
"1441","1","0.00","0.00","0.00","0.00","0.00","0.00","317.80","0.00","0.00","0.00","317.80","0.00","0.00","317.80","Compound","13484","G:13484","Global","0.00","0.00","0.00","0.00","0.00","0.00","0.00","0.00","0.00","1","Unpaid","0.00","0.00","0.00","04/27/2013","317.80","0.00","0.00","0.00","0.00"
"1367","1","0.00","0.00","0.00","0.00","0.00","0.00","4.47","0.00","0.00","0.00","4.47","0.00","0.00","4.47","Compound","13485","G:13485","Global","0.00","0.00","0.00","0.00","0.00","0.00","0.00","0.00","0.00","1","Unpaid","0.00","0.00","0.00","04/27/2013","4.47","0.00","0.00","0.00","0.00"
"1664","1","0.00","0.00","0.00","0.00","0.00","0.00","1.45","0.00","0.00","0.00","1.45","0.00","0.00","1.45","Compound","13486","G:13486","Global","0.00","0.00","0.00","0.00","0.00","0.00","0.00","0.00","0.00","1","Unpaid","0.00","0.00","0.00","04/27/2013","1.45","0.00","0.00","0.00","0.00"
"1530","1","0.00","0.00","0.00","0.00","0.00","0.00","0.00","0.00","0.00","0.00","0.00","0.00","0.00","6.12","Compound","13487","G:13487","Global","0.00","0.00","0.00","0.00","6.12","0.00","0.00","0.00","6.12","1","Paid in Full","0.00","0.00","0.00","04/27/2013","6.12","0.00","0.00","0.00","0.00","1531","1","","Open","0.00","0.00","0","6.12","Unknown","0","04/27/2013","Payment","PAY","6.12","(6.12)"
"1495","1","0.00","0.00","0.00","0.00","0.00","0.00","10.28","0.00","0.00","0.00","10.28","0.00","0.00","10.28","Compound","13488","G:13488","Global","0.00","0.00","0.00","0.00","0.00","0.00","0.00","0.00","0.00","1","Unpaid","0.00","0.00","0.00","04/27/2013","10.28","0.00","0.00","0.00","0.00"
"1669","1","0.00","0.00","0.00","0.00","0.00","0.00","9.90","0.00","0.00","0.00","9.90","0.00","0.00","9.90","Compound","13489","G:13489","Global","0.00","0.00","0.00","0.00","0.00","0.00","0.00","0.00","0.00","1","Unpaid","0.00","0.00","0.00","04/27/2013","9.90","0.00","0.00","0.00","0.00"
"1702","1","0.00","0.00","0.00","0.00","0.00","0.00","2.46","0.00","0.00","0.00","2.46","0.00","0.00","2.46","Compound","13490","G:13490","Global","0.00","0.00","0.00","0.00","0.00","0.00","0.00","0.00","0.00","1","Unpaid","0.00","0.00","0.00","04/27/2013","2.46","0.00","0.00","0.00","0.00"
"1442","1","0.00","0.00","0.00","0.00","0.00","0.00","6.42","0.00","0.00","0.00","6.42","0.00","0.00","6.42","Compound","13491","G:13491","Global","0.00","0.00","0.00","0.00","0.00","0.00","0.00","0.00","0.00","1","Unpaid","0.00","0.00","0.00","04/27/2013","6.42","0.00","0.00","0.00","0.00"
"1585","1","0.00","0.00","0.00","0.00","0.00","0.00","2.04","0.00","0.00","0.00","2.04","0.00","0.00","6.08","Compound","13492","G:13492","Global","0.00","0.00","0.00","0.00","4.04","0.00","0.00","0.00","4.04","1","Partially Paid","0.00","0.00","0.00","04/27/2013","6.08","0.00","0.00","0.00","0.00","1866","1","","Open","0.00","0.00","0","4.04","Unknown","0","04/28/2013","Credit","CRED","4.04","(4.04)"
"1352","1","0.00","0.00","0.00","0.00","0.00","0.00","0.00","0.00","0.00","0.00","0.00","0.00","0.00","10.48","Compound","13493","G:13493","Global","0.00","0.00","0.00","0.00","10.48","0.00","0.00","0.00","10.48","1","Paid in Full","0.00","0.00","0.00","04/27/2013","10.48","0.00","0.00","0.00","0.00","1240","1","","Open","0.00","0.00","0","10.48","Unknown","0","03/28/2013","Payment","PAY","13.03","(13.03)"
"1350","1","0.00","0.00","0.00","0.00","0.00","0.00","6.91","0.00","0.00","0.00","6.91","0.00","0.00","6.91","Compound","13494","G:13494","Global","0.00","0.00","0.00","0.00","0.00","0.00","0.00","0.00","0.00","1","Unpaid","0.00","0.00","0.00","04/27/2013","6.91","0.00","0.00","0.00","0.00"
"1351","1","0.00","0.00","0.00","0.00","0.00","0.00","4.87","0.00","0.00","0.00","4.87","0.00","0.00","4.87","Compound","13495","G:13495","Global","0.00","0.00","0.00","0.00","0.00","0.00","0.00","0.00","0.00","1","Unpaid","0.00","0.00","0.00","04/27/2013","4.87","0.00","0.00","0.00","0.00"
"1348","1","0.00","0.00","0.00","0.00","0.00","0.00","0.76","0.00","0.00","0.00","0.76","0.00","0.00","0.76","Compound","13496","G:13496","Global","0.00","0.00","0.00","0.00","0.00","0.00","0.00","0.00","0.00","1","Unpaid","0.00","0.00","0.00","04/27/2013","0.76","0.00","0.00","0.00","0.00"
"1349","1","0.00","0.00","0.00","0.00","0.00","0.00","4.72","0.00","0.00","0.00","4.72","0.00","0.00","4.72","Compound","13497","G:13497","Global","0.00","0.00","0.00","0.00","0.00","0.00","0.00","0.00","0.00","1","Unpaid","0.00","0.00","0.00","04/27/2013","4.72","0.00","0.00","0.00","0.00"
"1353","1","0.00","0.00","0.00","0.00","0.00","0.00","0.00","0.00","0.00","0.00","0.00","0.00","0.00","24.82","Compound","13498","G:13498","Global","0.00","0.00","0.00","0.00","24.82","0.00","0.00","0.00","24.82","1","Paid in Full","0.00","0.00","0.00","04/27/2013","24.82","0.00","0.00","0.00","0.00","1354","1","","Open","0.00","0.00","0","24.82","Unknown","0","04/27/2013","Payment","PAY","24.82","(24.82)"
"1498","1","0.00","0.00","0.00","0.00","0.00","0.00","14.27","0.00","0.00","0.00","14.27","0.00","0.00","14.27","Compound","13499","G:13499","Global","0.00","0.00","0.00","0.00","0.00","0.00","0.00","0.00","0.00","1","Unpaid","0.00","0.00","0.00","04/27/2013","14.27","0.00","0.00","0.00","0.00"
"1556","1","0.00","0.00","0.00","0.00","0.00","0.00","19.47","0.00","0.00","0.00","19.47","0.00","0.00","19.47","Compound","13500","G:13500","Global","0.00","0.00","0.00","0.00","0.00","0.00","0.00","0.00","0.00","1","Unpaid","0.00","0.00","0.00","04/27/2013","19.47","0.00","0.00","0.00","0.00"
"1309","1","0.00","0.00","0.00","0.00","0.00","0.00","0.00","0.00","0.00","0.00","0.00","0.00","0.00","0.76","Compound","13501","G:13501","Global","0.00","0.00","0.00","0.00","0.76","0.00","0.00","0.00","0.76","1","Paid in Full","0.00","0.00","0.00","04/27/2013","0.76","0.00","0.00","0.00","0.00","1812","1","","Open","0.00","0.00","0","0.76","Visa","0","04/28/2013","Payment","PAY","431.04","(431.04)"
"1671","1","0.00","0.00","0.00","0.00","0.00","0.00","0.00","0.00","0.00","0.00","0.00","0.00","0.00","7.67","Compound","13502","G:13502","Global","0.00","0.00","0.00","0.00","7.67","0.00","0.00","0.00","7.67","1","Paid in Full","0.00","0.00","0.00","04/27/2013","7.67","0.00","0.00","0.00","0.00","1672","1","","Open","0.00","0.00","0","7.67","Unknown","0","04/27/2013","Payment","PAY","7.67","(7.67)"
"1731","1","0.00","0.00","0.00","0.00","0.00","0.00","19.65","0.00","0.00","0.00","19.65","0.00","0.00","19.65","Compound","13503","G:13503","Global","0.00","0.00","0.00","0.00","0.00","0.00","0.00","0.00","0.00","1","Unpaid","0.00","0.00","0.00","04/27/2013","19.65","0.00","0.00","0.00","0.00"
"1613","1","0.00","0.00","0.00","0.00","0.00","0.00","15.92","0.00","0.00","0.00","15.92","0.00","0.00","15.92","Compound","13504","G:13504","Global","0.00","0.00","0.00","0.00","0.00","0.00","0.00","0.00","0.00","1","Unpaid","0.00","0.00","0.00","04/27/2013","15.92","0.00","0.00","0.00","0.00"
"1634","1","0.00","0.00","0.00","0.00","0.00","0.00","5.07","0.00","0.00","0.00","5.07","0.00","0.00","5.07","Compound","13505","G:13505","Global","0.00","0.00","0.00","0.00","0.00","0.00","0.00","0.00","0.00","1","Unpaid","0.00","0.00","0.00","04/27/2013","5.07","0.00","0.00","0.00","0.00"
"1658","1","0.00","0.00","0.00","0.00","2121.42","2206.27","16.81","0.00","84.85","84.85","2223.08","2125.30","2210.31","16.81","Compound","13506","G:13506","Global","0.00","0.00","3.88","4.04","0.00","0.00","0.16","0.16","4.04","1","Partially Paid","0.00","85.01","85.01","04/27/2013","2227.12","0.00","0.00","0.00","0.00","1868","1","","Open","0.00","4.04","0","0.00","Unknown","0","04/28/2013","Credit","CRED","4.04","(4.04)"
"1355","1","0.00","0.00","0.00","0.00","302.40","314.50","0.00","0.00","12.10","12.10","314.50","354.16","368.33","0.00","Compound","13507","G:13507","Global","0.00","0.00","51.76","53.83","0.00","0.00","2.07","2.07","53.83","1","Partially Paid","0.00","14.17","14.17","04/27/2013","368.33","0.00","0.00","0.00","0.00","252","1","339","Open","0.00","25.77","0","0.00","Check","0","01/28/2013","Payment","PAY","439.01","(439.01)","1287","1","","Open","0.00","3.03","0","0.00","Unknown","0","03/28/2013","Credit","CRED","3.03","(3.03)","1356","1","","Open","0.00","25.03","0","0.00","Unknown","0","04/27/2013","Payment","PAY","25.03","(25.03)"
"1357","1","0.00","0.00","0.00","0.00","380.64","395.87","0.00","0.00","15.23","15.23","395.87","406.64","422.91","0.00","Compound","13508","G:13508","Global","0.00","0.00","26.00","27.04","0.00","0.00","1.04","1.04","27.04","1","Partially Paid","0.00","16.27","16.27","04/27/2013","422.91","0.00","0.00","0.00","0.00","796","1","","Open","0.00","2.02","0","0.00","Unknown","0","02/28/2013","Credit","CRED","2.02","(2.02)","1358","1","","Open","0.00","25.02","0","0.00","Unknown","0","04/27/2013","Payment","PAY","25.02","(25.02)"
"1407","1","0.00","0.00","0.00","0.00","0.00","0.00","10.24","0.00","0.00","0.00","10.24","0.00","0.00","10.24","Compound","13509","G:13509","Global","0.00","0.00","0.00","0.00","0.00","0.00","0.00","0.00","0.00","1","Unpaid","0.00","0.00","0.00","04/27/2013","10.24","0.00","0.00","0.00","0.00"
"1557","1","0.00","0.00","0.00","0.00","939.61","977.20","0.00","0.00","37.59","37.59","977.20","1243.42","1293.16","0.00","Compound","13510","G:13510","Global","0.00","0.00","303.81","315.96","0.00","0.00","12.15","12.15","315.96","1","Partially Paid","0.00","49.74","49.74","04/27/2013","1293.16","0.00","0.00","0.00","0.00","1233","1","","Open","0.00","315.96","0","0.00","American Express","0","03/28/2013","Payment","PAY","442.03","(442.03)"
"1458","1","0.00","0.00","0.00","0.00","0.00","0.00","0.00","0.00","0.00","0.00","0.00","121.24","126.09","0.00","Compound","13511","G:13511","Global","0.00","0.00","121.24","126.09","0.00","0.00","4.85","4.85","126.09","1","Paid in Full","0.00","4.85","4.85","04/27/2013","126.09","0.00","0.00","0.00","0.00","742","1","","Open","0.00","126.09","0","0.00","Cash","0","02/28/2013","Payment","PAY","443.02","(443.02)"
"1558","1","0.00","0.00","0.00","0.00","127.29","132.38","0.00","0.00","5.09","5.09","132.38","224.49","233.47","0.00","Compound","13512","G:13512","Global","0.00","0.00","97.20","101.09","0.00","0.00","3.89","3.89","101.09","1","Partially Paid","0.00","8.98","8.98","04/27/2013","233.47","0.00","0.00","0.00","0.00","253","1","344","Open","0.00","101.09","0","0.00","Check","0","01/28/2013","Payment","PAY","444.01","(444.01)"
"1408","1","0.00","0.00","0.00","0.00","305.69","317.92","5.53","0.00","12.23","12.23","323.45","329.76","342.95","5.53","Compound","13513","G:13513","Global","0.00","0.00","24.07","25.03","0.00","0.00","0.96","0.96","25.03","1","Partially Paid","0.00","13.19","13.19","04/27/2013","348.48","0.00","0.00","0.00","0.00","1409","1","","Open","0.00","25.03","0","0.00","Unknown","0","04/27/2013","Payment","PAY","25.03","(25.03)"
"1624","1","0.00","0.00","0.00","0.00","204.62","212.81","3.67","0.00","8.19","8.19","216.48","657.57","683.87","3.67","Compound","13514","G:13514","Global","0.00","0.00","452.95","471.06","0.00","0.00","18.11","18.11","471.06","1","Partially Paid","0.00","26.30","26.30","04/27/2013","687.54","0.00","0.00","0.00","0.00","1625","1","","Open","0.00","25.02","0","0.00","Unknown","0","04/27/2013","Payment","PAY","25.02","(25.02)","1815","1","","Open","0.00","446.04","0","0.00","Visa","0","04/28/2013","Payment","PAY","446.04","(446.04)"
"1532","1","0.00","0.00","0.00","0.00","0.00","0.00","326.48","0.00","0.00","0.00","326.48","437.09","454.57","347.99","Compound","13515","G:13515","Global","0.00","0.00","437.09","454.57","21.51","0.00","17.48","17.48","476.08","1","Partially Paid","0.00","17.48","17.48","04/27/2013","802.56","0.00","0.00","0.00","0.00","1234","1","","Open","0.00","447.03","0","0.00","American Express","0","03/28/2013","Payment","PAY","447.03","(447.03)","1533","1","","Open","0.00","7.54","0","17.47","Unknown","0","04/27/2013","Payment","PAY","25.01","(25.01)","1869","1","","Open","0.00","0.00","0","4.04","Unknown","0","04/28/2013","Credit","CRED","4.04","(4.04)"
"1500","1","0.00","0.00","0.00","0.00","0.00","0.00","4.33","0.00","0.00","0.00","4.33","0.00","0.00","4.33","Compound","13516","G:13516","Global","0.00","0.00","0.00","0.00","0.00","0.00","0.00","0.00","0.00","1","Unpaid","0.00","0.00","0.00","04/27/2013","4.33","0.00","0.00","0.00","0.00"
"1359","1","0.00","0.00","0.00","0.00","0.00","0.00","6.63","0.00","0.00","0.00","6.63","0.00","0.00","6.63","Compound","13517","G:13517","Global","0.00","0.00","0.00","0.00","0.00","0.00","0.00","0.00","0.00","1","Unpaid","0.00","0.00","0.00","04/27/2013","6.63","0.00","0.00","0.00","0.00"
"1614","1","0.00","0.00","0.00","0.00","885.45","920.87","0.00","0.00","35.42","35.42","920.87","886.42","921.88","0.00","Compound","13518","G:13518","Global","0.00","0.00","0.97","1.01","0.00","0.00","0.04","0.04","1.01","1","Partially Paid","0.00","35.46","35.46","04/27/2013","921.88","0.00","0.00","0.00","0.00","308","1","","Open","0.00","1.01","0","0.00","Unknown","0","01/28/2013","Credit","CRED","1.01","(1.01)"
"1699","1","0.00","0.00","0.00","0.00","546.05","567.89","0.00","0.00","21.84","21.84","567.89","1003.81","1043.96","0.00","Compound","13519","G:13519","Global","0.00","0.00","457.76","476.07","0.00","0.00","18.31","18.31","476.07","1","Partially Paid","0.00","40.15","40.15","04/27/2013","1043.96","0.00","0.00","0.00","0.00","1700","1","","Open","0.00","25.03","0","0.00","Unknown","0","04/27/2013","Payment","PAY","25.03","(25.03)","1816","1","","Open","0.00","451.04","0","0.00","Visa","0","04/28/2013","Payment","PAY","451.04","(451.04)"
"2244","1","2002.57","2087.68","1988.24","2072.74","0.00","0.00","0.00","84.50","0.00","84.50","2072.74","0.00","0.00","15.15","Compound","13520","G:13520","Global","14.33","14.94","0.00","0.00","15.15","0.61","0.00","0.61","30.09","1","Partially Paid","85.11","0.00","85.11","05/27/2013","2102.83","0.00","0.00","0.00","0.00","2245","1","","Open","9.89","0.00","0","15.15","Unknown","0","05/27/2013","Payment","PAY","25.04","(25.04)","2413","1","","Open","5.05","0.00","0","0.00","Unknown","0","05/28/2013","Credit","CRED","5.05","(5.05)"
"2095","1","2232.67","2327.56","2216.36","2310.55","0.00","0.00","0.00","94.19","0.00","94.19","2310.55","0.00","0.00","13.08","Compound","13521","G:13521","Global","16.31","17.01","0.00","0.00","13.08","0.70","0.00","0.70","30.09","1","Partially Paid","94.89","0.00","94.89","05/27/2013","2340.64","0.00","0.00","0.00","0.00","2096","1","","Open","11.96","0.00","0","13.08","Unknown","0","05/27/2013","Payment","PAY","25.04","(25.04)","2414","1","","Open","5.05","0.00","0","0.00","Unknown","0","05/28/2013","Credit","CRED","5.05","(5.05)"
"2306","1","2464.88","2569.64","2068.88","2156.81","0.00","0.00","0.00","87.93","0.00","87.93","2156.81","0.00","0.00","5.41","Compound","13522","G:13522","Global","396.00","412.83","0.00","0.00","5.41","16.83","0.00","16.83","418.24","1","Partially Paid","104.76","0.00","104.76","05/27/2013","2575.05","0.00","0.00","0.00","0.00","2307","1","","Open","19.63","0.00","0","5.41","Unknown","0","05/27/2013","Payment","PAY","25.04","(25.04)","2415","1","","Open","5.05","0.00","0","0.00","Unknown","0","05/28/2013","Credit","CRED","5.05","(5.05)","3000","1","","Open","6.06","0.00","0","0.00","Unknown","0","06/28/2013","Credit","CRED","6.06","(6.06)","3586","1","","Open","7.07","0.00","0","0.00","Unknown","0","07/28/2013","Credit","CRED","7.07","(7.07)","4076","1","","Open","65.72","0.00","0","0.00","Debit Card","0","08/28/2013","Payment","PAY","103.08","(103.08)","4655","1","","Open","103.09","0.00","0","0.00","Electronic Transfer","0","09/28/2013","Payment","PAY","103.09","(103.09)","5234","1","","Open","103.10","0.00","0","0.00","Other 1","0","10/28/2013","Payment","PAY","103.10","(103.10)","5803","0","","Open","103.11","0.00","0","0.00","Other 2","0","11/28/2013","Payment","PAY","103.11","(103.11)"
"1947","1","401.41","418.47","352.69","367.67","0.00","0.00","0.00","14.98","0.00","14.98","367.67","0.00","0.00","7.87","Compound","13523","G:13523","Global","48.72","50.80","0.00","0.00","7.87","2.08","0.00","2.08","58.67","1","Partially Paid","17.06","0.00","17.06","05/27/2013","426.34","50.12","0.00","0.00","0.00","1948","1","","Open","17.17","0.00","0","7.87","Unknown","0","05/27/2013","Payment","PAY","25.04","(25.04)","2416","1","","Open","5.05","0.00","0","0.00","Unknown","0","05/28/2013","Credit","CRED","5.05","(5.05)","5804","0","","Open","28.58","0.00","0","0.00","Other 2","0","11/28/2013","Payment","PAY","104.11","(104.11)"
"1872","1","450.71","469.87","319.40","332.98","0.00","0.00","0.00","13.58","0.00","13.58","332.98","0.00","0.00","8.67","Compound","13524","G:13524","Global","131.31","136.89","0.00","0.00","8.67","5.58","0.00","5.58","145.56","1","Partially Paid","19.16","0.00","19.16","05/27/2013","478.54","0.00","0.00","0.00","0.00","1873","1","","Open","47.89","0.00","0","8.67","Unknown","0","05/27/2013","Payment","PAY","56.56","(56.56)","2417","1","","Open","5.05","0.00","0","0.00","Unknown","0","05/28/2013","Credit","CRED","5.05","(5.05)","5805","0","","Open","83.95","0.00","0","0.00","Other 2","0","11/28/2013","Payment","PAY","105.11","(105.11)"
"1954","1","369.60","385.31","369.60","385.31","0.00","0.00","3.04","15.71","0.00","15.71","388.35","0.00","0.00","3.04","Compound","13525","G:13525","Global","0.00","0.00","0.00","0.00","0.00","0.00","0.00","0.00","0.00","1","Unpaid","15.71","0.00","15.71","05/27/2013","388.35","50.12","0.00","0.00","0.00"
"2154","1","2523.78","2631.04","2523.78","2631.04","287.89","299.41","11.53","107.26","11.52","118.78","2941.98","287.89","299.41","11.53","Compound","13526","G:13526","Global","0.00","0.00","0.00","0.00","0.00","0.00","0.00","0.00","0.00","1","Unpaid","107.26","11.52","118.78","05/27/2013","2941.98","0.00","89.43","51.23","0.00"
"1877","1","1103.18","1150.07","1087.31","1133.53","332.91","346.23","0.00","46.22","13.32","59.54","1479.76","332.91","346.23","8.50","Compound","13527","G:13527","Global","15.87","16.54","0.00","0.00","8.50","0.67","0.00","0.67","25.04","1","Partially Paid","46.89","13.32","60.21","05/27/2013","1504.80","0.00","88.68","0.00","0.00","1878","1","","Open","16.54","0.00","0","8.50","Unknown","0","05/27/2013","Payment","PAY","25.04","(25.04)"
"2124","1","0.00","0.00","0.00","0.00","1381.43","1436.69","33.41","0.00","55.26","55.26","1470.10","1381.43","1436.69","33.41","Compound","13528","G:13528","Global","0.00","0.00","0.00","0.00","0.00","0.00","0.00","0.00","0.00","1","Unpaid","0.00","55.26","55.26","05/27/2013","1470.10","0.00","66.84","0.00","0.00"
"2271","1","1548.67","1614.49","1548.67","1614.49","0.00","0.00","11.55","65.82","0.00","65.82","1626.04","0.00","0.00","11.55","Compound","13529","G:13529","Global","0.00","0.00","0.00","0.00","0.00","0.00","0.00","0.00","0.00","1","Unpaid","65.82","0.00","65.82","05/27/2013","1626.04","0.00","0.00","0.00","0.00"
"2261","1","1774.57","1849.99","1774.57","1849.99","0.00","0.00","12.97","75.42","0.00","75.42","1862.96","0.00","0.00","12.97","Compound","13530","G:13530","Global","0.00","0.00","0.00","0.00","0.00","0.00","0.00","0.00","0.00","1","Unpaid","75.42","0.00","75.42","05/27/2013","1862.96","0.00","0.00","0.00","0.00"
"2027","1","2002.57","2087.68","2002.57","2087.68","0.00","0.00","14.62","85.11","0.00","85.11","2102.30","0.00","0.00","14.62","Compound","13531","G:13531","Global","0.00","0.00","0.00","0.00","0.00","0.00","0.00","0.00","0.00","1","Unpaid","85.11","0.00","85.11","05/27/2013","2102.30","0.00","0.00","0.00","0.00"
"2028","1","2232.67","2327.56","2232.67","2327.56","0.00","0.00","6.56","94.89","0.00","94.89","2334.12","0.00","0.00","11.61","Compound","13532","G:13532","Global","0.00","0.00","0.00","0.00","5.05","0.00","0.00","0.00","5.05","1","Partially Paid","94.89","0.00","94.89","05/27/2013","2339.17","0.00","0.00","0.00","0.00","2418","1","","Open","0.00","0.00","0","5.05","Unknown","0","05/28/2013","Credit","CRED","5.05","(5.05)"
"1994","1","2464.88","2569.64","2443.67","2547.53","0.00","0.00","0.00","103.86","0.00","103.86","2547.53","0.00","0.00","2.93","Compound","13533","G:13533","Global","21.21","22.11","0.00","0.00","2.93","0.90","0.00","0.90","25.04","1","Partially Paid","104.76","0.00","104.76","05/27/2013","2572.57","0.00","0.00","0.00","0.00","1995","1","","Open","22.11","0.00","0","2.93","Unknown","0","05/27/2013","Payment","PAY","25.04","(25.04)"
"2097","1","237.44","247.53","237.44","247.53","0.00","0.00","5.94","10.09","0.00","10.09","253.47","0.00","0.00","5.94","Compound","13534","G:13534","Global","0.00","0.00","0.00","0.00","0.00","0.00","0.00","0.00","0.00","1","Unpaid","10.09","0.00","10.09","05/27/2013","253.47","0.00","0.00","0.00","0.00"
"1996","1","450.71","469.87","439.39","458.07","0.00","0.00","0.00","18.68","0.00","18.68","458.07","0.00","0.00","4.14","Compound","13535","G:13535","Global","11.32","11.80","0.00","0.00","4.14","0.48","0.00","0.48","15.94","1","Partially Paid","19.16","0.00","19.16","05/27/2013","474.01","0.00","0.00","0.00","0.00","1997","1","","Open","11.80","0.00","0","4.14","Unknown","0","05/27/2013","Payment","PAY","15.94","(15.94)"
"2296","1","0.00","0.00","0.00","0.00","0.00","0.00","5.06","0.00","0.00","0.00","5.06","0.00","0.00","5.06","Compound","13536","G:13536","Global","0.00","0.00","0.00","0.00","0.00","0.00","0.00","0.00","0.00","1","Unpaid","0.00","0.00","0.00","05/27/2013","5.06","0.00","0.00","0.00","0.00"
"2049","1","883.60","921.15","883.60","921.15","0.00","0.00","7.45","37.55","0.00","37.55","928.60","0.00","0.00","7.45","Compound","13537","G:13537","Global","0.00","0.00","0.00","0.00","0.00","0.00","0.00","0.00","0.00","1","Unpaid","37.55","0.00","37.55","05/27/2013","928.60","0.00","0.00","0.00","0.00"
"2228","1","1103.18","1150.07","1103.18","1150.07","0.00","0.00","6.34","46.89","0.00","46.89","1156.41","0.00","0.00","6.34","Compound","13538","G:13538","Global","0.00","0.00","0.00","0.00","0.00","0.00","0.00","0.00","0.00","1","Unpaid","46.89","0.00","46.89","05/27/2013","1156.41","0.00","0.00","0.00","0.00"
"2029","1","0.00","0.00","0.00","0.00","0.00","0.00","0.00","0.00","0.00","0.00","0.00","0.00","0.00","14.27","Compound","13539","G:13539","Global","0.00","0.00","0.00","0.00","14.27","0.00","0.00","0.00","14.27","1","Paid in Full","0.00","0.00","0.00","05/27/2013","14.27","0.00","0.00","0.00","0.00","2030","1","","Open","0.00","0.00","0","14.27","Unknown","0","05/27/2013","Payment","PAY","14.27","(14.27)"
"2280","1","1548.67","1614.49","1548.67","1614.49","0.00","0.00","19.57","65.82","0.00","65.82","1634.06","0.00","0.00","19.57","Compound","13540","G:13540","Global","0.00","0.00","0.00","0.00","0.00","0.00","0.00","0.00","0.00","1","Unpaid","65.82","0.00","65.82","05/27/2013","1634.06","0.00","0.00","0.00","0.00"
"1879","1","0.00","0.00","0.00","0.00","0.00","0.00","3.12","0.00","0.00","0.00","3.12","0.00","0.00","8.17","Compound","13541","G:13541","Global","0.00","0.00","0.00","0.00","5.05","0.00","0.00","0.00","5.05","1","Partially Paid","0.00","0.00","0.00","05/27/2013","8.17","0.00","0.00","0.00","0.00","2419","1","","Open","0.00","0.00","0","5.05","Unknown","0","05/28/2013","Credit","CRED","5.05","(5.05)"
"1949","1","2002.57","2087.68","2002.57","2087.68","0.00","0.00","2.02","85.11","0.00","85.11","2089.70","0.00","0.00","2.04","Compound","13542","G:13542","Global","0.00","0.00","0.00","0.00","0.02","0.00","0.00","0.00","0.02","1","Partially Paid","85.11","0.00","85.11","05/27/2013","2089.72","0.00","0.00","0.00","0.00","1833","1","","Open","0.00","0.00","0","0.02","Unknown","0","04/28/2013","Credit","CRED","4.04","(4.04)"
"2098","1","2232.67","2327.56","2232.67","2327.56","0.00","0.00","11.63","94.89","0.00","94.89","2339.19","0.00","0.00","11.63","Compound","13543","G:13543","Global","0.00","0.00","0.00","0.00","0.00","0.00","0.00","0.00","0.00","1","Unpaid","94.89","0.00","94.89","05/27/2013","2339.19","0.00","0.00","0.00","0.00"
"1880","1","2464.88","2569.64","2464.88","2569.64","0.00","0.00","1.06","104.76","0.00","104.76","2570.70","0.00","0.00","1.06","Compound","13544","G:13544","Global","0.00","0.00","0.00","0.00","0.00","0.00","0.00","0.00","0.00","1","Unpaid","104.76","0.00","104.76","05/27/2013","2570.70","0.00","0.00","0.00","0.00"
"2179","1","237.44","247.53","223.97","233.49","0.00","0.00","0.00","9.52","0.00","9.52","233.49","0.00","0.00","11.00","Compound","13545","G:13545","Global","13.47","14.04","0.00","0.00","11.00","0.57","0.00","0.57","25.04","1","Partially Paid","10.09","0.00","10.09","05/27/2013","258.53","0.00","0.00","0.00","0.00","2180","1","","Open","14.04","0.00","0","11.00","Unknown","0","05/27/2013","Payment","PAY","25.04","(25.04)"
"2262","1","450.71","469.87","450.71","469.87","0.00","0.00","8.79","19.16","0.00","19.16","478.66","0.00","0.00","12.95","Compound","13546","G:13546","Global","0.00","0.00","0.00","0.00","4.16","0.00","0.00","0.00","4.16","1","Partially Paid","19.16","0.00","19.16","05/27/2013","482.82","0.00","0.00","0.00","0.00","2263","1","","Open","0.00","0.00","0","4.16","Unknown","0","05/27/2013","Payment","PAY","4.16","(4.16)"
"2317","1","0.00","0.00","0.00","0.00","0.00","0.00","9.47","0.00","0.00","0.00","9.47","0.00","0.00","9.47","Compound","13547","G:13547","Global","0.00","0.00","0.00","0.00","0.00","0.00","0.00","0.00","0.00","1","Unpaid","0.00","0.00","0.00","05/27/2013","9.47","0.00","0.00","0.00","0.00"
"2050","1","883.60","921.15","883.60","921.15","0.00","0.00","8.01","37.55","0.00","37.55","929.16","0.00","0.00","8.01","Compound","13548","G:13548","Global","0.00","0.00","0.00","0.00","0.00","0.00","0.00","0.00","0.00","1","Unpaid","37.55","0.00","37.55","05/27/2013","929.16","0.00","0.00","0.00","0.00"
"1999","1","1103.18","1150.07","1103.18","1150.07","0.00","0.00","5.66","46.89","0.00","46.89","1155.73","0.00","0.00","5.66","Compound","13549","G:13549","Global","0.00","0.00","0.00","0.00","0.00","0.00","0.00","0.00","0.00","1","Unpaid","46.89","0.00","46.89","05/27/2013","1155.73","0.00","0.00","0.00","0.00"
"1874","1","0.00","0.00","0.00","0.00","0.00","0.00","40.56","0.00","0.00","0.00","40.56","0.00","0.00","45.61","Compound","13550","G:13550","Global","0.00","0.00","0.00","0.00","5.05","0.00","0.00","0.00","5.05","1","Partially Paid","0.00","0.00","0.00","05/27/2013","45.61","0.00","0.00","0.00","0.00","2420","1","","Open","0.00","0.00","0","5.05","Unknown","0","05/28/2013","Credit","CRED","5.05","(5.05)"
"2125","1","1548.67","1614.49","1538.76","1604.16","0.00","0.00","0.00","65.40","0.00","65.40","1604.16","0.00","0.00","14.71","Compound","13551","G:13551","Global","9.91","10.33","0.00","0.00","14.71","0.42","0.00","0.42","25.04","1","Partially Paid","65.82","0.00","65.82","05/27/2013","1629.20","0.00","0.00","0.00","0.00","2126","1","","Open","10.33","0.00","0","14.71","Unknown","0","05/27/2013","Payment","PAY","25.04","(25.04)"
"2051","1","1774.57","1849.99","1774.57","1849.99","0.00","0.00","12.13","75.42","0.00","75.42","1862.12","0.00","0.00","14.18","Compound","13552","G:13552","Global","0.00","0.00","0.00","0.00","2.05","0.00","0.00","0.00","2.05","1","Partially Paid","75.42","0.00","75.42","05/27/2013","1864.17","0.00","0.00","0.00","0.00","2320","1","","Open","0.00","0.00","0","2.05","Unknown","0","05/28/2013","Write Off","WOFF","2.05","(2.05)"
"1881","1","2002.57","2087.68","2002.57","2087.68","0.00","0.00","9.37","85.11","0.00","85.11","2097.05","0.00","0.00","9.37","Compound","13553","G:13553","Global","0.00","0.00","0.00","0.00","0.00","0.00","0.00","0.00","0.00","1","Unpaid","85.11","0.00","85.11","05/27/2013","2097.05","0.00","0.00","0.00","0.00"
"2099","1","2232.67","2327.56","2232.67","2327.56","0.00","0.00","12.94","94.89","0.00","94.89","2340.50","0.00","0.00","12.94","Compound","13554","G:13554","Global","0.00","0.00","0.00","0.00","0.00","0.00","0.00","0.00","0.00","1","Unpaid","94.89","0.00","94.89","05/27/2013","2340.50","0.00","0.00","0.00","0.00"
"2207","1","2464.88","2569.64","2464.88","2569.64","0.00","0.00","6.50","104.76","0.00","104.76","2576.14","0.00","0.00","6.50","Compound","13555","G:13555","Global","0.00","0.00","0.00","0.00","0.00","0.00","0.00","0.00","0.00","1","Unpaid","104.76","0.00","104.76","05/27/2013","2576.14","0.00","0.00","0.00","0.00"
"2268","1","237.44","247.53","237.44","247.53","0.00","0.00","13.80","10.09","0.00","10.09","261.33","0.00","0.00","13.80","Compound","13556","G:13556","Global","0.00","0.00","0.00","0.00","0.00","0.00","0.00","0.00","0.00","1","Unpaid","10.09","0.00","10.09","05/27/2013","261.33","0.00","0.00","0.00","0.00"
"2093","1","450.71","469.87","433.25","451.67","0.00","0.00","0.00","18.42","0.00","18.42","451.67","0.00","0.00","6.84","Compound","13557","G:13557","Global","17.46","18.20","0.00","0.00","6.84","0.74","0.00","0.74","25.04","1","Partially Paid","19.16","0.00","19.16","05/27/2013","476.71","0.00","0.00","0.00","0.00","2094","1","","Open","18.20","0.00","0","6.84","Unknown","0","05/27/2013","Payment","PAY","25.04","(25.04)"
"2155","1","0.00","0.00","0.00","0.00","0.00","0.00","7.02","0.00","0.00","0.00","7.02","0.00","0.00","7.02","Compound","13558","G:13558","Global","0.00","0.00","0.00","0.00","0.00","0.00","0.00","0.00","0.00","1","Unpaid","0.00","0.00","0.00","05/27/2013","7.02","0.00","0.00","0.00","0.00"
"2052","1","883.60","921.15","883.60","921.15","0.00","0.00","3.57","37.55","0.00","37.55","924.72","0.00","0.00","8.62","Compound","13559","G:13559","Global","0.00","0.00","0.00","0.00","5.05","0.00","0.00","0.00","5.05","1","Partially Paid","37.55","0.00","37.55","05/27/2013","929.77","0.00","0.00","0.00","0.00","2421","1","","Open","0.00","0.00","0","5.05","Unknown","0","05/28/2013","Credit","CRED","5.05","(5.05)"
"2224","1","1103.18","1150.07","1103.18","1150.07","0.00","0.00","6.45","46.89","0.00","46.89","1156.52","0.00","0.00","6.45","Compound","13560","G:13560","Global","0.00","0.00","0.00","0.00","0.00","0.00","0.00","0.00","0.00","1","Unpaid","46.89","0.00","46.89","05/27/2013","1156.52","0.00","0.00","0.00","0.00"
"2281","1","0.00","0.00","0.00","0.00","0.00","0.00","14.19","0.00","0.00","0.00","14.19","0.00","0.00","14.19","Compound","13561","G:13561","Global","0.00","0.00","0.00","0.00","0.00","0.00","0.00","0.00","0.00","1","Unpaid","0.00","0.00","0.00","05/27/2013","14.19","0.00","0.00","0.00","0.00"
"2229","1","1548.67","1614.49","1548.67","1614.49","0.00","0.00","11.32","65.82","0.00","65.82","1625.81","0.00","0.00","11.32","Compound","13562","G:13562","Global","0.00","0.00","0.00","0.00","0.00","0.00","0.00","0.00","0.00","1","Unpaid","65.82","0.00","65.82","05/27/2013","1625.81","0.00","0.00","0.00","0.00"
"1882","1","1774.57","1849.99","1763.37","1838.31","0.00","0.00","0.00","74.94","0.00","74.94","1838.31","0.00","0.00","13.36","Compound","13563","G:13563","Global","11.20","11.68","0.00","0.00","13.36","0.48","0.00","0.48","25.04","1","Partially Paid","75.42","0.00","75.42","05/27/2013","1863.35","0.00","0.00","0.00","0.00","1883","1","","Open","11.68","0.00","0","13.36","Unknown","0","05/27/2013","Payment","PAY","25.04","(25.04)"
"2227","1","2002.57","2087.68","2002.57","2087.68","0.00","0.00","15.35","85.11","0.00","85.11","2103.03","0.00","0.00","15.35","Compound","13564","G:13564","Global","0.00","0.00","0.00","0.00","0.00","0.00","0.00","0.00","0.00","1","Unpaid","85.11","0.00","85.11","05/27/2013","2103.03","0.00","0.00","0.00","0.00"
"2053","1","2232.67","2327.56","2232.67","2327.56","0.00","0.00","11.35","94.89","0.00","94.89","2338.91","0.00","0.00","11.35","Compound","13565","G:13565","Global","0.00","0.00","0.00","0.00","0.00","0.00","0.00","0.00","0.00","1","Unpaid","94.89","0.00","94.89","05/27/2013","2338.91","0.00","0.00","0.00","0.00"
"2255","1","0.00","0.00","0.00","0.00","0.00","0.00","2.70","0.00","0.00","0.00","2.70","0.00","0.00","2.70","Compound","13566","G:13566","Global","0.00","0.00","0.00","0.00","0.00","0.00","0.00","0.00","0.00","1","Unpaid","0.00","0.00","0.00","05/27/2013","2.70","0.00","0.00","0.00","0.00"
"2001","1","237.44","247.53","237.44","247.53","0.00","0.00","3.65","10.09","0.00","10.09","251.18","0.00","0.00","3.65","Compound","13567","G:13567","Global","0.00","0.00","0.00","0.00","0.00","0.00","0.00","0.00","0.00","1","Unpaid","10.09","0.00","10.09","05/27/2013","251.18","0.00","0.00","0.00","0.00"
"2123","1","450.71","469.87","447.08","466.09","0.00","0.00","0.00","19.01","0.00","19.01","466.09","0.00","0.00","1.27","Compound","13568","G:13568","Global","3.63","3.78","0.00","0.00","1.27","0.15","0.00","0.15","5.05","1","Partially Paid","19.16","0.00","19.16","05/27/2013","471.14","0.00","0.00","0.00","0.00","2422","1","","Open","3.78","0.00","0","1.27","Unknown","0","05/28/2013","Credit","CRED","5.05","(5.05)"
"2208","1","0.00","0.00","0.00","0.00","0.00","0.00","0.00","0.00","0.00","0.00","0.00","0.00","0.00","5.65","Compound","13569","G:13569","Global","0.00","0.00","0.00","0.00","5.65","0.00","0.00","0.00","5.65","1","Paid in Full","0.00","0.00","0.00","05/27/2013","5.65","0.00","0.00","0.00","0.00","2209","1","","Open","0.00","0.00","0","5.65","Unknown","0","05/27/2013","Payment","PAY","5.65","(5.65)"
"2181","1","883.60","921.15","883.60","921.15","0.00","0.00","7.33","37.55","0.00","37.55","928.48","0.00","0.00","7.33","Compound","13570","G:13570","Global","0.00","0.00","0.00","0.00","0.00","0.00","0.00","0.00","0.00","1","Unpaid","37.55","0.00","37.55","05/27/2013","928.48","0.00","0.00","0.00","0.00"
"2100","1","1103.18","1150.07","1098.15","1144.83","0.00","0.00","0.00","46.68","0.00","46.68","1144.83","0.00","0.00","6.47","Compound","13571","G:13571","Global","5.03","5.24","0.00","0.00","6.47","0.21","0.00","0.21","11.71","1","Partially Paid","46.89","0.00","46.89","05/27/2013","1156.54","0.00","0.00","0.00","0.00","2101","1","","Open","5.24","0.00","0","6.47","Unknown","0","05/27/2013","Payment","PAY","11.71","(11.71)"
"2230","1","0.00","0.00","0.00","0.00","0.00","0.00","10.96","0.00","0.00","0.00","10.96","0.00","0.00","14.01","Compound","13572","G:13572","Global","0.00","0.00","0.00","0.00","3.05","0.00","0.00","0.00","3.05","1","Partially Paid","0.00","0.00","0.00","05/27/2013","14.01","0.00","0.00","0.00","0.00","2321","1","","Open","0.00","0.00","0","3.05","Unknown","0","05/28/2013","Write Off","WOFF","3.05","(3.05)"
"2002","1","1548.67","1614.49","1548.67","1614.49","0.00","0.00","11.29","65.82","0.00","65.82","1625.78","0.00","0.00","11.29","Compound","13573","G:13573","Global","0.00","0.00","0.00","0.00","0.00","0.00","0.00","0.00","0.00","1","Unpaid","65.82","0.00","65.82","05/27/2013","1625.78","0.00","0.00","0.00","0.00"
"2054","1","1774.57","1849.99","1774.57","1849.99","0.00","0.00","13.97","75.42","0.00","75.42","1863.96","0.00","0.00","13.97","Compound","13574","G:13574","Global","0.00","0.00","0.00","0.00","0.00","0.00","0.00","0.00","0.00","1","Unpaid","75.42","0.00","75.42","05/27/2013","1863.96","0.00","0.00","0.00","0.00"
"2282","1","2002.57","2087.68","1992.76","2077.45","0.00","0.00","0.00","84.69","0.00","84.69","2077.45","0.00","0.00","14.81","Compound","13575","G:13575","Global","9.81","10.23","0.00","0.00","14.81","0.42","0.00","0.42","25.04","1","Partially Paid","85.11","0.00","85.11","05/27/2013","2102.49","0.00","0.00","0.00","0.00","2283","1","","Open","10.23","0.00","0","14.81","Unknown","0","05/27/2013","Payment","PAY","25.04","(25.04)"
"2127","1","2232.67","2327.56","2232.67","2327.56","0.00","0.00","11.30","94.89","0.00","94.89","2338.86","0.00","0.00","11.30","Compound","13576","G:13576","Global","0.00","0.00","0.00","0.00","0.00","0.00","0.00","0.00","0.00","1","Unpaid","94.89","0.00","94.89","05/27/2013","2338.86","0.00","0.00","0.00","0.00"
"2214","1","2464.88","2569.64","2462.59","2567.25","0.00","0.00","0.00","104.66","0.00","104.66","2567.25","0.00","0.00","2.66","Compound","13577","G:13577","Global","2.29","2.39","0.00","0.00","2.66","0.10","0.00","0.10","5.05","1","Partially Paid","104.76","0.00","104.76","05/27/2013","2572.30","0.00","0.00","0.00","0.00","2423","1","","Open","2.39","0.00","0","2.66","Unknown","0","05/28/2013","Credit","CRED","5.05","(5.05)"
"1951","1","237.44","247.53","237.44","247.53","0.00","0.00","5.42","10.09","0.00","10.09","252.95","0.00","0.00","5.42","Compound","13578","G:13578","Global","0.00","0.00","0.00","0.00","0.00","0.00","0.00","0.00","0.00","1","Unpaid","10.09","0.00","10.09","05/27/2013","252.95","0.00","0.00","0.00","0.00"
"1884","1","450.71","469.87","450.71","469.87","0.00","0.00","4.72","19.16","0.00","19.16","474.59","0.00","0.00","4.72","Compound","13579","G:13579","Global","0.00","0.00","0.00","0.00","0.00","0.00","0.00","0.00","0.00","1","Unpaid","19.16","0.00","19.16","05/27/2013","474.59","0.00","0.00","0.00","0.00"
"1885","1","0.00","0.00","0.00","0.00","0.00","0.00","5.02","0.00","0.00","0.00","5.02","0.00","0.00","5.02","Compound","13580","G:13580","Global","0.00","0.00","0.00","0.00","0.00","0.00","0.00","0.00","0.00","1","Unpaid","0.00","0.00","0.00","05/27/2013","5.02","0.00","0.00","0.00","0.00"
"1886","1","883.60","921.15","866.61","903.44","0.00","0.00","0.00","36.83","0.00","36.83","903.44","0.00","0.00","7.33","Compound","13581","G:13581","Global","16.99","17.71","0.00","0.00","7.33","0.72","0.00","0.72","25.04","1","Partially Paid","37.55","0.00","37.55","05/27/2013","928.48","0.00","0.00","0.00","0.00","1887","1","","Open","17.71","0.00","0","7.33","Unknown","0","05/27/2013","Payment","PAY","25.04","(25.04)"
"2269","1","1103.18","1150.07","1094.09","1140.59","0.00","0.00","0.00","46.50","0.00","46.50","1140.59","0.00","0.00","6.17","Compound","13582","G:13582","Global","9.09","9.48","0.00","0.00","6.17","0.39","0.00","0.39","15.65","1","Partially Paid","46.89","0.00","46.89","05/27/2013","1156.24","0.00","0.00","0.00","0.00","2270","1","","Open","9.48","0.00","0","6.17","Unknown","0","05/27/2013","Payment","PAY","15.65","(15.65)"
"1974","1","0.00","0.00","0.00","0.00","0.00","0.00","13.56","0.00","0.00","0.00","13.56","0.00","0.00","13.56","Compound","13583","G:13583","Global","0.00","0.00","0.00","0.00","0.00","0.00","0.00","0.00","0.00","1","Unpaid","0.00","0.00","0.00","05/27/2013","13.56","0.00","0.00","0.00","0.00"
"2055","1","1548.67","1614.49","1548.67","1614.49","0.00","0.00","11.54","65.82","0.00","65.82","1626.03","0.00","0.00","11.54","Compound","13584","G:13584","Global","0.00","0.00","0.00","0.00","0.00","0.00","0.00","0.00","0.00","1","Unpaid","65.82","0.00","65.82","05/27/2013","1626.03","0.00","0.00","0.00","0.00"
"2182","1","1774.57","1849.99","1774.57","1849.99","0.00","0.00","79.83","75.42","0.00","75.42","1929.82","0.00","0.00","79.83","Compound","13585","G:13585","Global","0.00","0.00","0.00","0.00","0.00","0.00","0.00","0.00","0.00","1","Unpaid","75.42","0.00","75.42","05/27/2013","1929.82","0.00","0.00","0.00","0.00"
"2005","1","2002.57","2087.68","2002.57","2087.68","0.00","0.00","9.62","85.11","0.00","85.11","2097.30","0.00","0.00","14.67","Compound","13586","G:13586","Global","0.00","0.00","0.00","0.00","5.05","0.00","0.00","0.00","5.05","1","Partially Paid","85.11","0.00","85.11","05/27/2013","2102.35","0.00","0.00","0.00","0.00","2424","1","","Open","0.00","0.00","0","5.05","Unknown","0","05/28/2013","Credit","CRED","5.05","(5.05)"
"2102","1","2232.67","2327.56","2219.83","2314.17","0.00","0.00","0.00","94.34","0.00","94.34","2314.17","0.00","0.00","11.65","Compound","13587","G:13587","Global","12.84","13.39","0.00","0.00","11.65","0.55","0.00","0.55","25.04","1","Partially Paid","94.89","0.00","94.89","05/27/2013","2339.21","0.00","0.00","0.00","0.00","2103","1","","Open","13.39","0.00","0","11.65","Unknown","0","05/27/2013","Payment","PAY","25.04","(25.04)"
"2006","1","2464.88","2569.64","2464.88","2569.64","0.00","0.00","2.89","104.76","0.00","104.76","2572.53","0.00","0.00","2.89","Compound","13588","G:13588","Global","0.00","0.00","0.00","0.00","0.00","0.00","0.00","0.00","0.00","1","Unpaid","104.76","0.00","104.76","05/27/2013","2572.53","0.00","0.00","0.00","0.00"
"1888","1","237.44","247.53","237.44","247.53","0.00","0.00","5.94","10.09","0.00","10.09","253.47","0.00","0.00","5.94","Compound","13589","G:13589","Global","0.00","0.00","0.00","0.00","0.00","0.00","0.00","0.00","0.00","1","Unpaid","10.09","0.00","10.09","05/27/2013","253.47","0.00","0.00","0.00","0.00"
"1952","1","450.71","469.87","450.71","469.87","0.00","0.00","3.85","19.16","0.00","19.16","473.72","0.00","0.00","3.85","Compound","13590","G:13590","Global","0.00","0.00","0.00","0.00","0.00","0.00","0.00","0.00","0.00","1","Unpaid","19.16","0.00","19.16","05/27/2013","473.72","0.00","0.00","0.00","0.00"
"2156","1","0.00","0.00","0.00","0.00","0.00","0.00","4.94","0.00","0.00","0.00","4.94","0.00","0.00","4.94","Compound","13591","G:13591","Global","0.00","0.00","0.00","0.00","0.00","0.00","0.00","0.00","0.00","1","Unpaid","0.00","0.00","0.00","05/27/2013","4.94","0.00","0.00","0.00","0.00"
"2298","1","883.60","921.15","883.60","921.15","0.00","0.00","2.50","37.55","0.00","37.55","923.65","0.00","0.00","2.50","Compound","13592","G:13592","Global","0.00","0.00","0.00","0.00","0.00","0.00","0.00","0.00","0.00","1","Unpaid","37.55","0.00","37.55","05/27/2013","923.65","0.00","0.00","0.00","0.00"
"2183","1","1103.18","1150.07","1082.01","1128.00","0.00","0.00","0.00","45.99","0.00","45.99","1128.00","0.00","0.00","2.97","Compound","13593","G:13593","Global","21.17","22.07","0.00","0.00","2.97","0.90","0.00","0.90","25.04","1","Partially Paid","46.89","0.00","46.89","05/27/2013","1153.04","0.00","0.00","0.00","0.00","2184","1","","Open","22.07","0.00","0","2.97","Unknown","0","05/27/2013","Payment","PAY","25.04","(25.04)"
"2007","1","0.00","0.00","0.00","0.00","0.00","0.00","10.14","0.00","0.00","0.00","10.14","0.00","0.00","10.14","Compound","13594","G:13594","Global","0.00","0.00","0.00","0.00","0.00","0.00","0.00","0.00","0.00","1","Unpaid","0.00","0.00","0.00","05/27/2013","10.14","0.00","0.00","0.00","0.00"
"2284","1","1548.67","1614.49","1548.67","1614.49","0.00","0.00","5.89","65.82","0.00","65.82","1620.38","0.00","0.00","10.94","Compound","13595","G:13595","Global","0.00","0.00","0.00","0.00","5.05","0.00","0.00","0.00","5.05","1","Partially Paid","65.82","0.00","65.82","05/27/2013","1625.43","0.00","0.00","0.00","0.00","2425","1","","Open","0.00","0.00","0","5.05","Unknown","0","05/28/2013","Credit","CRED","5.05","(5.05)"
"2299","1","1774.57","1849.99","1774.57","1849.99","0.00","0.00","33.54","75.42","0.00","75.42","1883.53","0.00","0.00","33.54","Compound","13596","G:13596","Global","0.00","0.00","0.00","0.00","0.00","0.00","0.00","0.00","0.00","1","Unpaid","75.42","0.00","75.42","05/27/2013","1883.53","0.00","0.00","0.00","0.00"
"2056","1","2002.57","2087.68","2002.57","2087.68","0.00","0.00","15.20","85.11","0.00","85.11","2102.88","0.00","0.00","15.20","Compound","13597","G:13597","Global","0.00","0.00","0.00","0.00","0.00","0.00","0.00","0.00","0.00","1","Unpaid","85.11","0.00","85.11","05/27/2013","2102.88","0.00","0.00","0.00","0.00"
"2185","1","2232.67","2327.56","2232.67","2327.56","0.00","0.00","12.15","94.89","0.00","94.89","2339.71","0.00","0.00","12.15","Compound","13598","G:13598","Global","0.00","0.00","0.00","0.00","0.00","0.00","0.00","0.00","0.00","1","Unpaid","94.89","0.00","94.89","05/27/2013","2339.71","0.00","0.00","0.00","0.00"
"2128","1","2464.88","2569.64","2444.10","2547.98","0.00","0.00","0.00","103.88","0.00","103.88","2547.98","0.00","0.00","3.38","Compound","13599","G:13599","Global","20.78","21.66","0.00","0.00","3.38","0.88","0.00","0.88","25.04","1","Partially Paid","104.76","0.00","104.76","05/27/2013","2573.02","0.00","0.00","0.00","0.00","2129","1","","Open","21.66","0.00","0","3.38","Unknown","0","05/27/2013","Payment","PAY","25.04","(25.04)"
"2084","1","237.44","247.53","237.44","247.53","0.00","0.00","7.42","10.09","0.00","10.09","254.95","0.00","0.00","7.42","Compound","13600","G:13600","Global","0.00","0.00","0.00","0.00","0.00","0.00","0.00","0.00","0.00","1","Unpaid","10.09","0.00","10.09","05/27/2013","254.95","0.00","0.00","0.00","0.00"
"2130","1","450.71","469.87","449.71","468.83","0.00","0.00","0.00","19.12","0.00","19.12","468.83","0.00","0.00","7.85","Compound","13601","G:13601","Global","1.00","1.04","0.00","0.00","7.85","0.04","0.00","0.04","8.89","1","Partially Paid","19.16","0.00","19.16","05/27/2013","477.72","0.00","0.00","0.00","0.00","2131","1","","Open","1.04","0.00","0","7.85","Unknown","0","05/27/2013","Payment","PAY","8.89","(8.89)"
"2231","1","0.00","0.00","0.00","0.00","0.00","0.00","7.95","0.00","0.00","0.00","7.95","0.00","0.00","7.95","Compound","13602","G:13602","Global","0.00","0.00","0.00","0.00","0.00","0.00","0.00","0.00","0.00","1","Unpaid","0.00","0.00","0.00","05/27/2013","7.95","0.00","0.00","0.00","0.00"
"1894","1","883.60","921.15","722.67","753.38","0.00","0.00","0.00","30.71","0.00","30.71","753.38","0.00","0.00","11.29","Compound","13603","G:13603","Global","160.93","167.77","0.00","0.00","11.29","6.84","0.00","6.84","179.06","1","Partially Paid","37.55","0.00","37.55","05/27/2013","932.44","0.00","0.00","0.00","0.00","1758","1","","Open","161.71","0.00","0","11.29","Visa","0","04/28/2013","Payment","PAY","184.04","(184.04)","3011","1","","Open","6.06","0.00","0","0.00","Unknown","0","06/28/2013","Credit","CRED","6.06","(6.06)"
"1893","1","1103.18","1150.07","907.99","946.58","0.00","0.00","0.00","38.59","0.00","38.59","946.58","0.00","0.00","8.67","Compound","13604","G:13604","Global","195.19","203.49","0.00","0.00","8.67","8.30","0.00","8.30","212.16","1","Partially Paid","46.89","0.00","46.89","05/27/2013","1158.74","0.00","0.00","0.00","0.00","1236","1","","Open","2.36","0.00","0","8.67","Unknown","0","03/28/2013","Payment","PAY","11.03","(11.03)","1759","1","","Open","185.04","0.00","0","0.00","Visa","0","04/28/2013","Payment","PAY","185.04","(185.04)","1818","1","","Open","11.04","0.00","0","0.00","Unknown","0","04/28/2013","Payment","PAY","11.04","(11.04)","2426","1","","Open","5.05","0.00","0","0.00","Unknown","0","05/28/2013","Credit","CRED","5.05","(5.05)"
"1891","1","0.00","0.00","0.00","0.00","0.00","0.00","0.00","0.00","0.00","0.00","0.00","0.00","0.00","5.36","Compound","13605","G:13605","Global","0.00","0.00","0.00","0.00","5.36","0.00","0.00","0.00","5.36","1","Paid in Full","0.00","0.00","0.00","05/27/2013","5.36","0.00","0.00","0.00","0.00","1892","1","","Open","0.00","0.00","0","5.36","Unknown","0","05/27/2013","Payment","PAY","5.36","(5.36)"
"2285","1","1548.67","1614.49","1548.67","1614.49","0.00","0.00","19.44","65.82","0.00","65.82","1633.93","0.00","0.00","19.44","Compound","13606","G:13606","Global","0.00","0.00","0.00","0.00","0.00","0.00","0.00","0.00","0.00","1","Unpaid","65.82","0.00","65.82","05/27/2013","1633.93","0.00","0.00","0.00","0.00"
"1889","1","1774.57","1849.99","1774.57","1849.99","0.00","0.00","8.28","75.42","0.00","75.42","1858.27","0.00","0.00","8.28","Compound","13607","G:13607","Global","0.00","0.00","0.00","0.00","0.00","0.00","0.00","0.00","0.00","1","Unpaid","75.42","0.00","75.42","05/27/2013","1858.27","0.00","0.00","0.00","0.00"
"2232","1","2002.57","2087.68","2002.57","2087.68","0.00","0.00","23.64","85.11","0.00","85.11","2111.32","0.00","0.00","23.64","Compound","13608","G:13608","Global","0.00","0.00","0.00","0.00","0.00","0.00","0.00","0.00","0.00","1","Unpaid","85.11","0.00","85.11","05/27/2013","2111.32","0.00","0.00","0.00","0.00"
"2272","1","2232.67","2327.56","2232.67","2327.56","0.00","0.00","15.10","94.89","0.00","94.89","2342.66","0.00","0.00","15.10","Compound","13609","G:13609","Global","0.00","0.00","0.00","0.00","0.00","0.00","0.00","0.00","0.00","1","Unpaid","94.89","0.00","94.89","05/27/2013","2342.66","0.00","0.00","0.00","0.00"
"1987","1","2464.88","2569.64","2464.88","2569.64","0.00","0.00","1.98","104.76","0.00","104.76","2571.62","0.00","0.00","1.98","Compound","13610","G:13610","Global","0.00","0.00","0.00","0.00","0.00","0.00","0.00","0.00","0.00","1","Unpaid","104.76","0.00","104.76","05/27/2013","2571.62","0.00","0.00","0.00","0.00"
"2008","1","237.44","247.53","218.14","227.41","0.00","0.00","0.00","9.27","0.00","9.27","227.41","0.00","0.00","4.92","Compound","13611","G:13611","Global","19.30","20.12","0.00","0.00","4.92","0.82","0.00","0.82","25.04","1","Partially Paid","10.09","0.00","10.09","05/27/2013","252.45","0.00","0.00","0.00","0.00","2009","1","","Open","20.12","0.00","0","4.92","Unknown","0","05/27/2013","Payment","PAY","25.04","(25.04)"
"2157","1","450.71","469.87","449.31","468.41","0.00","0.00","0.00","19.10","0.00","19.10","468.41","0.00","0.00","8.93","Compound","13612","G:13612","Global","1.40","1.46","0.00","0.00","8.93","0.06","0.00","0.06","10.39","1","Partially Paid","19.16","0.00","19.16","05/27/2013","478.80","0.00","0.00","0.00","0.00","2158","1","","Open","1.46","0.00","0","8.93","Unknown","0","05/27/2013","Payment","PAY","10.39","(10.39)"
"2213","1","0.00","0.00","0.00","0.00","0.00","0.00","2.59","0.00","0.00","0.00","2.59","0.00","0.00","7.64","Compound","13613","G:13613","Global","0.00","0.00","0.00","0.00","5.05","0.00","0.00","0.00","5.05","1","Partially Paid","0.00","0.00","0.00","05/27/2013","7.64","0.00","0.00","0.00","0.00","2427","1","","Open","0.00","0.00","0","5.05","Unknown","0","05/28/2013","Credit","CRED","5.05","(5.05)"
"2300","1","883.60","921.15","883.60","921.15","0.00","0.00","15.02","37.55","0.00","37.55","936.17","0.00","0.00","15.02","Compound","13614","G:13614","Global","0.00","0.00","0.00","0.00","0.00","0.00","0.00","0.00","0.00","1","Unpaid","37.55","0.00","37.55","05/27/2013","936.17","0.00","0.00","0.00","0.00"
"2301","1","1103.18","1150.07","1103.18","1150.07","0.00","0.00","21.47","46.89","0.00","46.89","1171.54","0.00","0.00","21.47","Compound","13615","G:13615","Global","0.00","0.00","0.00","0.00","0.00","0.00","0.00","0.00","0.00","1","Unpaid","46.89","0.00","46.89","05/27/2013","1171.54","0.00","0.00","0.00","0.00"
"2273","1","0.00","0.00","0.00","0.00","0.00","0.00","29.12","0.00","0.00","0.00","29.12","0.00","0.00","29.12","Compound","13616","G:13616","Global","0.00","0.00","0.00","0.00","0.00","0.00","0.00","0.00","0.00","1","Unpaid","0.00","0.00","0.00","05/27/2013","29.12","0.00","0.00","0.00","0.00"
"2025","1","1548.67","1614.49","1527.97","1592.91","0.00","0.00","0.00","64.94","0.00","64.94","1592.91","0.00","0.00","3.46","Compound","13617","G:13617","Global","20.70","21.58","0.00","0.00","3.46","0.88","0.00","0.88","25.04","1","Partially Paid","65.82","0.00","65.82","05/27/2013","1617.95","0.00","0.00","0.00","0.00","2026","1","","Open","21.58","0.00","0","3.46","Unknown","0","05/27/2013","Payment","PAY","25.04","(25.04)"
"1975","1","1774.57","1849.99","1774.57","1849.99","0.00","0.00","10.95","75.42","0.00","75.42","1860.94","0.00","0.00","10.95","Compound","13618","G:13618","Global","0.00","0.00","0.00","0.00","0.00","0.00","0.00","0.00","0.00","1","Unpaid","75.42","0.00","75.42","05/27/2013","1860.94","0.00","0.00","0.00","0.00"
"2186","1","2002.57","2087.68","2002.57","2087.68","0.00","0.00","21.10","85.11","0.00","85.11","2108.78","0.00","0.00","21.10","Compound","13619","G:13619","Global","0.00","0.00","0.00","0.00","0.00","0.00","0.00","0.00","0.00","1","Unpaid","85.11","0.00","85.11","05/27/2013","2108.78","0.00","0.00","0.00","0.00"
"2092","1","2232.67","2327.56","2232.67","2327.56","0.00","0.00","113.11","94.89","0.00","94.89","2440.67","0.00","0.00","113.11","Compound","13620","G:13620","Global","0.00","0.00","0.00","0.00","0.00","0.00","0.00","0.00","0.00","1","Unpaid","94.89","0.00","94.89","05/27/2013","2440.67","0.00","0.00","0.00","0.00"
"2187","1","2464.88","2569.64","2464.88","2569.64","0.00","0.00","23.82","104.76","0.00","104.76","2593.46","0.00","0.00","23.82","Compound","13621","G:13621","Global","0.00","0.00","0.00","0.00","0.00","0.00","0.00","0.00","0.00","1","Unpaid","104.76","0.00","104.76","05/27/2013","2593.46","0.00","0.00","0.00","0.00"
"2295","1","237.44","247.53","237.44","247.53","0.00","0.00","1.65","10.09","0.00","10.09","249.18","0.00","0.00","6.70","Compound","13622","G:13622","Global","0.00","0.00","0.00","0.00","5.05","0.00","0.00","0.00","5.05","1","Partially Paid","10.09","0.00","10.09","05/27/2013","254.23","0.00","0.00","0.00","0.00","2428","1","","Open","0.00","0.00","0","5.05","Unknown","0","05/28/2013","Credit","CRED","5.05","(5.05)"
"2031","1","450.71","469.87","431.70","450.05","0.00","0.00","0.00","18.35","0.00","18.35","450.05","0.00","0.00","5.22","Compound","13623","G:13623","Global","19.01","19.82","0.00","0.00","5.22","0.81","0.00","0.81","25.04","1","Partially Paid","19.16","0.00","19.16","05/27/2013","475.09","0.00","0.00","0.00","0.00","2032","1","","Open","19.82","0.00","0","5.22","Unknown","0","05/27/2013","Payment","PAY","25.04","(25.04)"
"2134","1","0.00","0.00","0.00","0.00","0.00","0.00","5.55","0.00","0.00","0.00","5.55","0.00","0.00","5.55","Compound","13624","G:13624","Global","0.00","0.00","0.00","0.00","0.00","0.00","0.00","0.00","0.00","1","Unpaid","0.00","0.00","0.00","05/27/2013","5.55","0.00","0.00","0.00","0.00"
"2013","1","883.60","921.15","883.60","921.15","0.00","0.00","7.10","37.55","0.00","37.55","928.25","0.00","0.00","7.10","Compound","13625","G:13625","Global","0.00","0.00","0.00","0.00","0.00","0.00","0.00","0.00","0.00","1","Unpaid","37.55","0.00","37.55","05/27/2013","928.25","0.00","0.00","0.00","0.00"
"2159","1","1103.18","1150.07","1103.18","1150.07","0.00","0.00","6.19","46.89","0.00","46.89","1156.26","0.00","0.00","6.19","Compound","13626","G:13626","Global","0.00","0.00","0.00","0.00","0.00","0.00","0.00","0.00","0.00","1","Unpaid","46.89","0.00","46.89","05/27/2013","1156.26","0.00","0.00","0.00","0.00"
"1895","1","0.00","0.00","0.00","0.00","0.00","0.00","13.93","0.00","0.00","0.00","13.93","0.00","0.00","13.93","Compound","13627","G:13627","Global","0.00","0.00","0.00","0.00","0.00","0.00","0.00","0.00","0.00","1","Unpaid","0.00","0.00","0.00","05/27/2013","13.93","0.00","0.00","0.00","0.00"
"2297","1","1548.67","1614.49","1548.67","1614.49","0.00","0.00","11.06","65.82","0.00","65.82","1625.55","0.00","0.00","11.06","Compound","13628","G:13628","Global","0.00","0.00","0.00","0.00","0.00","0.00","0.00","0.00","0.00","1","Unpaid","65.82","0.00","65.82","05/27/2013","1625.55","0.00","0.00","0.00","0.00"
"2057","1","1774.57","1849.99","1763.94","1838.91","0.00","0.00","0.00","74.97","0.00","74.97","1838.91","0.00","0.00","13.96","Compound","13629","G:13629","Global","10.63","11.08","0.00","0.00","13.96","0.45","0.00","0.45","25.04","1","Partially Paid","75.42","0.00","75.42","05/27/2013","1863.95","0.00","0.00","0.00","0.00","2058","1","","Open","11.08","0.00","0","13.96","Unknown","0","05/27/2013","Payment","PAY","25.04","(25.04)"
"1896","1","2002.57","2087.68","2002.57","2087.68","0.00","0.00","14.48","85.11","0.00","85.11","2102.16","0.00","0.00","14.48","Compound","13630","G:13630","Global","0.00","0.00","0.00","0.00","0.00","0.00","0.00","0.00","0.00","1","Unpaid","85.11","0.00","85.11","05/27/2013","2102.16","0.00","0.00","0.00","0.00"
"1897","1","2232.67","2327.56","2232.67","2327.56","0.00","0.00","6.03","94.89","0.00","94.89","2333.59","0.00","0.00","11.08","Compound","13631","G:13631","Global","0.00","0.00","0.00","0.00","5.05","0.00","0.00","0.00","5.05","1","Partially Paid","94.89","0.00","94.89","05/27/2013","2338.64","0.00","0.00","0.00","0.00","2429","1","","Open","0.00","0.00","0","5.05","Unknown","0","05/28/2013","Credit","CRED","5.05","(5.05)"
"1953","1","2464.88","2569.64","2464.88","2569.64","0.00","0.00","2.41","104.76","0.00","104.76","2572.05","0.00","0.00","2.41","Compound","13632","G:13632","Global","0.00","0.00","0.00","0.00","0.00","0.00","0.00","0.00","0.00","1","Unpaid","104.76","0.00","104.76","05/27/2013","2572.05","0.00","0.00","0.00","0.00"
"1993","1","237.44","247.53","237.44","247.53","0.00","0.00","5.29","10.09","0.00","10.09","252.82","0.00","0.00","5.29","Compound","13633","G:13633","Global","0.00","0.00","0.00","0.00","0.00","0.00","0.00","0.00","0.00","1","Unpaid","10.09","0.00","10.09","05/27/2013","252.82","0.00","0.00","0.00","0.00"
"2035","1","450.71","469.87","450.71","469.87","0.00","0.00","4.71","19.16","0.00","19.16","474.58","0.00","0.00","4.71","Compound","13634","G:13634","Global","0.00","0.00","0.00","0.00","0.00","0.00","0.00","0.00","0.00","1","Unpaid","19.16","0.00","19.16","05/27/2013","474.58","0.00","0.00","0.00","0.00"
"2135","1","0.00","0.00","0.00","0.00","0.00","0.00","0.00","0.00","0.00","0.00","0.00","0.00","0.00","4.77","Compound","13635","G:13635","Global","0.00","0.00","0.00","0.00","4.77","0.00","0.00","0.00","4.77","1","Paid in Full","0.00","0.00","0.00","05/27/2013","4.77","0.00","0.00","0.00","0.00","2136","1","","Open","0.00","0.00","0","4.77","Unknown","0","05/27/2013","Payment","PAY","4.77","(4.77)"
"1898","1","883.60","921.15","852.83","889.07","0.00","0.00","6.12","36.24","0.00","36.24","895.19","0.00","0.00","6.12","Compound","13636","G:13636","Global","30.77","32.08","0.00","0.00","0.00","1.31","0.00","1.31","32.08","1","Partially Paid","37.55","0.00","37.55","05/27/2013","927.27","0.00","0.00","0.00","0.00","1899","1","","Open","32.08","0.00","0","0.00","Unknown","0","05/27/2013","Payment","PAY","32.08","(32.08)"
"2233","1","1103.18","1150.07","953.33","993.85","0.00","0.00","5.61","40.52","0.00","40.52","999.46","0.00","0.00","5.61","Compound","13637","G:13637","Global","149.85","156.22","0.00","0.00","0.00","6.37","0.00","6.37","156.22","1","Partially Paid","46.89","0.00","46.89","05/27/2013","1155.68","0.00","0.00","0.00","0.00","2234","1","","Open","156.22","0.00","0","0.00","Unknown","0","05/27/2013","Payment","PAY","156.22","(156.22)"
"2160","1","0.00","0.00","0.00","0.00","0.00","0.00","13.77","0.00","0.00","0.00","13.77","0.00","0.00","13.77","Compound","13638","G:13638","Global","0.00","0.00","0.00","0.00","0.00","0.00","0.00","0.00","0.00","1","Unpaid","0.00","0.00","0.00","05/27/2013","13.77","0.00","0.00","0.00","0.00"
"1900","1","1548.67","1614.49","1548.67","1614.49","0.00","0.00","11.91","65.82","0.00","65.82","1626.40","0.00","0.00","11.91","Compound","13639","G:13639","Global","0.00","0.00","0.00","0.00","0.00","0.00","0.00","0.00","0.00","1","Unpaid","65.82","0.00","65.82","05/27/2013","1626.40","0.00","0.00","0.00","0.00"
"1957","1","1774.57","1849.99","1774.57","1849.99","0.00","0.00","7.56","75.42","0.00","75.42","1857.55","0.00","0.00","12.61","Compound","13640","G:13640","Global","0.00","0.00","0.00","0.00","5.05","0.00","0.00","0.00","5.05","1","Partially Paid","75.42","0.00","75.42","05/27/2013","1862.60","0.00","0.00","0.00","0.00","2430","1","","Open","0.00","0.00","0","5.05","Unknown","0","05/28/2013","Credit","CRED","5.05","(5.05)"
"2235","1","0.00","0.00","0.00","0.00","0.00","0.00","0.00","0.00","0.00","0.00","0.00","0.00","0.00","14.13","Compound","13641","G:13641","Global","0.00","0.00","0.00","0.00","14.13","0.00","0.00","0.00","14.13","1","Paid in Full","0.00","0.00","0.00","05/27/2013","14.13","0.00","0.00","0.00","0.00","2236","1","","Open","0.00","0.00","0","14.13","Unknown","0","05/27/2013","Payment","PAY","14.13","(14.13)"
"2237","1","2232.67","2327.56","2130.65","2221.21","0.00","0.00","0.00","90.56","0.00","90.56","2221.21","0.00","0.00","0.58","Compound","13642","G:13642","Global","102.02","106.35","0.00","0.00","0.58","4.33","0.00","4.33","106.93","1","Partially Paid","94.89","0.00","94.89","05/27/2013","2328.14","0.00","0.00","0.00","0.00","2238","1","","Open","23.85","0.00","0","0.58","Unknown","0","05/27/2013","Payment","PAY","24.43","(24.43)","3524","1","","Open","82.50","0.00","0","0.00","Japan Credit Bureau (JCB)","0","07/28/2013","Payment","PAY","223.07","(223.07)"
"1901","1","0.00","0.00","0.00","0.00","0.00","0.00","0.00","0.00","0.00","0.00","0.00","0.00","0.00","1.41","Compound","13643","G:13643","Global","0.00","0.00","0.00","0.00","1.41","0.00","0.00","0.00","1.41","1","Paid in Full","0.00","0.00","0.00","05/27/2013","1.41","0.00","0.00","0.00","0.00","5830","0","","Open","0.00","0.00","0","1.41","Other 2","0","11/28/2013","Payment","PAY","224.11","(224.11)"
"2036","1","0.00","0.00","0.00","0.00","0.00","0.00","3.23","0.00","0.00","0.00","3.23","0.00","0.00","3.23","Compound","13644","G:13644","Global","0.00","0.00","0.00","0.00","0.00","0.00","0.00","0.00","0.00","1","Unpaid","0.00","0.00","0.00","05/27/2013","3.23","0.00","0.00","0.00","0.00"
"2286","1","0.00","0.00","0.00","0.00","0.00","0.00","0.00","0.00","0.00","0.00","0.00","0.00","0.00","4.65","Compound","13645","G:13645","Global","0.00","0.00","0.00","0.00","4.65","0.00","0.00","0.00","4.65","1","Paid in Full","0.00","0.00","0.00","05/27/2013","4.65","0.00","0.00","0.00","0.00","1768","1","","Open","0.00","0.00","0","4.65","Visa","0","04/28/2013","Payment","PAY","226.04","(226.04)"
"1902","1","0.00","0.00","0.00","0.00","0.00","0.00","5.12","0.00","0.00","0.00","5.12","0.00","0.00","5.12","Compound","13646","G:13646","Global","0.00","0.00","0.00","0.00","0.00","0.00","0.00","0.00","0.00","1","Unpaid","0.00","0.00","0.00","05/27/2013","5.12","0.00","0.00","0.00","0.00"
"2132","1","0.00","0.00","0.00","0.00","0.00","0.00","0.00","0.00","0.00","0.00","0.00","0.00","0.00","7.41","Compound","13647","G:13647","Global","0.00","0.00","0.00","0.00","7.41","0.00","0.00","0.00","7.41","1","Paid in Full","0.00","0.00","0.00","05/27/2013","7.41","0.00","0.00","0.00","0.00","2133","1","","Open","0.00","0.00","0","7.41","Unknown","0","05/27/2013","Payment","PAY","7.41","(7.41)"
"2003","1","0.00","0.00","0.00","0.00","0.00","0.00","0.00","0.00","0.00","0.00","0.00","0.00","0.00","6.25","Compound","13648","G:13648","Global","0.00","0.00","0.00","0.00","6.25","0.00","0.00","0.00","6.25","1","Paid in Full","0.00","0.00","0.00","05/27/2013","6.25","0.00","0.00","0.00","0.00","2004","1","","Open","0.00","0.00","0","6.25","Unknown","0","05/27/2013","Payment","PAY","6.25","(6.25)"
"2010","1","0.00","0.00","0.00","0.00","0.00","0.00","9.10","0.00","0.00","0.00","9.10","0.00","0.00","14.15","Compound","13649","G:13649","Global","0.00","0.00","0.00","0.00","5.05","0.00","0.00","0.00","5.05","1","Partially Paid","0.00","0.00","0.00","05/27/2013","14.15","0.00","0.00","0.00","0.00","2431","1","","Open","0.00","0.00","0","5.05","Unknown","0","05/28/2013","Credit","CRED","5.05","(5.05)"
"2188","1","0.00","0.00","0.00","0.00","0.00","0.00","10.68","0.00","0.00","0.00","10.68","0.00","0.00","10.68","Compound","13650","G:13650","Global","0.00","0.00","0.00","0.00","0.00","0.00","0.00","0.00","0.00","1","Unpaid","0.00","0.00","0.00","05/27/2013","10.68","0.00","0.00","0.00","0.00"
"1955","1","0.00","0.00","0.00","0.00","0.00","0.00","12.70","0.00","0.00","0.00","12.70","0.00","0.00","12.70","Compound","13651","G:13651","Global","0.00","0.00","0.00","0.00","0.00","0.00","0.00","0.00","0.00","1","Unpaid","0.00","0.00","0.00","05/27/2013","12.70","0.00","0.00","0.00","0.00"
"2239","1","0.00","0.00","0.00","0.00","0.00","0.00","14.13","0.00","0.00","0.00","14.13","0.00","0.00","14.13","Compound","13652","G:13652","Global","0.00","0.00","0.00","0.00","0.00","0.00","0.00","0.00","0.00","1","Unpaid","0.00","0.00","0.00","05/27/2013","14.13","0.00","0.00","0.00","0.00"
"2059","1","0.00","0.00","0.00","0.00","0.00","0.00","0.00","0.00","0.00","0.00","0.00","0.00","0.00","11.09","Compound","13653","G:13653","Global","0.00","0.00","0.00","0.00","11.09","0.00","0.00","0.00","11.09","1","Paid in Full","0.00","0.00","0.00","05/27/2013","11.09","0.00","0.00","0.00","0.00","2060","1","","Open","0.00","0.00","0","11.09","Unknown","0","05/27/2013","Payment","PAY","11.09","(11.09)"
"2061","1","0.00","0.00","0.00","0.00","0.00","0.00","3.28","0.00","0.00","0.00","3.28","0.00","0.00","3.28","Compound","13654","G:13654","Global","0.00","0.00","0.00","0.00","0.00","0.00","0.00","0.00","0.00","1","Unpaid","0.00","0.00","0.00","05/27/2013","3.28","0.00","0.00","0.00","0.00"
"2104","1","0.00","0.00","0.00","0.00","0.00","0.00","142.03","0.00","0.00","0.00","142.03","0.00","0.00","142.03","Compound","13655","G:13655","Global","0.00","0.00","0.00","0.00","0.00","0.00","0.00","0.00","0.00","1","Unpaid","0.00","0.00","0.00","05/27/2013","142.03","0.00","0.00","0.00","0.00"
"1903","1","0.00","0.00","0.00","0.00","0.00","0.00","4.14","0.00","0.00","0.00","4.14","0.00","0.00","4.14","Compound","13656","G:13656","Global","0.00","0.00","0.00","0.00","0.00","0.00","0.00","0.00","0.00","1","Unpaid","0.00","0.00","0.00","05/27/2013","4.14","0.00","0.00","0.00","0.00"
"2105","1","0.00","0.00","0.00","0.00","0.00","0.00","5.25","0.00","0.00","0.00","5.25","0.00","0.00","5.25","Compound","13657","G:13657","Global","0.00","0.00","0.00","0.00","0.00","0.00","0.00","0.00","0.00","1","Unpaid","0.00","0.00","0.00","05/27/2013","5.25","0.00","0.00","0.00","0.00"
"2106","1","0.00","0.00","0.00","0.00","0.00","0.00","2.51","0.00","0.00","0.00","2.51","0.00","0.00","7.56","Compound","13658","G:13658","Global","0.00","0.00","0.00","0.00","5.05","0.00","0.00","0.00","5.05","1","Partially Paid","0.00","0.00","0.00","05/27/2013","7.56","0.00","0.00","0.00","0.00","2432","1","","Open","0.00","0.00","0","5.05","Unknown","0","05/28/2013","Credit","CRED","5.05","(5.05)"
"2037","1","0.00","0.00","0.00","0.00","0.00","0.00","0.00","0.00","0.00","0.00","0.00","0.00","0.00","6.73","Compound","13659","G:13659","Global","0.00","0.00","0.00","0.00","6.73","0.00","0.00","0.00","6.73","1","Paid in Full","0.00","0.00","0.00","05/27/2013","6.73","0.00","0.00","0.00","0.00","2038","1","","Open","0.00","0.00","0","6.73","Unknown","0","05/27/2013","Payment","PAY","6.73","(6.73)"
"2107","1","0.00","0.00","0.00","0.00","0.00","0.00","18.66","0.00","0.00","0.00","18.66","0.00","0.00","18.66","Compound","13660","G:13660","Global","0.00","0.00","0.00","0.00","0.00","0.00","0.00","0.00","0.00","1","Unpaid","0.00","0.00","0.00","05/27/2013","18.66","0.00","0.00","0.00","0.00"
"2189","1","0.00","0.00","0.00","0.00","0.00","0.00","16.13","0.00","0.00","0.00","16.13","0.00","0.00","16.13","Compound","13661","G:13661","Global","0.00","0.00","0.00","0.00","0.00","0.00","0.00","0.00","0.00","1","Unpaid","0.00","0.00","0.00","05/27/2013","16.13","0.00","0.00","0.00","0.00"
"1904","1","0.00","0.00","0.00","0.00","0.00","0.00","8.58","0.00","0.00","0.00","8.58","0.00","0.00","8.58","Compound","13662","G:13662","Global","0.00","0.00","0.00","0.00","0.00","0.00","0.00","0.00","0.00","1","Unpaid","0.00","0.00","0.00","05/27/2013","8.58","0.00","0.00","0.00","0.00"
"2161","1","0.00","0.00","0.00","0.00","0.00","0.00","20.32","0.00","0.00","0.00","20.32","0.00","0.00","20.32","Compound","13663","G:13663","Global","0.00","0.00","0.00","0.00","0.00","0.00","0.00","0.00","0.00","1","Unpaid","0.00","0.00","0.00","05/27/2013","20.32","0.00","0.00","0.00","0.00"
"2248","1","0.00","0.00","0.00","0.00","0.00","0.00","14.82","0.00","0.00","0.00","14.82","0.00","0.00","14.82","Compound","13664","G:13664","Global","0.00","0.00","0.00","0.00","0.00","0.00","0.00","0.00","0.00","1","Unpaid","0.00","0.00","0.00","05/27/2013","14.82","0.00","0.00","0.00","0.00"
"2242","1","0.00","0.00","0.00","0.00","0.00","0.00","0.00","0.00","0.00","0.00","0.00","0.00","0.00","6.67","Compound","13665","G:13665","Global","0.00","0.00","0.00","0.00","6.67","0.00","0.00","0.00","6.67","1","Paid in Full","0.00","0.00","0.00","05/27/2013","6.67","0.00","0.00","0.00","0.00","2243","1","","Open","0.00","0.00","0","6.67","Unknown","0","05/27/2013","Payment","PAY","6.67","(6.67)"
"2062","1","0.00","0.00","0.00","0.00","0.00","0.00","6.37","0.00","0.00","0.00","6.37","0.00","0.00","6.37","Compound","13666","G:13666","Global","0.00","0.00","0.00","0.00","0.00","0.00","0.00","0.00","0.00","1","Unpaid","0.00","0.00","0.00","05/27/2013","6.37","0.00","0.00","0.00","0.00"
"1958","1","0.00","0.00","0.00","0.00","0.00","0.00","0.00","0.00","0.00","0.00","0.00","0.00","0.00","1.52","Compound","13667","G:13667","Global","0.00","0.00","0.00","0.00","1.52","0.00","0.00","0.00","1.52","1","Paid in Full","0.00","0.00","0.00","05/27/2013","1.52","0.00","0.00","0.00","0.00","2433","1","","Open","0.00","0.00","0","1.52","Unknown","0","05/28/2013","Credit","CRED","5.05","(5.05)"
"2137","1","0.00","0.00","0.00","0.00","0.00","0.00","2.64","0.00","0.00","0.00","2.64","0.00","0.00","2.64","Compound","13668","G:13668","Global","0.00","0.00","0.00","0.00","0.00","0.00","0.00","0.00","0.00","1","Unpaid","0.00","0.00","0.00","05/27/2013","2.64","0.00","0.00","0.00","0.00"
"1961","1","0.00","0.00","0.00","0.00","0.00","0.00","4.71","0.00","0.00","0.00","4.71","0.00","0.00","4.71","Compound","13669","G:13669","Global","0.00","0.00","0.00","0.00","0.00","0.00","0.00","0.00","0.00","1","Unpaid","0.00","0.00","0.00","05/27/2013","4.71","0.00","0.00","0.00","0.00"
"2063","1","0.00","0.00","0.00","0.00","0.00","0.00","8.13","0.00","0.00","0.00","8.13","0.00","0.00","8.13","Compound","13670","G:13670","Global","0.00","0.00","0.00","0.00","0.00","0.00","0.00","0.00","0.00","1","Unpaid","0.00","0.00","0.00","05/27/2013","8.13","0.00","0.00","0.00","0.00"
"1962","1","0.00","0.00","0.00","0.00","0.00","0.00","0.00","0.00","0.00","0.00","0.00","0.00","0.00","10.25","Compound","13671","G:13671","Global","0.00","0.00","0.00","0.00","10.25","0.00","0.00","0.00","10.25","1","Paid in Full","0.00","0.00","0.00","05/27/2013","10.25","0.00","0.00","0.00","0.00","1963","1","","Open","0.00","0.00","0","10.25","Unknown","0","05/27/2013","Payment","PAY","10.25","(10.25)"
"2039","1","0.00","0.00","0.00","0.00","0.00","0.00","11.08","0.00","0.00","0.00","11.08","0.00","0.00","11.08","Compound","13672","G:13672","Global","0.00","0.00","0.00","0.00","0.00","0.00","0.00","0.00","0.00","1","Unpaid","0.00","0.00","0.00","05/27/2013","11.08","0.00","0.00","0.00","0.00"
"1905","1","0.00","0.00","0.00","0.00","0.00","0.00","8.59","0.00","0.00","0.00","8.59","0.00","0.00","8.59","Compound","13673","G:13673","Global","0.00","0.00","0.00","0.00","0.00","0.00","0.00","0.00","0.00","1","Unpaid","0.00","0.00","0.00","05/27/2013","8.59","0.00","0.00","0.00","0.00"
"2254","1","0.00","0.00","0.00","0.00","0.00","0.00","25.24","0.00","0.00","0.00","25.24","0.00","0.00","25.24","Compound","13674","G:13674","Global","0.00","0.00","0.00","0.00","0.00","0.00","0.00","0.00","0.00","1","Unpaid","0.00","0.00","0.00","05/27/2013","25.24","0.00","0.00","0.00","0.00"
"2000","1","0.00","0.00","0.00","0.00","0.00","0.00","10.77","0.00","0.00","0.00","10.77","0.00","0.00","10.77","Compound","13675","G:13675","Global","0.00","0.00","0.00","0.00","0.00","0.00","0.00","0.00","0.00","1","Unpaid","0.00","0.00","0.00","05/27/2013","10.77","0.00","0.00","0.00","0.00"
"2116","1","0.00","0.00","0.00","0.00","0.00","0.00","0.00","0.00","0.00","0.00","0.00","0.00","0.00","4.22","Compound","13676","G:13676","Global","0.00","0.00","0.00","0.00","4.22","0.00","0.00","0.00","4.22","1","Paid in Full","0.00","0.00","0.00","05/27/2013","4.22","0.00","0.00","0.00","0.00","2434","1","","Open","0.00","0.00","0","4.22","Unknown","0","05/28/2013","Credit","CRED","5.05","(5.05)"
"2040","1","0.00","0.00","0.00","0.00","0.00","0.00","0.00","0.00","0.00","0.00","0.00","0.00","0.00","5.64","Compound","13677","G:13677","Global","0.00","0.00","0.00","0.00","5.64","0.00","0.00","0.00","5.64","1","Paid in Full","0.00","0.00","0.00","05/27/2013","5.64","0.00","0.00","0.00","0.00","2041","1","","Open","0.00","0.00","0","5.64","Unknown","0","05/27/2013","Payment","PAY","5.64","(5.64)"
"1943","1","0.00","0.00","0.00","0.00","0.00","0.00","0.00","0.00","0.00","0.00","0.00","0.00","0.00","1.02","Compound","13678","G:13678","Global","0.00","0.00","0.00","0.00","1.02","0.00","0.00","0.00","1.02","1","Paid in Full","0.00","0.00","0.00","05/27/2013","1.02","0.00","0.00","0.00","0.00","1944","1","","Open","0.00","0.00","0","1.02","Unknown","0","05/27/2013","Payment","PAY","1.02","(1.02)"
"2139","1","0.00","0.00","0.00","0.00","0.00","0.00","7.28","0.00","0.00","0.00","7.28","0.00","0.00","7.28","Compound","13679","G:13679","Global","0.00","0.00","0.00","0.00","0.00","0.00","0.00","0.00","0.00","1","Unpaid","0.00","0.00","0.00","05/27/2013","7.28","0.00","0.00","0.00","0.00"
"1906","1","0.00","0.00","0.00","0.00","0.00","0.00","6.88","0.00","0.00","0.00","6.88","0.00","0.00","6.88","Compound","13680","G:13680","Global","0.00","0.00","0.00","0.00","0.00","0.00","0.00","0.00","0.00","1","Unpaid","0.00","0.00","0.00","05/27/2013","6.88","0.00","0.00","0.00","0.00"
"2042","1","0.00","0.00","0.00","0.00","0.00","0.00","6.06","0.00","0.00","0.00","6.06","0.00","0.00","6.06","Compound","13681","G:13681","Global","0.00","0.00","0.00","0.00","0.00","0.00","0.00","0.00","0.00","1","Unpaid","0.00","0.00","0.00","05/27/2013","6.06","0.00","0.00","0.00","0.00"
"2149","1","0.00","0.00","0.00","0.00","0.00","0.00","13.69","0.00","0.00","0.00","13.69","0.00","0.00","13.69","Compound","13682","G:13682","Global","0.00","0.00","0.00","0.00","0.00","0.00","0.00","0.00","0.00","1","Unpaid","0.00","0.00","0.00","05/27/2013","13.69","0.00","0.00","0.00","0.00"
"2162","1","0.00","0.00","0.00","0.00","0.00","0.00","0.00","0.00","0.00","0.00","0.00","0.00","0.00","10.82","Compound","13683","G:13683","Global","0.00","0.00","0.00","0.00","10.82","0.00","0.00","0.00","10.82","1","Paid in Full","0.00","0.00","0.00","05/27/2013","10.82","0.00","0.00","0.00","0.00","2163","1","","Open","0.00","0.00","0","10.82","Unknown","0","05/27/2013","Payment","PAY","10.82","(10.82)"
"2212","1","0.00","0.00","0.00","0.00","0.00","0.00","13.86","0.00","0.00","0.00","13.86","0.00","0.00","13.86","Compound","13684","G:13684","Global","0.00","0.00","0.00","0.00","0.00","0.00","0.00","0.00","0.00","1","Unpaid","0.00","0.00","0.00","05/27/2013","13.86","0.00","0.00","0.00","0.00"
"2164","1","0.00","0.00","0.00","0.00","0.00","0.00","9.18","0.00","0.00","0.00","9.18","0.00","0.00","14.23","Compound","13685","G:13685","Global","0.00","0.00","0.00","0.00","5.05","0.00","0.00","0.00","5.05","1","Partially Paid","0.00","0.00","0.00","05/27/2013","14.23","0.00","0.00","0.00","0.00","2435","1","","Open","0.00","0.00","0","5.05","Unknown","0","05/28/2013","Credit","CRED","5.05","(5.05)"
"2190","1","0.00","0.00","0.00","0.00","0.00","0.00","10.83","0.00","0.00","0.00","10.83","0.00","0.00","10.83","Compound","13686","G:13686","Global","0.00","0.00","0.00","0.00","0.00","0.00","0.00","0.00","0.00","1","Unpaid","0.00","0.00","0.00","05/27/2013","10.83","0.00","0.00","0.00","0.00"
"2165","1","0.00","0.00","0.00","0.00","0.00","0.00","2.29","0.00","0.00","0.00","2.29","0.00","0.00","2.29","Compound","13687","G:13687","Global","0.00","0.00","0.00","0.00","0.00","0.00","0.00","0.00","0.00","1","Unpaid","0.00","0.00","0.00","05/27/2013","2.29","0.00","0.00","0.00","0.00"
"2303","1","0.00","0.00","0.00","0.00","0.00","0.00","5.07","0.00","0.00","0.00","5.07","0.00","0.00","5.07","Compound","13688","G:13688","Global","0.00","0.00","0.00","0.00","0.00","0.00","0.00","0.00","0.00","1","Unpaid","0.00","0.00","0.00","05/27/2013","5.07","0.00","0.00","0.00","0.00"
"2108","1","0.00","0.00","0.00","0.00","0.00","0.00","0.00","0.00","0.00","0.00","0.00","0.00","0.00","4.71","Compound","13689","G:13689","Global","0.00","0.00","0.00","0.00","4.71","0.00","0.00","0.00","4.71","1","Paid in Full","0.00","0.00","0.00","05/27/2013","4.71","0.00","0.00","0.00","0.00","2109","1","","Open","0.00","0.00","0","4.71","Unknown","0","05/27/2013","Payment","PAY","4.71","(4.71)"
"2191","1","0.00","0.00","0.00","0.00","0.00","0.00","176.44","0.00","0.00","0.00","176.44","0.00","0.00","176.44","Compound","13690","G:13690","Global","0.00","0.00","0.00","0.00","0.00","0.00","0.00","0.00","0.00","1","Unpaid","0.00","0.00","0.00","05/27/2013","176.44","0.00","0.00","0.00","0.00"
"2287","1","0.00","0.00","0.00","0.00","0.00","0.00","7.55","0.00","0.00","0.00","7.55","0.00","0.00","7.55","Compound","13691","G:13691","Global","0.00","0.00","0.00","0.00","0.00","0.00","0.00","0.00","0.00","1","Unpaid","0.00","0.00","0.00","05/27/2013","7.55","0.00","0.00","0.00","0.00"
"2304","1","0.00","0.00","0.00","0.00","0.00","0.00","6.63","0.00","0.00","0.00","6.63","0.00","0.00","6.63","Compound","13692","G:13692","Global","0.00","0.00","0.00","0.00","0.00","0.00","0.00","0.00","0.00","1","Unpaid","0.00","0.00","0.00","05/27/2013","6.63","0.00","0.00","0.00","0.00"
"2110","1","0.00","0.00","0.00","0.00","0.00","0.00","10.56","0.00","0.00","0.00","10.56","0.00","0.00","10.56","Compound","13693","G:13693","Global","0.00","0.00","0.00","0.00","0.00","0.00","0.00","0.00","0.00","1","Unpaid","0.00","0.00","0.00","05/27/2013","10.56","0.00","0.00","0.00","0.00"
"2192","1","0.00","0.00","0.00","0.00","0.00","0.00","6.86","0.00","0.00","0.00","6.86","0.00","0.00","11.91","Compound","13694","G:13694","Global","0.00","0.00","0.00","0.00","5.05","0.00","0.00","0.00","5.05","1","Partially Paid","0.00","0.00","0.00","05/27/2013","11.91","0.00","0.00","0.00","0.00","2436","1","","Open","0.00","0.00","0","5.05","Unknown","0","05/28/2013","Credit","CRED","5.05","(5.05)"
"2217","1","0.00","0.00","0.00","0.00","0.00","0.00","0.00","0.00","0.00","0.00","0.00","0.00","0.00","12.82","Compound","13695","G:13695","Global","0.00","0.00","0.00","0.00","12.82","0.00","0.00","0.00","12.82","1","Paid in Full","0.00","0.00","0.00","05/27/2013","12.82","0.00","0.00","0.00","0.00","2218","1","","Open","0.00","0.00","0","12.82","Unknown","0","05/27/2013","Payment","PAY","12.82","(12.82)"
"2193","1","0.00","0.00","0.00","0.00","0.00","0.00","14.18","0.00","0.00","0.00","14.18","0.00","0.00","14.18","Compound","13696","G:13696","Global","0.00","0.00","0.00","0.00","0.00","0.00","0.00","0.00","0.00","1","Unpaid","0.00","0.00","0.00","05/27/2013","14.18","0.00","0.00","0.00","0.00"
"2221","1","0.00","0.00","0.00","0.00","0.00","0.00","10.79","0.00","0.00","0.00","10.79","0.00","0.00","10.79","Compound","13697","G:13697","Global","0.00","0.00","0.00","0.00","0.00","0.00","0.00","0.00","0.00","1","Unpaid","0.00","0.00","0.00","05/27/2013","10.79","0.00","0.00","0.00","0.00"
"2111","1","0.00","0.00","0.00","0.00","0.00","0.00","0.00","0.00","0.00","0.00","0.00","0.00","0.00","2.14","Compound","13698","G:13698","Global","0.00","0.00","0.00","0.00","2.14","0.00","0.00","0.00","2.14","1","Paid in Full","0.00","0.00","0.00","05/27/2013","2.14","0.00","0.00","0.00","0.00","5841","0","","Open","0.00","0.00","0","2.14","Other 2","0","11/28/2013","Payment","PAY","279.11","(279.11)"
"2140","1","0.00","0.00","0.00","0.00","0.00","0.00","6.20","0.00","0.00","0.00","6.20","0.00","0.00","6.20","Compound","13699","G:13699","Global","0.00","0.00","0.00","0.00","0.00","0.00","0.00","0.00","0.00","1","Unpaid","0.00","0.00","0.00","05/27/2013","6.20","0.00","0.00","0.00","0.00"
"2138","1","0.00","0.00","0.00","0.00","0.00","0.00","3.49","0.00","0.00","0.00","3.49","0.00","0.00","3.49","Compound","13700","G:13700","Global","0.00","0.00","0.00","0.00","0.00","0.00","0.00","0.00","0.00","1","Unpaid","0.00","0.00","0.00","05/27/2013","3.49","0.00","0.00","0.00","0.00"
"2240","1","0.00","0.00","0.00","0.00","0.00","0.00","0.00","0.00","0.00","0.00","0.00","0.00","0.00","4.48","Compound","13701","G:13701","Global","0.00","0.00","0.00","0.00","4.48","0.00","0.00","0.00","4.48","1","Paid in Full","0.00","0.00","0.00","05/27/2013","4.48","0.00","0.00","0.00","0.00","2241","1","","Open","0.00","0.00","0","4.48","Unknown","0","05/27/2013","Payment","PAY","4.48","(4.48)"
"1964","1","0.00","0.00","0.00","0.00","0.00","0.00","6.66","0.00","0.00","0.00","6.66","0.00","0.00","6.66","Compound","13702","G:13702","Global","0.00","0.00","0.00","0.00","0.00","0.00","0.00","0.00","0.00","1","Unpaid","0.00","0.00","0.00","05/27/2013","6.66","0.00","0.00","0.00","0.00"
"2166","1","0.00","0.00","0.00","0.00","0.00","0.00","0.48","0.00","0.00","0.00","0.48","0.00","0.00","5.53","Compound","13703","G:13703","Global","0.00","0.00","0.00","0.00","5.05","0.00","0.00","0.00","5.05","1","Partially Paid","0.00","0.00","0.00","05/27/2013","5.53","0.00","0.00","0.00","0.00","2437","1","","Open","0.00","0.00","0","5.05","Unknown","0","05/28/2013","Credit","CRED","5.05","(5.05)"
"2112","1","0.00","0.00","0.00","0.00","0.00","0.00","14.13","0.00","0.00","0.00","14.13","0.00","0.00","14.13","Compound","13704","G:13704","Global","0.00","0.00","0.00","0.00","0.00","0.00","0.00","0.00","0.00","1","Unpaid","0.00","0.00","0.00","05/27/2013","14.13","0.00","0.00","0.00","0.00"
"2064","1","0.00","0.00","0.00","0.00","0.00","0.00","10.56","0.00","0.00","0.00","10.56","0.00","0.00","10.56","Compound","13705","G:13705","Global","0.00","0.00","0.00","0.00","0.00","0.00","0.00","0.00","0.00","1","Unpaid","0.00","0.00","0.00","05/27/2013","10.56","0.00","0.00","0.00","0.00"
"2194","1","0.00","0.00","0.00","0.00","0.00","0.00","12.48","0.00","0.00","0.00","12.48","0.00","0.00","12.48","Compound","13706","G:13706","Global","0.00","0.00","0.00","0.00","0.00","0.00","0.00","0.00","0.00","1","Unpaid","0.00","0.00","0.00","05/27/2013","12.48","0.00","0.00","0.00","0.00"
"2065","1","0.00","0.00","0.00","0.00","0.00","0.00","0.00","0.00","0.00","0.00","0.00","0.00","0.00","13.91","Compound","13707","G:13707","Global","0.00","0.00","0.00","0.00","13.91","0.00","0.00","0.00","13.91","1","Paid in Full","0.00","0.00","0.00","05/27/2013","13.91","0.00","0.00","0.00","0.00","2066","1","","Open","0.00","0.00","0","13.91","Unknown","0","05/27/2013","Payment","PAY","13.91","(13.91)"
"2225","1","0.00","0.00","0.00","0.00","0.00","0.00","10.77","0.00","0.00","0.00","10.77","0.00","0.00","10.77","Compound","13708","G:13708","Global","0.00","0.00","0.00","0.00","0.00","0.00","0.00","0.00","0.00","1","Unpaid","0.00","0.00","0.00","05/27/2013","10.77","0.00","0.00","0.00","0.00"
"2011","1","0.00","0.00","0.00","0.00","0.00","0.00","3.28","0.00","0.00","0.00","3.28","0.00","0.00","3.28","Compound","13709","G:13709","Global","0.00","0.00","0.00","0.00","0.00","0.00","0.00","0.00","0.00","1","Unpaid","0.00","0.00","0.00","05/27/2013","3.28","0.00","0.00","0.00","0.00"
"1907","1","0.00","0.00","0.00","0.00","0.00","0.00","4.81","0.00","0.00","0.00","4.81","0.00","0.00","4.81","Compound","13710","G:13710","Global","0.00","0.00","0.00","0.00","0.00","0.00","0.00","0.00","0.00","1","Unpaid","0.00","0.00","0.00","05/27/2013","4.81","0.00","0.00","0.00","0.00"
"2012","1","0.00","0.00","0.00","0.00","0.00","0.00","3.45","0.00","0.00","0.00","3.45","0.00","0.00","3.45","Compound","13711","G:13711","Global","0.00","0.00","0.00","0.00","0.00","0.00","0.00","0.00","0.00","1","Unpaid","0.00","0.00","0.00","05/27/2013","3.45","0.00","0.00","0.00","0.00"
"1966","1","0.00","0.00","0.00","0.00","0.00","0.00","0.00","0.00","0.00","0.00","0.00","0.00","0.00","4.45","Compound","13712","G:13712","Global","0.00","0.00","0.00","0.00","4.45","0.00","0.00","0.00","4.45","1","Paid in Full","0.00","0.00","0.00","05/27/2013","4.45","0.00","0.00","0.00","0.00","2438","1","","Open","0.00","0.00","0","4.45","Unknown","0","05/28/2013","Credit","CRED","5.05","(5.05)"
"1926","1","0.00","0.00","0.00","0.00","0.00","0.00","0.00","0.00","0.00","0.00","0.00","0.00","0.00","6.73","Compound","13713","G:13713","Global","0.00","0.00","0.00","0.00","6.73","0.00","0.00","0.00","6.73","1","Paid in Full","0.00","0.00","0.00","05/27/2013","6.73","0.00","0.00","0.00","0.00","1927","1","","Open","0.00","0.00","0","6.73","Unknown","0","05/27/2013","Payment","PAY","6.73","(6.73)"
"1985","1","0.00","0.00","0.00","0.00","0.00","0.00","0.00","0.00","0.00","0.00","0.00","0.00","0.00","6.70","Compound","13714","G:13714","Global","0.00","0.00","0.00","0.00","6.70","0.00","0.00","0.00","6.70","1","Paid in Full","0.00","0.00","0.00","05/27/2013","6.70","0.00","0.00","0.00","0.00","1986","1","","Open","0.00","0.00","0","6.70","Unknown","0","05/27/2013","Payment","PAY","6.70","(6.70)"
"2153","1","0.00","0.00","0.00","0.00","0.00","0.00","13.07","0.00","0.00","0.00","13.07","0.00","0.00","13.07","Compound","13715","G:13715","Global","0.00","0.00","0.00","0.00","0.00","0.00","0.00","0.00","0.00","1","Unpaid","0.00","0.00","0.00","05/27/2013","13.07","0.00","0.00","0.00","0.00"
"2274","1","0.00","0.00","0.00","0.00","0.00","0.00","10.34","0.00","0.00","0.00","10.34","0.00","0.00","10.34","Compound","13716","G:13716","Global","0.00","0.00","0.00","0.00","0.00","0.00","0.00","0.00","0.00","1","Unpaid","0.00","0.00","0.00","05/27/2013","10.34","0.00","0.00","0.00","0.00"
"2113","1","0.00","0.00","0.00","0.00","0.00","0.00","3.56","0.00","0.00","0.00","3.56","0.00","0.00","3.56","Compound","13717","G:13717","Global","0.00","0.00","0.00","0.00","0.00","0.00","0.00","0.00","0.00","1","Unpaid","0.00","0.00","0.00","05/27/2013","3.56","0.00","0.00","0.00","0.00"
"2265","1","0.00","0.00","0.00","0.00","0.00","0.00","8.87","0.00","0.00","0.00","8.87","0.00","0.00","8.87","Compound","13718","G:13718","Global","0.00","0.00","0.00","0.00","0.00","0.00","0.00","0.00","0.00","1","Unpaid","0.00","0.00","0.00","05/27/2013","8.87","0.00","0.00","0.00","0.00"
"1959","1","0.00","0.00","0.00","0.00","0.00","0.00","0.00","0.00","0.00","0.00","0.00","0.00","0.00","11.09","Compound","13719","G:13719","Global","0.00","0.00","0.00","0.00","11.09","0.00","0.00","0.00","11.09","1","Paid in Full","0.00","0.00","0.00","05/27/2013","11.09","0.00","0.00","0.00","0.00","1960","1","","Open","0.00","0.00","0","11.09","Unknown","0","05/27/2013","Payment","PAY","11.09","(11.09)"
"2305","1","0.00","0.00","0.00","0.00","0.00","0.00","7.57","0.00","0.00","0.00","7.57","0.00","0.00","7.57","Compound","13720","G:13720","Global","0.00","0.00","0.00","0.00","0.00","0.00","0.00","0.00","0.00","1","Unpaid","0.00","0.00","0.00","05/27/2013","7.57","0.00","0.00","0.00","0.00"
"2067","1","0.00","0.00","0.00","0.00","0.00","0.00","1.25","0.00","0.00","0.00","1.25","0.00","0.00","6.30","Compound","13721","G:13721","Global","0.00","0.00","0.00","0.00","5.05","0.00","0.00","0.00","5.05","1","Partially Paid","0.00","0.00","0.00","05/27/2013","6.30","0.00","0.00","0.00","0.00","2439","1","","Open","0.00","0.00","0","5.05","Unknown","0","05/28/2013","Credit","CRED","5.05","(5.05)"
"1965","1","0.00","0.00","0.00","0.00","0.00","0.00","0.00","0.00","0.00","0.00","0.00","0.00","0.00","1.50","Compound","13722","G:13722","Global","0.00","0.00","0.00","0.00","1.50","0.00","0.00","0.00","1.50","1","Paid in Full","0.00","0.00","0.00","05/27/2013","1.50","0.00","0.00","0.00","0.00","1853","1","","Open","0.00","0.00","0","1.50","Unknown","0","04/28/2013","Credit","CRED","4.04","(4.04)"
"2014","1","0.00","0.00","0.00","0.00","0.00","0.00","4.29","0.00","0.00","0.00","4.29","0.00","0.00","4.29","Compound","13723","G:13723","Global","0.00","0.00","0.00","0.00","0.00","0.00","0.00","0.00","0.00","1","Unpaid","0.00","0.00","0.00","05/27/2013","4.29","0.00","0.00","0.00","0.00"
"2169","1","0.00","0.00","0.00","0.00","0.00","0.00","11.79","0.00","0.00","0.00","11.79","0.00","0.00","11.79","Compound","13724","G:13724","Global","0.00","0.00","0.00","0.00","0.00","0.00","0.00","0.00","0.00","1","Unpaid","0.00","0.00","0.00","05/27/2013","11.79","0.00","0.00","0.00","0.00"
"2167","1","0.00","0.00","0.00","0.00","0.00","0.00","195.69","0.00","0.00","0.00","195.69","0.00","0.00","220.73","Compound","13725","G:13725","Global","0.00","0.00","0.00","0.00","25.04","0.00","0.00","0.00","25.04","1","Partially Paid","0.00","0.00","0.00","05/27/2013","220.73","0.00","0.00","0.00","0.00","2168","1","","Open","0.00","0.00","0","25.04","Unknown","0","05/27/2013","Payment","PAY","25.04","(25.04)"
"2258","1","0.00","0.00","0.00","0.00","0.00","0.00","28.55","0.00","0.00","0.00","28.55","0.00","0.00","28.55","Compound","13726","G:13726","Global","0.00","0.00","0.00","0.00","0.00","0.00","0.00","0.00","0.00","1","Unpaid","0.00","0.00","0.00","05/27/2013","28.55","0.00","0.00","0.00","0.00"
"2195","1","0.00","0.00","0.00","0.00","0.00","0.00","16.97","0.00","0.00","0.00","16.97","0.00","0.00","16.97","Compound","13727","G:13727","Global","0.00","0.00","0.00","0.00","0.00","0.00","0.00","0.00","0.00","1","Unpaid","0.00","0.00","0.00","05/27/2013","16.97","0.00","0.00","0.00","0.00"
"1967","1","0.00","0.00","0.00","0.00","0.00","0.00","0.00","0.00","0.00","0.00","0.00","0.00","0.00","8.88","Compound","13728","G:13728","Global","0.00","0.00","0.00","0.00","8.88","0.00","0.00","0.00","8.88","1","Paid in Full","0.00","0.00","0.00","05/27/2013","8.88","0.00","0.00","0.00","0.00","1785","1","","Open","0.00","0.00","0","8.88","Visa","0","04/28/2013","Payment","PAY","309.04","(309.04)"
"1970","1","0.00","0.00","0.00","0.00","0.00","0.00","5.72","0.00","0.00","0.00","5.72","0.00","0.00","17.76","Compound","13729","G:13729","Global","0.00","0.00","0.00","0.00","12.04","0.00","0.00","0.00","12.04","1","Partially Paid","0.00","0.00","0.00","05/27/2013","17.76","0.00","0.00","0.00","0.00","1820","1","","Open","0.00","0.00","0","12.04","Unknown","0","04/28/2013","Payment","PAY","12.04","(12.04)"
"1973","1","0.00","0.00","0.00","0.00","0.00","0.00","9.24","0.00","0.00","0.00","9.24","0.00","0.00","14.29","Compound","13730","G:13730","Global","0.00","0.00","0.00","0.00","5.05","0.00","0.00","0.00","5.05","1","Partially Paid","0.00","0.00","0.00","05/27/2013","14.29","0.00","0.00","0.00","0.00","2440","1","","Open","0.00","0.00","0","5.05","Unknown","0","05/28/2013","Credit","CRED","5.05","(5.05)"
"1968","1","0.00","0.00","0.00","0.00","0.00","0.00","0.00","0.00","0.00","0.00","0.00","0.00","0.00","3.07","Compound","13731","G:13731","Global","0.00","0.00","0.00","0.00","3.07","0.00","0.00","0.00","3.07","1","Paid in Full","0.00","0.00","0.00","05/27/2013","3.07","0.00","0.00","0.00","0.00","1969","1","","Open","0.00","0.00","0","3.07","Unknown","0","05/27/2013","Payment","PAY","3.07","(3.07)"
"1971","1","0.00","0.00","0.00","0.00","0.00","0.00","0.00","0.00","0.00","0.00","0.00","0.00","0.00","7.14","Compound","13732","G:13732","Global","0.00","0.00","0.00","0.00","7.14","0.00","0.00","0.00","7.14","1","Paid in Full","0.00","0.00","0.00","05/27/2013","7.14","0.00","0.00","0.00","0.00","1972","1","","Open","0.00","0.00","0","7.14","Unknown","0","05/27/2013","Payment","PAY","7.14","(7.14)"
"2068","1","0.00","0.00","0.00","0.00","0.00","0.00","6.24","0.00","0.00","0.00","6.24","0.00","0.00","6.24","Compound","13733","G:13733","Global","0.00","0.00","0.00","0.00","0.00","0.00","0.00","0.00","0.00","1","Unpaid","0.00","0.00","0.00","05/27/2013","6.24","0.00","0.00","0.00","0.00"
"2069","1","0.00","0.00","0.00","0.00","0.00","0.00","7.89","0.00","0.00","0.00","7.89","0.00","0.00","7.89","Compound","13734","G:13734","Global","0.00","0.00","0.00","0.00","0.00","0.00","0.00","0.00","0.00","1","Unpaid","0.00","0.00","0.00","05/27/2013","7.89","0.00","0.00","0.00","0.00"
"2015","1","0.00","0.00","0.00","0.00","0.00","0.00","5.26","0.00","0.00","0.00","5.26","0.00","0.00","5.26","Compound","13735","G:13735","Global","0.00","0.00","0.00","0.00","0.00","0.00","0.00","0.00","0.00","1","Unpaid","0.00","0.00","0.00","05/27/2013","5.26","0.00","0.00","0.00","0.00"
"2310","1","0.00","0.00","0.00","0.00","0.00","0.00","5.96","0.00","0.00","0.00","5.96","0.00","0.00","31.00","Compound","13736","G:13736","Global","0.00","0.00","0.00","0.00","25.04","0.00","0.00","0.00","25.04","1","Partially Paid","0.00","0.00","0.00","05/27/2013","31.00","0.00","0.00","0.00","0.00","2311","1","","Open","0.00","0.00","0","25.04","Unknown","0","05/27/2013","Payment","PAY","25.04","(25.04)"
"2196","1","0.00","0.00","0.00","0.00","0.00","0.00","16.10","0.00","0.00","0.00","16.10","0.00","0.00","16.10","Compound","13737","G:13737","Global","0.00","0.00","0.00","0.00","0.00","0.00","0.00","0.00","0.00","1","Unpaid","0.00","0.00","0.00","05/27/2013","16.10","0.00","0.00","0.00","0.00"
"2197","1","0.00","0.00","0.00","0.00","0.00","0.00","15.60","0.00","0.00","0.00","15.60","0.00","0.00","20.65","Compound","13738","G:13738","Global","0.00","0.00","0.00","0.00","5.05","0.00","0.00","0.00","5.05","1","Partially Paid","0.00","0.00","0.00","05/27/2013","20.65","0.00","0.00","0.00","0.00","2441","1","","Open","0.00","0.00","0","5.05","Unknown","0","05/28/2013","Credit","CRED","5.05","(5.05)"
"2275","1","0.00","0.00","0.00","0.00","0.00","0.00","13.78","0.00","0.00","0.00","13.78","0.00","0.00","13.78","Compound","13739","G:13739","Global","0.00","0.00","0.00","0.00","0.00","0.00","0.00","0.00","0.00","1","Unpaid","0.00","0.00","0.00","05/27/2013","13.78","0.00","0.00","0.00","0.00"
"1908","1","0.00","0.00","0.00","0.00","0.00","0.00","10.50","0.00","0.00","0.00","10.50","0.00","0.00","10.50","Compound","13740","G:13740","Global","0.00","0.00","0.00","0.00","0.00","0.00","0.00","0.00","0.00","1","Unpaid","0.00","0.00","0.00","05/27/2013","10.50","0.00","0.00","0.00","0.00"
"2016","1","0.00","0.00","0.00","0.00","0.00","0.00","0.83","0.00","0.00","0.00","0.83","0.00","0.00","0.83","Compound","13741","G:13741","Global","0.00","0.00","0.00","0.00","0.00","0.00","0.00","0.00","0.00","1","Unpaid","0.00","0.00","0.00","05/27/2013","0.83","0.00","0.00","0.00","0.00"
"2288","1","0.00","0.00","0.00","0.00","0.00","0.00","0.00","0.00","0.00","0.00","0.00","0.00","0.00","3.42","Compound","13742","G:13742","Global","0.00","0.00","0.00","0.00","3.42","0.00","0.00","0.00","3.42","1","Paid in Full","0.00","0.00","0.00","05/27/2013","3.42","0.00","0.00","0.00","0.00","2289","1","","Open","0.00","0.00","0","3.42","Unknown","0","05/27/2013","Payment","PAY","3.42","(3.42)"
"1976","1","0.00","0.00","0.00","0.00","0.00","0.00","0.00","0.00","0.00","0.00","0.00","0.00","0.00","2.81","Compound","13743","G:13743","Global","0.00","0.00","0.00","0.00","2.81","0.00","0.00","0.00","2.81","1","Paid in Full","0.00","0.00","0.00","05/27/2013","2.81","0.00","0.00","0.00","0.00","1977","1","","Open","0.00","0.00","0","2.81","Unknown","0","05/27/2013","Payment","PAY","2.81","(2.81)"
"2070","1","0.00","0.00","0.00","0.00","0.00","0.00","4.22","0.00","0.00","0.00","4.22","0.00","0.00","4.22","Compound","13744","G:13744","Global","0.00","0.00","0.00","0.00","0.00","0.00","0.00","0.00","0.00","1","Unpaid","0.00","0.00","0.00","05/27/2013","4.22","0.00","0.00","0.00","0.00"
"1909","1","0.00","0.00","0.00","0.00","0.00","0.00","6.59","0.00","0.00","0.00","6.59","0.00","0.00","6.59","Compound","13745","G:13745","Global","0.00","0.00","0.00","0.00","0.00","0.00","0.00","0.00","0.00","1","Unpaid","0.00","0.00","0.00","05/27/2013","6.59","0.00","0.00","0.00","0.00"
"2089","1","0.00","0.00","0.00","0.00","0.00","0.00","5.77","0.00","0.00","0.00","5.77","0.00","0.00","5.77","Compound","13746","G:13746","Global","0.00","0.00","0.00","0.00","0.00","0.00","0.00","0.00","0.00","1","Unpaid","0.00","0.00","0.00","05/27/2013","5.77","0.00","0.00","0.00","0.00"
"2171","1","0.00","0.00","0.00","0.00","0.00","0.00","12.10","0.00","0.00","0.00","12.10","0.00","0.00","17.15","Compound","13747","G:13747","Global","0.00","0.00","0.00","0.00","5.05","0.00","0.00","0.00","5.05","1","Partially Paid","0.00","0.00","0.00","05/27/2013","17.15","0.00","0.00","0.00","0.00","2442","1","","Open","0.00","0.00","0","5.05","Unknown","0","05/28/2013","Credit","CRED","5.05","(5.05)"
"1875","1","0.00","0.00","0.00","0.00","0.00","0.00","0.00","0.00","0.00","0.00","0.00","0.00","0.00","11.89","Compound","13748","G:13748","Global","0.00","0.00","0.00","0.00","11.89","0.00","0.00","0.00","11.89","1","Paid in Full","0.00","0.00","0.00","05/27/2013","11.89","0.00","0.00","0.00","0.00","1876","1","","Open","0.00","0.00","0","11.89","Unknown","0","05/27/2013","Payment","PAY","11.89","(11.89)"
"2246","1","0.00","0.00","0.00","0.00","0.00","0.00","12.47","0.00","0.00","0.00","12.47","0.00","0.00","12.47","Compound","13749","G:13749","Global","0.00","0.00","0.00","0.00","0.00","0.00","0.00","0.00","0.00","1","Unpaid","0.00","0.00","0.00","05/27/2013","12.47","0.00","0.00","0.00","0.00"
"2043","1","0.00","0.00","0.00","0.00","0.00","0.00","13.95","0.00","0.00","0.00","13.95","0.00","0.00","13.95","Compound","13750","G:13750","Global","0.00","0.00","0.00","0.00","0.00","0.00","0.00","0.00","0.00","1","Unpaid","0.00","0.00","0.00","05/27/2013","13.95","0.00","0.00","0.00","0.00"
"1956","1","0.00","0.00","0.00","0.00","0.00","0.00","10.56","0.00","0.00","0.00","10.56","0.00","0.00","10.56","Compound","13751","G:13751","Global","0.00","0.00","0.00","0.00","0.00","0.00","0.00","0.00","0.00","1","Unpaid","0.00","0.00","0.00","05/27/2013","10.56","0.00","0.00","0.00","0.00"
"2017","1","0.00","0.00","0.00","0.00","0.00","0.00","2.02","0.00","0.00","0.00","2.02","0.00","0.00","2.02","Compound","13752","G:13752","Global","0.00","0.00","0.00","0.00","0.00","0.00","0.00","0.00","0.00","1","Unpaid","0.00","0.00","0.00","05/27/2013","2.02","0.00","0.00","0.00","0.00"
"1998","1","450.71","469.87","129.32","134.82","0.00","0.00","4.25","5.50","0.00","5.50","139.07","0.00","0.00","4.25","Compound","13753","G:13753","Global","321.39","335.05","0.00","0.00","0.00","13.66","0.00","13.66","335.05","1","Partially Paid","19.16","0.00","19.16","05/27/2013","474.12","0.00","0.00","0.00","0.00","2377","1","","Open","335.05","0.00","0","0.00","Master Card","0","05/28/2013","Payment","PAY","335.05","(335.05)"
"1945","1","0.00","0.00","0.00","0.00","0.00","0.00","0.00","0.00","0.00","0.00","0.00","0.00","0.00","3.33","Compound","13754","G:13754","Global","0.00","0.00","0.00","0.00","3.33","0.00","0.00","0.00","3.33","1","Paid in Full","0.00","0.00","0.00","05/27/2013","3.33","0.00","0.00","0.00","0.00","1946","1","","Open","0.00","0.00","0","3.33","Unknown","0","05/27/2013","Payment","PAY","3.33","(3.33)"
"1910","1","883.60","921.15","536.73","559.54","0.00","0.00","0.48","22.81","0.00","22.81","560.02","0.00","0.00","0.48","Compound","13755","G:13755","Global","346.87","361.61","0.00","0.00","0.00","14.74","0.00","14.74","361.61","1","Partially Paid","37.55","0.00","37.55","05/27/2013","921.63","0.00","0.00","0.00","0.00","1911","1","","Open","24.53","0.00","0","0.00","Unknown","0","05/27/2013","Payment","PAY","24.53","(24.53)","4129","1","","Open","337.08","0.00","0","0.00","Debit Card","0","08/28/2013","Payment","PAY","337.08","(337.08)"
"2308","1","1103.18","1150.07","1077.94","1123.75","0.00","0.00","1.91","45.81","0.00","45.81","1125.66","0.00","0.00","1.91","Compound","13756","G:13756","Global","25.24","26.32","0.00","0.00","0.00","1.08","0.00","1.08","26.32","1","Partially Paid","46.89","0.00","46.89","05/27/2013","1151.98","0.00","0.00","0.00","0.00","2309","1","","Open","21.27","0.00","0","0.00","Unknown","0","05/27/2013","Payment","PAY","21.27","(21.27)","2443","1","","Open","5.05","0.00","0","0.00","Unknown","0","05/28/2013","Credit","CRED","5.05","(5.05)"
"2247","1","0.00","0.00","0.00","0.00","0.00","0.00","5.61","0.00","0.00","0.00","5.61","0.00","0.00","5.61","Compound","13757","G:13757","Global","0.00","0.00","0.00","0.00","0.00","0.00","0.00","0.00","0.00","1","Unpaid","0.00","0.00","0.00","05/27/2013","5.61","0.00","0.00","0.00","0.00"
"2249","1","1548.67","1614.49","896.25","934.34","0.00","0.00","8.12","38.09","0.00","38.09","942.46","0.00","0.00","8.12","Compound","13758","G:13758","Global","652.42","680.15","0.00","0.00","0.00","27.73","0.00","27.73","680.15","1","Partially Paid","65.82","0.00","65.82","05/27/2013","1622.61","0.00","0.00","0.00","0.00","2378","1","","Open","340.05","0.00","0","0.00","Master Card","0","05/28/2013","Payment","PAY","340.05","(340.05)","5285","1","","Open","340.10","0.00","0","0.00","Other 1","0","10/28/2013","Payment","PAY","340.10","(340.10)"
"2071","1","1774.57","1849.99","1774.57","1849.99","0.00","0.00","244.73","75.42","0.00","75.42","2094.72","0.00","0.00","244.73","Compound","13759","G:13759","Global","0.00","0.00","0.00","0.00","0.00","0.00","0.00","0.00","0.00","1","Unpaid","75.42","0.00","75.42","05/27/2013","2094.72","0.00","0.00","0.00","0.00"
"2290","1","2002.57","2087.68","1978.55","2062.64","0.00","0.00","4.64","84.09","0.00","84.09","2067.28","0.00","0.00","4.64","Compound","13760","G:13760","Global","24.02","25.04","0.00","0.00","0.00","1.02","0.00","1.02","25.04","1","Partially Paid","85.11","0.00","85.11","05/27/2013","2092.32","0.00","0.00","0.00","0.00","2291","1","","Open","25.04","0.00","0","0.00","Unknown","0","05/27/2013","Payment","PAY","25.04","(25.04)"
"2219","1","2232.67","2327.56","2213.72","2307.80","0.00","0.00","5.10","94.08","0.00","94.08","2312.90","0.00","0.00","5.10","Compound","13761","G:13761","Global","18.95","19.76","0.00","0.00","0.00","0.81","0.00","0.81","19.76","1","Partially Paid","94.89","0.00","94.89","05/27/2013","2332.66","0.00","0.00","0.00","0.00","2220","1","","Open","19.76","0.00","0","0.00","Unknown","0","05/27/2013","Payment","PAY","19.76","(19.76)"
"2250","1","2464.88","2569.64","2464.88","2569.64","0.00","0.00","0.99","104.76","0.00","104.76","2570.63","0.00","0.00","0.99","Compound","13762","G:13762","Global","0.00","0.00","0.00","0.00","0.00","0.00","0.00","0.00","0.00","1","Unpaid","104.76","0.00","104.76","05/27/2013","2570.63","0.00","0.00","0.00","0.00"
"2312","1","237.44","247.53","0.00","0.00","0.00","0.00","2.25","0.00","0.00","0.00","2.25","0.00","0.00","2.25","Compound","13763","G:13763","Global","237.44","247.53","0.00","0.00","0.00","10.09","0.00","10.09","247.53","1","Partially Paid","10.09","0.00","10.09","05/27/2013","249.78","0.00","0.00","0.00","0.00","2379","1","","Open","247.53","0.00","0","0.00","Master Card","0","05/28/2013","Payment","PAY","345.05","(345.05)"
"2141","1","450.71","469.87","350.36","365.25","0.00","0.00","2.75","14.89","0.00","14.89","368.00","0.00","0.00","2.75","Compound","13764","G:13764","Global","100.35","104.62","0.00","0.00","0.00","4.27","0.00","4.27","104.62","1","Partially Paid","19.16","0.00","19.16","05/27/2013","472.62","0.00","0.00","0.00","0.00","4710","1","","Open","104.62","0.00","0","0.00","Electronic Transfer","0","09/28/2013","Payment","PAY","346.09","(346.09)"
"2313","1","0.00","0.00","0.00","0.00","0.00","0.00","0.00","0.00","0.00","0.00","0.00","0.00","0.00","3.21","Compound","13765","G:13765","Global","0.00","0.00","0.00","0.00","3.21","0.00","0.00","0.00","3.21","1","Paid in Full","0.00","0.00","0.00","05/27/2013","3.21","0.00","0.00","0.00","0.00","2444","1","","Open","0.00","0.00","0","3.21","Unknown","0","05/28/2013","Credit","CRED","5.05","(5.05)"
"2215","1","0.00","0.00","0.00","0.00","0.00","0.00","0.00","0.00","0.00","0.00","0.00","0.00","0.00","0.44","Compound","13766","G:13766","Global","0.00","0.00","0.00","0.00","0.44","0.00","0.00","0.00","0.44","1","Paid in Full","0.00","0.00","0.00","05/27/2013","0.44","0.00","0.00","0.00","0.00","1858","1","","Open","0.00","0.00","0","0.44","Unknown","0","04/28/2013","Credit","CRED","4.04","(4.04)"
"1978","1","1103.18","1150.07","1082.48","1128.49","0.00","0.00","1.76","46.01","0.00","46.01","1130.25","0.00","0.00","1.76","Compound","13767","G:13767","Global","20.70","21.58","0.00","0.00","0.00","0.88","0.00","0.88","21.58","1","Partially Paid","46.89","0.00","46.89","05/27/2013","1151.83","0.00","0.00","0.00","0.00","1979","1","","Open","21.58","0.00","0","0.00","Unknown","0","05/27/2013","Payment","PAY","21.58","(21.58)"
"2314","1","0.00","0.00","0.00","0.00","0.00","0.00","3.04","0.00","0.00","0.00","3.04","0.00","0.00","3.04","Compound","13768","G:13768","Global","0.00","0.00","0.00","0.00","0.00","0.00","0.00","0.00","0.00","1","Unpaid","0.00","0.00","0.00","05/27/2013","3.04","0.00","0.00","0.00","0.00"
"2251","1","1548.67","1614.49","1211.89","1263.40","0.00","0.00","6.20","51.51","0.00","51.51","1269.60","0.00","0.00","6.20","Compound","13769","G:13769","Global","336.78","351.09","0.00","0.00","0.00","14.31","0.00","14.31","351.09","1","Partially Paid","65.82","0.00","65.82","05/27/2013","1620.69","0.00","0.00","0.00","0.00","4711","1","","Open","351.09","0.00","0","0.00","Electronic Transfer","0","09/28/2013","Payment","PAY","351.09","(351.09)"
"2172","1","1774.57","1849.99","1774.57","1849.99","0.00","0.00","2.62","75.42","0.00","75.42","1852.61","0.00","0.00","2.62","Compound","13770","G:13770","Global","0.00","0.00","0.00","0.00","0.00","0.00","0.00","0.00","0.00","1","Unpaid","75.42","0.00","75.42","05/27/2013","1852.61","0.00","0.00","0.00","0.00"
"2018","1","2002.57","2087.68","2002.57","2087.68","0.00","0.00","3.51","85.11","0.00","85.11","2091.19","0.00","0.00","3.51","Compound","13771","G:13771","Global","0.00","0.00","0.00","0.00","0.00","0.00","0.00","0.00","0.00","1","Unpaid","85.11","0.00","85.11","05/27/2013","2091.19","0.00","0.00","0.00","0.00"
"2173","1","2232.67","2327.56","2208.65","2302.52","0.00","0.00","3.94","93.87","0.00","93.87","2306.46","0.00","0.00","3.94","Compound","13772","G:13772","Global","24.02","25.04","0.00","0.00","0.00","1.02","0.00","1.02","25.04","1","Partially Paid","94.89","0.00","94.89","05/27/2013","2331.50","0.00","0.00","0.00","0.00","2174","1","","Open","25.04","0.00","0","0.00","Unknown","0","05/27/2013","Payment","PAY","25.04","(25.04)"
"2019","1","2464.88","2569.64","2102.60","2191.97","0.00","0.00","1.48","89.37","0.00","89.37","2193.45","0.00","0.00","1.48","Compound","13773","G:13773","Global","362.28","377.67","0.00","0.00","0.00","15.39","0.00","15.39","377.67","1","Partially Paid","104.76","0.00","104.76","05/27/2013","2571.12","0.00","0.00","0.00","0.00","2020","1","","Open","22.62","0.00","0","0.00","Unknown","0","05/27/2013","Payment","PAY","22.62","(22.62)","2381","1","","Open","355.05","0.00","0","0.00","Master Card","0","05/28/2013","Payment","PAY","355.05","(355.05)"
"1912","1","237.44","247.53","232.60","242.48","0.00","0.00","0.84","9.88","0.00","9.88","243.32","0.00","0.00","0.84","Compound","13774","G:13774","Global","4.84","5.05","0.00","0.00","0.00","0.21","0.00","0.21","5.05","1","Partially Paid","10.09","0.00","10.09","05/27/2013","248.37","0.00","0.00","0.00","0.00","2445","1","","Open","5.05","0.00","0","0.00","Unknown","0","05/28/2013","Credit","CRED","5.05","(5.05)"
"2072","1","450.71","469.87","345.63","360.32","0.00","0.00","2.63","14.69","0.00","14.69","362.95","0.00","0.00","2.63","Compound","13775","G:13775","Global","105.08","109.55","0.00","0.00","0.00","4.47","0.00","4.47","109.55","1","Partially Paid","19.16","0.00","19.16","05/27/2013","472.50","0.00","0.00","0.00","0.00","4133","1","","Open","109.55","0.00","0","0.00","Debit Card","0","08/28/2013","Payment","PAY","357.08","(357.08)"
"2175","1","0.00","0.00","0.00","0.00","0.00","0.00","3.14","0.00","0.00","0.00","3.14","0.00","0.00","3.14","Compound","13776","G:13776","Global","0.00","0.00","0.00","0.00","0.00","0.00","0.00","0.00","0.00","1","Unpaid","0.00","0.00","0.00","05/27/2013","3.14","0.00","0.00","0.00","0.00"
"2170","1","883.60","921.15","539.18","562.09","0.00","0.00","0.33","22.91","0.00","22.91","562.42","0.00","0.00","0.33","Compound","13777","G:13777","Global","344.42","359.06","0.00","0.00","0.00","14.64","0.00","14.64","359.06","1","Partially Paid","37.55","0.00","37.55","05/27/2013","921.48","0.00","0.00","0.00","0.00","2967","1","","Open","359.06","0.00","0","0.00","Discover","0","06/28/2013","Payment","PAY","359.06","(359.06)"
"1980","1","1103.18","1150.07","733.79","764.98","0.00","0.00","3.14","31.19","0.00","31.19","768.12","0.00","0.00","3.14","Compound","13778","G:13778","Global","369.39","385.09","0.00","0.00","0.00","15.70","0.00","15.70","385.09","1","Partially Paid","46.89","0.00","46.89","05/27/2013","1153.21","0.00","0.00","0.00","0.00","1981","1","","Open","25.04","0.00","0","0.00","Unknown","0","05/27/2013","Payment","PAY","25.04","(25.04)","2382","1","","Open","360.05","0.00","0","0.00","Master Card","0","05/28/2013","Payment","PAY","360.05","(360.05)"
"2276","1","0.00","0.00","0.00","0.00","0.00","0.00","19.15","0.00","0.00","0.00","19.15","0.00","0.00","19.15","Compound","13779","G:13779","Global","0.00","0.00","0.00","0.00","0.00","0.00","0.00","0.00","0.00","1","Unpaid","0.00","0.00","0.00","05/27/2013","19.15","0.00","0.00","0.00","0.00"
"2150","1","1548.67","1614.49","1201.35","1252.41","0.00","0.00","19.09","51.06","0.00","51.06","1271.50","0.00","0.00","19.09","Compound","13780","G:13780","Global","347.32","362.08","0.00","0.00","0.00","14.76","0.00","14.76","362.08","1","Partially Paid","65.82","0.00","65.82","05/27/2013","1633.58","0.00","0.00","0.00","0.00","4134","1","","Open","362.08","0.00","0","0.00","Debit Card","0","08/28/2013","Payment","PAY","362.08","(362.08)"
"1982","1","1774.57","1849.99","1774.57","1849.99","0.00","0.00","1.24","75.42","0.00","75.42","1851.23","0.00","0.00","1.24","Compound","13781","G:13781","Global","0.00","0.00","0.00","0.00","0.00","0.00","0.00","0.00","0.00","1","Unpaid","75.42","0.00","75.42","05/27/2013","1851.23","0.00","0.00","0.00","0.00"
"2198","1","2002.57","2087.68","2002.57","2087.68","0.00","0.00","10.70","85.11","0.00","85.11","2098.38","0.00","0.00","10.70","Compound","13782","G:13782","Global","0.00","0.00","0.00","0.00","0.00","0.00","0.00","0.00","0.00","1","Unpaid","85.11","0.00","85.11","05/27/2013","2098.38","0.00","0.00","0.00","0.00"
"2315","1","2232.67","2327.56","1877.66","1957.46","0.00","0.00","18.48","79.80","0.00","79.80","1975.94","0.00","0.00","18.48","Compound","13783","G:13783","Global","355.01","370.10","0.00","0.00","0.00","15.09","0.00","15.09","370.10","1","Partially Paid","94.89","0.00","94.89","05/27/2013","2346.04","0.00","0.00","0.00","0.00","2383","1","","Open","365.05","0.00","0","0.00","Master Card","0","05/28/2013","Payment","PAY","365.05","(365.05)","2446","1","","Open","5.05","0.00","0","0.00","Unknown","0","05/28/2013","Credit","CRED","5.05","(5.05)"
"2199","1","2464.88","2569.64","2440.86","2544.60","0.00","0.00","2.20","103.74","0.00","103.74","2546.80","0.00","0.00","2.20","Compound","13784","G:13784","Global","24.02","25.04","0.00","0.00","0.00","1.02","0.00","1.02","25.04","1","Partially Paid","104.76","0.00","104.76","05/27/2013","2571.84","0.00","0.00","0.00","0.00","2200","1","","Open","25.04","0.00","0","0.00","Unknown","0","05/27/2013","Payment","PAY","25.04","(25.04)"
"1983","1","237.44","247.53","213.74","222.82","0.00","0.00","0.17","9.08","0.00","9.08","222.99","0.00","0.00","0.17","Compound","13785","G:13785","Global","23.70","24.71","0.00","0.00","0.00","1.01","0.00","1.01","24.71","1","Partially Paid","10.09","0.00","10.09","05/27/2013","247.70","0.00","0.00","0.00","0.00","1984","1","","Open","24.71","0.00","0","0.00","Unknown","0","05/27/2013","Payment","PAY","24.71","(24.71)"
"2021","1","450.71","469.87","335.09","349.33","0.00","0.00","2.57","14.24","0.00","14.24","351.90","0.00","0.00","2.57","Compound","13786","G:13786","Global","115.62","120.54","0.00","0.00","0.00","4.92","0.00","4.92","120.54","1","Partially Paid","19.16","0.00","19.16","05/27/2013","472.44","0.00","0.00","0.00","0.00","3555","1","","Open","120.54","0.00","0","0.00","Japan Credit Bureau (JCB)","0","07/28/2013","Payment","PAY","368.07","(368.07)"
"2114","1","0.00","0.00","0.00","0.00","0.00","0.00","6.46","0.00","0.00","0.00","6.46","0.00","0.00","6.46","Compound","13787","G:13787","Global","0.00","0.00","0.00","0.00","0.00","0.00","0.00","0.00","0.00","1","Unpaid","0.00","0.00","0.00","05/27/2013","6.46","0.00","0.00","0.00","0.00"
"2044","1","883.60","921.15","528.63","551.10","0.00","0.00","2.18","22.47","0.00","22.47","553.28","0.00","0.00","2.18","Compound","13788","G:13788","Global","354.97","370.05","0.00","0.00","0.00","15.08","0.00","15.08","370.05","1","Partially Paid","37.55","0.00","37.55","05/27/2013","923.33","0.00","0.00","0.00","0.00","2384","1","","Open","370.05","0.00","0","0.00","Master Card","0","05/28/2013","Payment","PAY","370.05","(370.05)"
"2073","1","1103.18","1150.07","1103.18","1150.07","0.00","0.00","3.07","46.89","0.00","46.89","1153.14","0.00","0.00","3.07","Compound","13789","G:13789","Global","0.00","0.00","0.00","0.00","0.00","0.00","0.00","0.00","0.00","1","Unpaid","46.89","0.00","46.89","05/27/2013","1153.14","0.00","0.00","0.00","0.00"
"1913","1","0.00","0.00","0.00","0.00","0.00","0.00","0.00","0.00","0.00","0.00","0.00","0.00","0.00","0.59","Compound","13790","G:13790","Global","0.00","0.00","0.00","0.00","0.59","0.00","0.00","0.00","0.59","1","Paid in Full","0.00","0.00","0.00","05/27/2013","0.59","0.00","0.00","0.00","0.00","1914","1","","Open","0.00","0.00","0","0.59","Unknown","0","05/27/2013","Payment","PAY","0.59","(0.59)"
"2302","1","0.00","0.00","0.00","0.00","0.00","0.00","23.51","0.00","0.00","0.00","23.51","0.00","0.00","23.51","Compound","13791","G:13791","Global","0.00","0.00","0.00","0.00","0.00","0.00","0.00","0.00","0.00","1","Unpaid","0.00","0.00","0.00","05/27/2013","23.51","0.00","0.00","0.00","0.00"
"2210","1","1774.57","1849.99","1386.97","1445.91","0.00","0.00","0.00","58.94","0.00","58.94","1445.91","0.00","0.00","0.00","Compound","13792","G:13792","Global","387.60","404.08","0.00","0.00","0.00","16.48","0.00","16.48","404.08","1","Partially Paid","75.42","0.00","75.42","05/27/2013","1849.99","0.00","0.00","0.00","0.00","237","1","274","Open","374.01","0.00","0","0.00","Check","0","01/28/2013","Payment","PAY","374.01","(374.01)","2211","1","","Open","25.02","0.00","0","0.00","Unknown","0","05/27/2013","Payment","PAY","25.02","(25.02)","2447","1","","Open","5.05","0.00","0","0.00","Unknown","0","05/28/2013","Credit","CRED","5.05","(5.05)"
"1916","1","2002.57","2087.68","1614.94","1683.58","0.00","0.00","0.00","68.64","0.00","68.64","1683.58","0.00","0.00","0.00","Compound","13793","G:13793","Global","387.63","404.10","0.00","0.00","0.00","16.47","0.00","16.47","404.10","1","Partially Paid","85.11","0.00","85.11","05/27/2013","2087.68","0.00","0.00","0.00","0.00","1861","1","","Open","4.04","0.00","0","0.00","Unknown","0","04/28/2013","Credit","CRED","4.04","(4.04)","1917","1","","Open","25.01","0.00","0","0.00","Unknown","0","05/27/2013","Payment","PAY","25.01","(25.01)","2385","1","","Open","375.05","0.00","0","0.00","Master Card","0","05/28/2013","Payment","PAY","375.05","(375.05)"
"1915","1","2232.67","2327.56","2185.62","2278.51","0.00","0.00","277.20","92.89","0.00","92.89","2555.71","0.00","0.00","277.20","Compound","13794","G:13794","Global","47.05","49.05","0.00","0.00","0.00","2.00","0.00","2.00","49.05","1","Partially Paid","94.89","0.00","94.89","05/27/2013","2604.76","0.00","0.00","0.00","0.00","2324","1","","Open","49.05","0.00","0","0.00","Unknown","0","05/28/2013","Discount","DISC","49.05","(49.05)"
"2115","1","2464.88","2569.64","2464.88","2569.64","0.00","0.00","2.24","104.76","0.00","104.76","2571.88","0.00","0.00","2.24","Compound","13795","G:13795","Global","0.00","0.00","0.00","0.00","0.00","0.00","0.00","0.00","0.00","1","Unpaid","104.76","0.00","104.76","05/27/2013","2571.88","0.00","0.00","0.00","0.00"
"2074","1","237.44","247.53","213.42","222.49","0.00","0.00","3.05","9.07","0.00","9.07","225.54","0.00","0.00","3.05","Compound","13796","G:13796","Global","24.02","25.04","0.00","0.00","0.00","1.02","0.00","1.02","25.04","1","Partially Paid","10.09","0.00","10.09","05/27/2013","250.58","0.00","0.00","0.00","0.00","2075","1","","Open","25.04","0.00","0","0.00","Unknown","0","05/27/2013","Payment","PAY","25.04","(25.04)"
"1918","1","450.71","469.87","302.00","314.84","0.00","0.00","1.01","12.84","0.00","12.84","315.85","0.00","0.00","1.01","Compound","13797","G:13797","Global","148.71","155.03","0.00","0.00","0.00","6.32","0.00","6.32","155.03","1","Partially Paid","19.16","0.00","19.16","05/27/2013","470.88","0.00","0.00","0.00","0.00","1919","1","","Open","23.50","0.00","0","0.00","Unknown","0","05/27/2013","Payment","PAY","23.50","(23.50)","2971","1","","Open","131.53","0.00","0","0.00","Discover","0","06/28/2013","Payment","PAY","379.06","(379.06)"
"2076","1","0.00","0.00","0.00","0.00","0.00","0.00","6.61","0.00","0.00","0.00","6.61","0.00","0.00","6.61","Compound","13798","G:13798","Global","0.00","0.00","0.00","0.00","0.00","0.00","0.00","0.00","0.00","1","Unpaid","0.00","0.00","0.00","05/27/2013","6.61","0.00","0.00","0.00","0.00"
"1942","1","883.60","921.15","518.04","540.06","0.00","0.00","0.21","22.02","0.00","22.02","540.27","0.00","0.00","0.21","Compound","13799","G:13799","Global","365.56","381.09","0.00","0.00","0.00","15.53","0.00","15.53","381.09","1","Partially Paid","37.55","0.00","37.55","05/27/2013","921.36","0.00","0.00","0.00","0.00","4717","1","","Open","381.09","0.00","0","0.00","Electronic Transfer","0","09/28/2013","Payment","PAY","381.09","(381.09)"
"2077","1","1103.18","1150.07","1103.18","1150.07","0.00","0.00","1.74","46.89","0.00","46.89","1151.81","0.00","0.00","1.74","Compound","13800","G:13800","Global","0.00","0.00","0.00","0.00","0.00","0.00","0.00","0.00","0.00","1","Unpaid","46.89","0.00","46.89","05/27/2013","1151.81","0.00","0.00","0.00","0.00"
"1988","1","0.00","0.00","0.00","0.00","0.00","0.00","0.49","0.00","0.00","0.00","0.49","0.00","0.00","5.54","Compound","13801","G:13801","Global","0.00","0.00","0.00","0.00","5.05","0.00","0.00","0.00","5.05","1","Partially Paid","0.00","0.00","0.00","05/27/2013","5.54","0.00","0.00","0.00","0.00","2448","1","","Open","0.00","0.00","0","5.05","Unknown","0","05/28/2013","Credit","CRED","5.05","(5.05)"
"2222","1","1548.67","1614.49","787.80","821.28","0.00","0.00","6.52","33.48","0.00","33.48","827.80","0.00","0.00","6.52","Compound","13802","G:13802","Global","760.87","793.21","0.00","0.00","0.00","32.34","0.00","32.34","793.21","1","Partially Paid","65.82","0.00","65.82","05/27/2013","1621.01","0.00","0.00","0.00","0.00","2223","1","","Open","25.04","0.00","0","0.00","Unknown","0","05/27/2013","Payment","PAY","25.04","(25.04)","2972","1","","Open","384.06","0.00","0","0.00","Discover","0","06/28/2013","Payment","PAY","384.06","(384.06)","5863","0","","Open","384.11","0.00","0","0.00","Other 2","0","11/28/2013","Payment","PAY","384.11","(384.11)"
"2201","1","1774.57","1849.99","1385.45","1444.33","0.00","0.00","4.28","58.88","0.00","58.88","1448.61","0.00","0.00","4.28","Compound","13803","G:13803","Global","389.12","405.66","0.00","0.00","0.00","16.54","0.00","16.54","405.66","1","Partially Paid","75.42","0.00","75.42","05/27/2013","1854.27","0.00","0.00","0.00","0.00","2202","1","","Open","20.61","0.00","0","0.00","Unknown","0","05/27/2013","Payment","PAY","20.61","(20.61)","2387","1","","Open","385.05","0.00","0","0.00","Master Card","0","05/28/2013","Payment","PAY","385.05","(385.05)"
"2117","1","2002.57","2087.68","1988.58","2073.10","0.00","0.00","3.72","84.52","0.00","84.52","2076.82","0.00","0.00","3.72","Compound","13804","G:13804","Global","13.99","14.58","0.00","0.00","0.00","0.59","0.00","0.59","14.58","1","Partially Paid","85.11","0.00","85.11","05/27/2013","2091.40","0.00","0.00","0.00","0.00","2118","1","","Open","14.58","0.00","0","0.00","Unknown","0","05/27/2013","Payment","PAY","14.58","(14.58)"
"2078","1","2232.67","2327.56","2232.67","2327.56","0.00","0.00","4.16","94.89","0.00","94.89","2331.72","0.00","0.00","4.16","Compound","13805","G:13805","Global","0.00","0.00","0.00","0.00","0.00","0.00","0.00","0.00","0.00","1","Unpaid","94.89","0.00","94.89","05/27/2013","2331.72","0.00","0.00","0.00","0.00"
"2119","1","2464.88","2569.64","2437.72","2541.33","0.00","0.00","0.00","103.61","0.00","103.61","2541.33","0.00","0.00","0.00","Compound","13806","G:13806","Global","27.16","28.31","0.00","0.00","0.00","1.15","0.00","1.15","28.31","1","Partially Paid","104.76","0.00","104.76","05/27/2013","2569.64","0.00","0.00","0.00","0.00","729","1","","Open","28.31","0.00","0","0.00","Cash","0","02/28/2013","Payment","PAY","388.02","(388.02)"
"2022","1","237.44","247.53","237.44","247.53","0.00","0.00","0.77","10.09","0.00","10.09","248.30","0.00","0.00","0.77","Compound","13807","G:13807","Global","0.00","0.00","0.00","0.00","0.00","0.00","0.00","0.00","0.00","1","Unpaid","10.09","0.00","10.09","05/27/2013","248.30","0.00","0.00","0.00","0.00"
"2086","1","450.71","469.87","52.55","54.78","0.00","0.00","4.25","2.23","0.00","2.23","59.03","0.00","0.00","4.25","Compound","13808","G:13808","Global","398.16","415.09","0.00","0.00","0.00","16.93","0.00","16.93","415.09","1","Partially Paid","19.16","0.00","19.16","05/27/2013","474.12","0.00","0.00","0.00","0.00","2087","1","","Open","25.04","0.00","0","0.00","Unknown","0","05/27/2013","Payment","PAY","25.04","(25.04)","2388","1","","Open","390.05","0.00","0","0.00","Master Card","0","05/28/2013","Payment","PAY","390.05","(390.05)"
"2151","1","0.00","0.00","0.00","0.00","0.00","0.00","0.00","0.00","0.00","0.00","0.00","0.00","0.00","3.07","Compound","13809","G:13809","Global","0.00","0.00","0.00","0.00","3.07","0.00","0.00","0.00","3.07","1","Paid in Full","0.00","0.00","0.00","05/27/2013","3.07","0.00","0.00","0.00","0.00","2152","1","","Open","0.00","0.00","0","3.07","Unknown","0","05/27/2013","Payment","PAY","3.07","(3.07)"
"2316","1","883.60","921.15","502.66","524.02","0.00","0.00","0.16","21.36","0.00","21.36","524.18","0.00","0.00","0.16","Compound","13810","G:13810","Global","380.94","397.13","0.00","0.00","0.00","16.19","0.00","16.19","397.13","1","Partially Paid","37.55","0.00","37.55","05/27/2013","921.31","0.00","0.00","0.00","0.00","2449","1","","Open","5.05","0.00","0","0.00","Unknown","0","05/28/2013","Credit","CRED","5.05","(5.05)","4140","1","","Open","392.08","0.00","0","0.00","Debit Card","0","08/28/2013","Payment","PAY","392.08","(392.08)"
"2318","1","1103.18","1150.07","1102.28","1149.13","0.00","0.00","1.58","46.85","0.00","46.85","1150.71","0.00","0.00","1.58","Compound","13811","G:13811","Global","0.90","0.94","0.00","0.00","0.00","0.04","0.00","0.04","0.94","1","Partially Paid","46.89","0.00","46.89","05/27/2013","1151.65","0.00","0.00","0.00","0.00","1863","1","","Open","0.94","0.00","0","0.00","Unknown","0","04/28/2013","Credit","CRED","4.04","(4.04)"
"2045","1","0.00","0.00","0.00","0.00","0.00","0.00","5.49","0.00","0.00","0.00","5.49","0.00","0.00","5.49","Compound","13812","G:13812","Global","0.00","0.00","0.00","0.00","0.00","0.00","0.00","0.00","0.00","1","Unpaid","0.00","0.00","0.00","05/27/2013","5.49","0.00","0.00","0.00","0.00"
"2142","1","1548.67","1614.49","790.74","824.34","0.00","0.00","8.12","33.60","0.00","33.60","832.46","0.00","0.00","8.12","Compound","13813","G:13813","Global","757.93","790.15","0.00","0.00","0.00","32.22","0.00","32.22","790.15","1","Partially Paid","65.82","0.00","65.82","05/27/2013","1622.61","0.00","0.00","0.00","0.00","2389","1","","Open","395.05","0.00","0","0.00","Master Card","0","05/28/2013","Payment","PAY","395.05","(395.05)","5296","1","","Open","395.10","0.00","0","0.00","Other 1","0","10/28/2013","Payment","PAY","395.10","(395.10)"
"2277","1","1774.57","1849.99","1750.55","1824.95","0.00","0.00","2.68","74.40","0.00","74.40","1827.63","0.00","0.00","2.68","Compound","13814","G:13814","Global","24.02","25.04","0.00","0.00","0.00","1.02","0.00","1.02","25.04","1","Partially Paid","75.42","0.00","75.42","05/27/2013","1852.67","0.00","0.00","0.00","0.00","2278","1","","Open","25.04","0.00","0","0.00","Unknown","0","05/27/2013","Payment","PAY","25.04","(25.04)"
"2090","1","2002.57","2087.68","1604.51","1672.70","0.00","0.00","3.69","68.19","0.00","68.19","1676.39","0.00","0.00","3.69","Compound","13815","G:13815","Global","398.06","414.98","0.00","0.00","0.00","16.92","0.00","16.92","414.98","1","Partially Paid","85.11","0.00","85.11","05/27/2013","2091.37","0.00","0.00","0.00","0.00","2091","1","","Open","17.90","0.00","0","0.00","Unknown","0","05/27/2013","Payment","PAY","17.90","(17.90)","4141","1","","Open","397.08","0.00","0","0.00","Debit Card","0","08/28/2013","Payment","PAY","397.08","(397.08)"
"2176","1","0.00","0.00","0.00","0.00","0.00","0.00","4.12","0.00","0.00","0.00","4.12","0.00","0.00","4.12","Compound","13816","G:13816","Global","0.00","0.00","0.00","0.00","0.00","0.00","0.00","0.00","0.00","1","Unpaid","0.00","0.00","0.00","05/27/2013","4.12","0.00","0.00","0.00","0.00"
"2046","1","2464.88","2569.64","2282.42","2379.43","0.00","0.00","0.00","97.01","0.00","97.01","2379.43","0.00","0.00","0.00","Compound","13817","G:13817","Global","182.46","190.21","0.00","0.00","0.00","7.75","0.00","7.75","190.21","1","Partially Paid","104.76","0.00","104.76","05/27/2013","2569.64","0.00","0.00","0.00","0.00","242","1","299","Open","165.20","0.00","0","0.00","Check","0","01/28/2013","Payment","PAY","399.01","(399.01)","2047","1","","Open","25.01","0.00","0","0.00","Unknown","0","05/27/2013","Payment","PAY","25.01","(25.01)"
"2293","1","237.44","247.53","0.00","0.00","0.00","0.00","0.97","0.00","0.00","0.00","0.97","0.00","0.00","0.97","Compound","13818","G:13818","Global","237.44","247.53","0.00","0.00","0.00","10.09","0.00","10.09","247.53","1","Partially Paid","10.09","0.00","10.09","05/27/2013","248.50","0.00","0.00","0.00","0.00","2390","1","","Open","247.53","0.00","0","0.00","Master Card","0","05/28/2013","Payment","PAY","400.05","(400.05)"
"2143","1","450.71","469.87","274.54","286.21","0.00","0.00","2.52","11.67","0.00","11.67","288.73","0.00","0.00","2.52","Compound","13819","G:13819","Global","176.17","183.66","0.00","0.00","0.00","7.49","0.00","7.49","183.66","1","Partially Paid","19.16","0.00","19.16","05/27/2013","472.39","0.00","0.00","0.00","0.00","2450","1","","Open","5.05","0.00","0","0.00","Unknown","0","05/28/2013","Credit","CRED","5.05","(5.05)","4721","1","","Open","178.61","0.00","0","0.00","Electronic Transfer","0","09/28/2013","Payment","PAY","401.09","(401.09)"
"1989","1","0.00","0.00","0.00","0.00","0.00","0.00","0.00","0.00","0.00","0.00","0.00","0.00","0.00","2.97","Compound","13820","G:13820","Global","0.00","0.00","0.00","0.00","2.97","0.00","0.00","0.00","2.97","1","Paid in Full","0.00","0.00","0.00","05/27/2013","2.97","0.00","0.00","0.00","0.00","1990","1","","Open","0.00","0.00","0","2.97","Unknown","0","05/27/2013","Payment","PAY","2.97","(2.97)"
"2079","1","883.60","921.15","473.15","493.26","0.00","0.00","0.20","20.11","0.00","20.11","493.46","0.00","0.00","0.20","Compound","13821","G:13821","Global","410.45","427.89","0.00","0.00","0.00","17.44","0.00","17.44","427.89","1","Partially Paid","37.55","0.00","37.55","05/27/2013","921.35","0.00","0.00","0.00","0.00","2080","1","","Open","24.82","0.00","0","0.00","Unknown","0","05/27/2013","Payment","PAY","24.82","(24.82)","3562","1","","Open","403.07","0.00","0","0.00","Japan Credit Bureau (JCB)","0","07/28/2013","Payment","PAY","403.07","(403.07)"
"2081","1","1103.18","1150.07","1082.07","1128.06","0.00","0.00","1.53","45.99","0.00","45.99","1129.59","0.00","0.00","1.53","Compound","13822","G:13822","Global","21.11","22.01","0.00","0.00","0.00","0.90","0.00","0.90","22.01","1","Partially Paid","46.89","0.00","46.89","05/27/2013","1151.60","0.00","0.00","0.00","0.00","2082","1","","Open","22.01","0.00","0","0.00","Unknown","0","05/27/2013","Payment","PAY","22.01","(22.01)"
"2144","1","0.00","0.00","0.00","0.00","0.00","0.00","6.62","0.00","0.00","0.00","6.62","0.00","0.00","6.62","Compound","13823","G:13823","Global","0.00","0.00","0.00","0.00","0.00","0.00","0.00","0.00","0.00","1","Unpaid","0.00","0.00","0.00","05/27/2013","6.62","0.00","0.00","0.00","0.00"
"1920","1","1548.67","1614.49","1159.14","1208.40","0.00","0.00","6.07","49.26","0.00","49.26","1214.47","0.00","0.00","6.07","Compound","13824","G:13824","Global","389.53","406.09","0.00","0.00","0.00","16.56","0.00","16.56","406.09","1","Partially Paid","65.82","0.00","65.82","05/27/2013","1620.56","0.00","0.00","0.00","0.00","4722","1","","Open","406.09","0.00","0","0.00","Electronic Transfer","0","09/28/2013","Payment","PAY","406.09","(406.09)"
"2203","1","1774.57","1849.99","1384.13","1442.96","948.24","986.17","0.00","58.83","37.93","96.76","2429.13","948.24","986.17","0.00","Compound","13825","G:13825","Global","390.44","407.03","0.00","0.00","0.00","16.59","0.00","16.59","407.03","1","Partially Paid","75.42","37.93","113.35","05/27/2013","2836.16","0.00","0.00","0.00","0.00","1225","1","","Open","407.03","0.00","0","0.00","American Express","0","03/28/2013","Payment","PAY","407.03","(407.03)"
"2256","1","2002.57","2087.68","1978.55","2062.64","0.00","0.00","4.97","84.09","0.00","84.09","2067.61","0.00","0.00","4.97","Compound","13826","G:13826","Global","24.02","25.04","0.00","0.00","0.00","1.02","0.00","1.02","25.04","1","Partially Paid","85.11","0.00","85.11","05/27/2013","2092.65","0.00","0.00","0.00","0.00","2257","1","","Open","25.04","0.00","0","0.00","Unknown","0","05/27/2013","Payment","PAY","25.04","(25.04)"
"1921","1","2232.67","2327.56","2212.32","2306.35","0.00","0.00","3.69","94.03","0.00","94.03","2310.04","0.00","0.00","3.69","Compound","13827","G:13827","Global","20.35","21.21","0.00","0.00","0.00","0.86","0.00","0.86","21.21","1","Partially Paid","94.89","0.00","94.89","05/27/2013","2331.25","0.00","0.00","0.00","0.00","1922","1","","Open","21.21","0.00","0","0.00","Unknown","0","05/27/2013","Payment","PAY","21.21","(21.21)"
"2279","1","2464.88","2569.64","2066.71","2154.54","0.00","0.00","1.38","87.83","0.00","87.83","2155.92","0.00","0.00","1.38","Compound","13828","G:13828","Global","398.17","415.10","0.00","0.00","0.00","16.93","0.00","16.93","415.10","1","Partially Paid","104.76","0.00","104.76","05/27/2013","2571.02","0.00","0.00","0.00","0.00","2392","1","","Open","410.05","0.00","0","0.00","Master Card","0","05/28/2013","Payment","PAY","410.05","(410.05)","2451","1","","Open","5.05","0.00","0","0.00","Unknown","0","05/28/2013","Credit","CRED","5.05","(5.05)"
"1923","1","237.44","247.53","236.99","247.06","0.00","0.00","312.58","10.07","0.00","10.07","559.64","0.00","0.00","312.58","Compound","13829","G:13829","Global","0.45","0.47","0.00","0.00","0.00","0.02","0.00","0.02","0.47","1","Partially Paid","10.09","0.00","10.09","05/27/2013","560.11","0.00","0.00","0.00","0.00","1865","1","","Open","0.47","0.00","0","0.00","Unknown","0","04/28/2013","Credit","CRED","4.04","(4.04)"
"2023","1","450.71","469.87","292.87","305.32","0.00","0.00","3.80","12.45","0.00","12.45","309.12","0.00","0.00","3.80","Compound","13830","G:13830","Global","157.84","164.55","0.00","0.00","0.00","6.71","0.00","6.71","164.55","1","Partially Paid","19.16","0.00","19.16","05/27/2013","473.67","0.00","0.00","0.00","0.00","4144","1","","Open","164.55","0.00","0","0.00","Debit Card","0","08/28/2013","Payment","PAY","412.08","(412.08)"
"1950","1","0.00","0.00","0.00","0.00","0.00","0.00","4.21","0.00","0.00","0.00","4.21","0.00","0.00","4.21","Compound","13831","G:13831","Global","0.00","0.00","0.00","0.00","0.00","0.00","0.00","0.00","0.00","1","Unpaid","0.00","0.00","0.00","05/27/2013","4.21","0.00","0.00","0.00","0.00"
"2259","1","883.60","921.15","462.40","482.05","0.00","0.00","1.41","19.65","0.00","19.65","483.46","0.00","0.00","1.41","Compound","13832","G:13832","Global","421.20","439.10","0.00","0.00","0.00","17.90","0.00","17.90","439.10","1","Partially Paid","37.55","0.00","37.55","05/27/2013","922.56","0.00","0.00","0.00","0.00","2260","1","","Open","25.04","0.00","0","0.00","Unknown","0","05/27/2013","Payment","PAY","25.04","(25.04)","2978","1","","Open","414.06","0.00","0","0.00","Discover","0","06/28/2013","Payment","PAY","414.06","(414.06)"
"2120","1","1103.18","1150.07","686.91","716.11","0.00","0.00","3.11","29.20","0.00","29.20","719.22","0.00","0.00","3.11","Compound","13833","G:13833","Global","416.27","433.96","0.00","0.00","0.00","17.69","0.00","17.69","433.96","1","Partially Paid","46.89","0.00","46.89","05/27/2013","1153.18","0.00","0.00","0.00","0.00","2121","1","","Open","18.91","0.00","0","0.00","Unknown","0","05/27/2013","Payment","PAY","18.91","(18.91)","2393","1","","Open","415.05","0.00","0","0.00","Master Card","0","05/28/2013","Payment","PAY","415.05","(415.05)"
"2083","1","0.00","0.00","0.00","0.00","0.00","0.00","5.05","0.00","0.00","0.00","5.05","0.00","0.00","5.05","Compound","13834","G:13834","Global","0.00","0.00","0.00","0.00","0.00","0.00","0.00","0.00","0.00","1","Unpaid","0.00","0.00","0.00","05/27/2013","5.05","0.00","0.00","0.00","0.00"
"2264","1","1548.67","1614.49","1148.59","1197.41","0.00","0.00","5.98","48.82","0.00","48.82","1203.39","0.00","0.00","5.98","Compound","13835","G:13835","Global","400.08","417.08","0.00","0.00","0.00","17.00","0.00","17.00","417.08","1","Partially Paid","65.82","0.00","65.82","05/27/2013","1620.47","0.00","0.00","0.00","0.00","4145","1","","Open","417.08","0.00","0","0.00","Debit Card","0","08/28/2013","Payment","PAY","417.08","(417.08)"
"2294","1","1774.57","1849.99","1774.57","1849.99","0.00","0.00","2.39","75.42","0.00","75.42","1852.38","0.00","0.00","2.39","Compound","13836","G:13836","Global","0.00","0.00","0.00","0.00","0.00","0.00","0.00","0.00","0.00","1","Unpaid","75.42","0.00","75.42","05/27/2013","1852.38","0.00","0.00","0.00","0.00"
"2024","1","2002.57","2087.68","1997.73","2082.63","0.00","0.00","3.29","84.90","0.00","84.90","2085.92","0.00","0.00","3.29","Compound","13837","G:13837","Global","4.84","5.05","0.00","0.00","0.00","0.21","0.00","0.21","5.05","1","Partially Paid","85.11","0.00","85.11","05/27/2013","2090.97","0.00","0.00","0.00","0.00","2452","1","","Open","5.05","0.00","0","0.00","Unknown","0","05/28/2013","Credit","CRED","5.05","(5.05)"
"2177","1","2232.67","2327.56","1805.72","1882.47","0.00","0.00","5.42","76.75","0.00","76.75","1887.89","0.00","0.00","5.42","Compound","13838","G:13838","Global","426.95","445.09","0.00","0.00","0.00","18.14","0.00","18.14","445.09","1","Partially Paid","94.89","0.00","94.89","05/27/2013","2332.98","0.00","0.00","0.00","0.00","2178","1","","Open","25.04","0.00","0","0.00","Unknown","0","05/27/2013","Payment","PAY","25.04","(25.04)","2394","1","","Open","420.05","0.00","0","0.00","Master Card","0","05/28/2013","Payment","PAY","420.05","(420.05)"
"1931","1","2464.88","2569.64","1408.43","1468.29","0.00","0.00","0.00","59.86","0.00","59.86","1468.29","0.00","0.00","0.00","Compound","13839","G:13839","Global","1056.45","1101.35","0.00","0.00","0.00","44.90","0.00","44.90","1101.35","1","Partially Paid","104.76","0.00","104.76","05/27/2013","2569.64","0.00","0.00","0.00","0.00","736","1","","Open","231.22","0.00","0","0.00","Cash","0","02/28/2013","Payment","PAY","421.02","(421.02)","1228","1","","Open","421.03","0.00","0","0.00","American Express","0","03/28/2013","Payment","PAY","421.03","(421.03)","1285","1","","Open","3.03","0.00","0","0.00","Unknown","0","03/28/2013","Credit","CRED","3.03","(3.03)","1809","1","","Open","421.04","0.00","0","0.00","Visa","0","04/28/2013","Payment","PAY","421.04","(421.04)","1932","1","","Open","25.03","0.00","0","0.00","Unknown","0","05/27/2013","Payment","PAY","25.03","(25.03)"
"1935","1","237.44","247.53","0.00","0.00","0.00","0.00","0.00","0.00","0.00","0.00","0.00","0.00","0.00","6.57","Compound","13840","G:13840","Global","237.44","247.53","0.00","0.00","6.57","10.09","0.00","10.09","254.10","1","Paid in Full","10.09","0.00","10.09","05/27/2013","254.10","0.00","0.00","0.00","0.00","1810","1","","Open","247.53","0.00","0","6.57","Visa","0","04/28/2013","Payment","PAY","422.04","(422.04)"
"1933","1","0.00","0.00","0.00","0.00","0.00","0.00","4.57","0.00","0.00","0.00","4.57","0.00","0.00","4.57","Compound","13841","G:13841","Global","0.00","0.00","0.00","0.00","0.00","0.00","0.00","0.00","0.00","1","Unpaid","0.00","0.00","0.00","05/27/2013","4.57","0.00","0.00","0.00","0.00"
"1934","1","0.00","0.00","0.00","0.00","0.00","0.00","2.50","0.00","0.00","0.00","2.50","0.00","0.00","2.50","Compound","13842","G:13842","Global","0.00","0.00","0.00","0.00","0.00","0.00","0.00","0.00","0.00","1","Unpaid","0.00","0.00","0.00","05/27/2013","2.50","0.00","0.00","0.00","0.00"
"1928","1","883.60","921.15","68.11","71.00","0.00","0.00","0.74","2.89","0.00","2.89","71.74","0.00","0.00","0.74","Compound","13843","G:13843","Global","815.49","850.15","0.00","0.00","0.00","34.66","0.00","34.66","850.15","1","Partially Paid","37.55","0.00","37.55","05/27/2013","921.89","0.00","0.00","0.00","0.00","2397","1","","Open","425.05","0.00","0","0.00","Master Card","0","05/28/2013","Payment","PAY","425.05","(425.05)","5304","1","","Open","425.10","0.00","0","0.00","Other 1","0","10/28/2013","Payment","PAY","425.10","(425.10)"
"1929","1","1103.18","1150.07","1079.16","1125.03","0.00","0.00","0.67","45.87","0.00","45.87","1125.70","0.00","0.00","0.67","Compound","13844","G:13844","Global","24.02","25.04","0.00","0.00","0.00","1.02","0.00","1.02","25.04","1","Partially Paid","46.89","0.00","46.89","05/27/2013","1150.74","0.00","0.00","0.00","0.00","1930","1","","Open","25.04","0.00","0","0.00","Unknown","0","05/27/2013","Payment","PAY","25.04","(25.04)"
"1936","1","0.00","0.00","0.00","0.00","0.00","0.00","0.00","0.00","0.00","0.00","0.00","0.00","0.00","15.58","Compound","13845","G:13845","Global","0.00","0.00","0.00","0.00","15.58","0.00","0.00","0.00","15.58","1","Paid in Full","0.00","0.00","0.00","05/27/2013","15.58","0.00","0.00","0.00","0.00","1937","1","","Open","0.00","0.00","0","15.58","Unknown","0","05/27/2013","Payment","PAY","15.58","(15.58)"
"2085","1","1548.67","1614.49","1133.21","1181.37","0.00","0.00","9.88","48.16","0.00","48.16","1191.25","0.00","0.00","9.88","Compound","13846","G:13846","Global","415.46","433.12","0.00","0.00","0.00","17.66","0.00","17.66","433.12","1","Partially Paid","65.82","0.00","65.82","05/27/2013","1624.37","0.00","0.00","0.00","0.00","2453","1","","Open","5.05","0.00","0","0.00","Unknown","0","05/28/2013","Credit","CRED","5.05","(5.05)","3569","1","","Open","428.07","0.00","0","0.00","Japan Credit Bureau (JCB)","0","07/28/2013","Payment","PAY","428.07","(428.07)"
"1924","1","1774.57","1849.99","1693.95","1765.95","0.00","0.00","0.00","72.00","0.00","72.00","1765.95","0.00","0.00","0.00","Compound","13847","G:13847","Global","80.62","84.04","0.00","0.00","0.00","3.42","0.00","3.42","84.04","1","Partially Paid","75.42","0.00","75.42","05/27/2013","1849.99","0.00","0.00","0.00","0.00","250","1","329","Open","54.99","0.00","0","0.00","Check","0","01/28/2013","Payment","PAY","429.01","(429.01)","1867","1","","Open","4.04","0.00","0","0.00","Unknown","0","04/28/2013","Credit","CRED","4.04","(4.04)","1925","1","","Open","25.01","0.00","0","0.00","Unknown","0","05/27/2013","Payment","PAY","25.01","(25.01)"
"2145","1","2002.57","2087.68","1590.05","1657.63","0.00","0.00","9.98","67.58","0.00","67.58","1667.61","0.00","0.00","9.98","Compound","13848","G:13848","Global","412.52","430.05","0.00","0.00","0.00","17.53","0.00","17.53","430.05","1","Partially Paid","85.11","0.00","85.11","05/27/2013","2097.66","0.00","0.00","0.00","0.00","2398","1","","Open","430.05","0.00","0","0.00","Master Card","0","05/28/2013","Payment","PAY","430.05","(430.05)"
"1890","1","2232.67","2327.56","1980.16","2064.32","0.00","0.00","0.00","84.16","0.00","84.16","2064.32","0.00","0.00","0.00","Compound","13849","G:13849","Global","252.51","263.24","0.00","0.00","0.00","10.73","0.00","10.73","263.24","1","Partially Paid","94.89","0.00","94.89","05/27/2013","2327.56","0.00","0.00","0.00","0.00","1812","1","","Open","263.24","0.00","0","0.00","Visa","0","04/28/2013","Payment","PAY","431.04","(431.04)"
"2033","1","2464.88","2569.64","2409.15","2511.54","0.00","0.00","0.00","102.39","0.00","102.39","2511.54","0.00","0.00","0.00","Compound","13850","G:13850","Global","55.73","58.10","0.00","0.00","0.00","2.37","0.00","2.37","58.10","1","Partially Paid","104.76","0.00","104.76","05/27/2013","2569.64","0.00","0.00","0.00","0.00","1231","1","","Open","33.06","0.00","0","0.00","American Express","0","03/28/2013","Payment","PAY","432.03","(432.03)","2034","1","","Open","25.04","0.00","0","0.00","Unknown","0","05/27/2013","Payment","PAY","25.04","(25.04)"
"2266","1","237.44","247.53","220.79","230.17","0.00","0.00","5.26","9.38","0.00","9.38","235.43","0.00","0.00","5.26","Compound","13851","G:13851","Global","16.65","17.36","0.00","0.00","0.00","0.71","0.00","0.71","17.36","1","Partially Paid","10.09","0.00","10.09","05/27/2013","252.79","0.00","0.00","0.00","0.00","2267","1","","Open","17.36","0.00","0","0.00","Unknown","0","05/27/2013","Payment","PAY","17.36","(17.36)"
"2319","1","450.71","469.87","271.79","283.34","0.00","0.00","12.30","11.55","0.00","11.55","295.64","0.00","0.00","12.30","Compound","13852","G:13852","Global","178.92","186.53","0.00","0.00","0.00","7.61","0.00","7.61","186.53","1","Partially Paid","19.16","0.00","19.16","05/27/2013","482.17","0.00","0.00","0.00","0.00","2984","1","","Open","186.53","0.00","0","0.00","Discover","0","06/28/2013","Payment","PAY","434.06","(434.06)"
"2204","1","0.00","0.00","0.00","0.00","0.00","0.00","11.39","0.00","0.00","0.00","11.39","0.00","0.00","11.39","Compound","13853","G:13853","Global","0.00","0.00","0.00","0.00","0.00","0.00","0.00","0.00","0.00","1","Unpaid","0.00","0.00","0.00","05/27/2013","11.39","0.00","0.00","0.00","0.00"
"2226","1","883.60","921.15","465.29","485.06","0.00","0.00","3.13","19.77","0.00","19.77","488.19","0.00","0.00","3.13","Compound","13854","G:13854","Global","418.31","436.09","0.00","0.00","0.00","17.78","0.00","17.78","436.09","1","Partially Paid","37.55","0.00","37.55","05/27/2013","924.28","0.00","0.00","0.00","0.00","4729","1","","Open","436.09","0.00","0","0.00","Electronic Transfer","0","09/28/2013","Payment","PAY","436.09","(436.09)"
"1938","1","1103.18","1150.07","982.01","1023.75","0.00","0.00","0.00","41.74","0.00","41.74","1023.75","0.00","0.00","0.00","Compound","13855","G:13855","Global","121.17","126.32","0.00","0.00","0.00","5.15","0.00","5.15","126.32","1","Partially Paid","46.89","0.00","46.89","05/27/2013","1150.07","0.00","0.00","0.00","0.00","1232","1","","Open","121.27","0.00","0","0.00","American Express","0","03/28/2013","Payment","PAY","437.03","(437.03)","2454","1","","Open","5.05","0.00","0","0.00","Unknown","0","05/28/2013","Credit","CRED","5.05","(5.05)"
"2252","1","0.00","0.00","0.00","0.00","0.00","0.00","0.00","0.00","0.00","0.00","0.00","0.00","0.00","17.68","Compound","13856","G:13856","Global","0.00","0.00","0.00","0.00","17.68","0.00","0.00","0.00","17.68","1","Paid in Full","0.00","0.00","0.00","05/27/2013","17.68","0.00","0.00","0.00","0.00","2253","1","","Open","0.00","0.00","0","17.68","Unknown","0","05/27/2013","Payment","PAY","17.68","(17.68)"
"1939","1","1548.67","1614.49","706.30","736.32","0.00","0.00","1.29","30.02","0.00","30.02","737.61","0.00","0.00","1.29","Compound","13857","G:13857","Global","842.37","878.17","0.00","0.00","0.00","35.80","0.00","35.80","878.17","1","Partially Paid","65.82","0.00","65.82","05/27/2013","1615.78","0.00","0.00","0.00","0.00","2985","1","","Open","439.06","0.00","0","0.00","Discover","0","06/28/2013","Payment","PAY","439.06","(439.06)","5876","0","","Open","439.11","0.00","0","0.00","Other 2","0","11/28/2013","Payment","PAY","439.11","(439.11)"
"1940","1","1774.57","1849.99","1352.46","1409.94","0.00","0.00","1.63","57.48","0.00","57.48","1411.57","0.00","0.00","1.63","Compound","13858","G:13858","Global","422.11","440.05","0.00","0.00","0.00","17.94","0.00","17.94","440.05","1","Partially Paid","75.42","0.00","75.42","05/27/2013","1851.62","0.00","0.00","0.00","0.00","2400","1","","Open","440.05","0.00","0","0.00","Master Card","0","05/28/2013","Payment","PAY","440.05","(440.05)"
"1991","1","2002.57","2087.68","2002.57","2087.68","0.00","0.00","3.44","85.11","0.00","85.11","2091.12","0.00","0.00","3.44","Compound","13859","G:13859","Global","0.00","0.00","0.00","0.00","0.00","0.00","0.00","0.00","0.00","1","Unpaid","85.11","0.00","85.11","05/27/2013","2091.12","0.00","0.00","0.00","0.00"
"2146","1","2232.67","2327.56","2232.67","2327.56","0.00","0.00","4.02","94.89","0.00","94.89","2331.58","0.00","0.00","4.02","Compound","13860","G:13860","Global","0.00","0.00","0.00","0.00","0.00","0.00","0.00","0.00","0.00","1","Unpaid","94.89","0.00","94.89","05/27/2013","2331.58","0.00","0.00","0.00","0.00"
"2048","1","2464.88","2569.64","2384.80","2486.16","0.00","0.00","0.00","101.36","0.00","101.36","2486.16","0.00","0.00","0.00","Compound","13861","G:13861","Global","80.08","83.48","0.00","0.00","0.00","3.40","0.00","3.40","83.48","1","Partially Paid","104.76","0.00","104.76","05/27/2013","2569.64","0.00","0.00","0.00","0.00","742","1","","Open","83.48","0.00","0","0.00","Cash","0","02/28/2013","Payment","PAY","443.02","(443.02)"
"2147","1","237.44","247.53","213.42","222.49","0.00","0.00","0.54","9.07","0.00","9.07","223.03","0.00","0.00","0.54","Compound","13862","G:13862","Global","24.02","25.04","0.00","0.00","0.00","1.02","0.00","1.02","25.04","1","Partially Paid","10.09","0.00","10.09","05/27/2013","248.07","0.00","0.00","0.00","0.00","2148","1","","Open","25.04","0.00","0","0.00","Unknown","0","05/27/2013","Payment","PAY","25.04","(25.04)"
"1992","1","450.71","469.87","0.00","0.00","0.00","0.00","4.14","0.00","0.00","0.00","4.14","0.00","0.00","4.14","Compound","13863","G:13863","Global","450.71","469.87","0.00","0.00","0.00","19.16","0.00","19.16","469.87","1","Partially Paid","19.16","0.00","19.16","05/27/2013","474.01","0.00","0.00","0.00","0.00","2401","1","","Open","445.05","0.00","0","0.00","Master Card","0","05/28/2013","Payment","PAY","445.05","(445.05)","5308","1","","Open","24.82","0.00","0","0.00","Other 1","0","10/28/2013","Payment","PAY","445.10","(445.10)"
"2216","1","0.00","0.00","0.00","0.00","0.00","0.00","344.70","0.00","0.00","0.00","344.70","0.00","0.00","349.75","Compound","13864","G:13864","Global","0.00","0.00","0.00","0.00","5.05","0.00","0.00","0.00","5.05","1","Partially Paid","0.00","0.00","0.00","05/27/2013","349.75","0.00","0.00","0.00","0.00","2455","1","","Open","0.00","0.00","0","5.05","Unknown","0","05/28/2013","Credit","CRED","5.05","(5.05)"
"2122","1","883.60","921.15","454.74","474.07","0.00","0.00","1.34","19.33","0.00","19.33","475.41","0.00","0.00","1.34","Compound","13865","G:13865","Global","428.86","447.08","0.00","0.00","0.00","18.22","0.00","18.22","447.08","1","Partially Paid","37.55","0.00","37.55","05/27/2013","922.49","0.00","0.00","0.00","0.00","4152","1","","Open","447.08","0.00","0","0.00","Debit Card","0","08/28/2013","Payment","PAY","447.08","(447.08)"
"2088","1","0.00","0.00","0.00","0.00","0.00","0.00","2.89","0.00","0.00","0.00","2.89","0.00","0.00","2.89","Compound","13866","G:13866","Global","0.00","0.00","0.00","0.00","0.00","0.00","0.00","0.00","0.00","1","Unpaid","0.00","0.00","0.00","05/27/2013","2.89","0.00","0.00","0.00","0.00"
"1941","1","0.00","0.00","0.00","0.00","0.00","0.00","3.40","0.00","0.00","0.00","3.40","0.00","0.00","3.40","Compound","13867","G:13867","Global","0.00","0.00","0.00","0.00","0.00","0.00","0.00","0.00","0.00","1","Unpaid","0.00","0.00","0.00","05/27/2013","3.40","0.00","0.00","0.00","0.00"
"2205","1","1548.67","1614.49","661.20","689.30","0.00","0.00","3.78","28.10","0.00","28.10","693.08","0.00","0.00","3.78","Compound","13868","G:13868","Global","887.47","925.19","0.00","0.00","0.00","37.72","0.00","37.72","925.19","1","Partially Paid","65.82","0.00","65.82","05/27/2013","1618.27","0.00","0.00","0.00","0.00","2206","1","","Open","25.04","0.00","0","0.00","Unknown","0","05/27/2013","Payment","PAY","25.04","(25.04)","2402","1","","Open","450.05","0.00","0","0.00","Master Card","0","05/28/2013","Payment","PAY","450.05","(450.05)","5309","1","","Open","450.10","0.00","0","0.00","Other 1","0","10/28/2013","Payment","PAY","450.10","(450.10)"
"2292","1","1774.57","1849.99","1774.57","1849.99","0.00","0.00","2.33","75.42","0.00","75.42","1852.32","0.00","0.00","2.33","Compound","13869","G:13869","Global","0.00","0.00","0.00","0.00","0.00","0.00","0.00","0.00","0.00","1","Unpaid","75.42","0.00","75.42","05/27/2013","1852.32","0.00","0.00","0.00","0.00"
"2829","1","0.00","0.00","0.00","0.00","821.40","854.26","0.00","0.00","32.86","32.86","854.26","828.28","861.41","23.96","Compound","13870","G:13870","Global","0.00","0.00","6.88","7.15","23.96","0.00","0.27","0.27","31.11","1","Partially Paid","0.00","33.13","33.13","06/27/2013","885.37","0.00","0.00","0.00","0.00","2830","1","","Open","0.00","1.09","0","23.96","Unknown","0","06/27/2013","Payment","PAY","25.05","(25.05)","2998","1","","Open","0.00","6.06","0","0.00","Unknown","0","06/28/2013","Credit","CRED","6.06","(6.06)"
"2683","1","0.00","0.00","0.00","0.00","930.58","967.80","0.00","0.00","37.22","37.22","967.80","938.58","976.12","22.79","Compound","13871","G:13871","Global","0.00","0.00","8.00","8.32","22.79","0.00","0.32","0.32","31.11","1","Partially Paid","0.00","37.54","37.54","06/27/2013","998.91","0.00","0.00","0.00","0.00","2684","1","","Open","0.00","2.26","0","22.79","Unknown","0","06/27/2013","Payment","PAY","25.05","(25.05)","2999","1","","Open","0.00","6.06","0","0.00","Unknown","0","06/28/2013","Credit","CRED","6.06","(6.06)"
"2891","1","0.00","0.00","0.00","0.00","0.00","0.00","0.00","0.00","0.00","0.00","0.00","0.00","0.00","15.83","Compound","13872","G:13872","Global","0.00","0.00","0.00","0.00","15.83","0.00","0.00","0.00","15.83","1","Paid in Full","0.00","0.00","0.00","06/27/2013","15.83","0.00","0.00","0.00","0.00","2892","1","","Open","0.00","0.00","0","15.83","Unknown","0","06/27/2013","Payment","PAY","15.83","(15.83)"
"2533","1","163.97","170.94","142.96","149.03","1154.05","1200.21","0.00","6.07","46.16","52.23","1349.24","1154.05","1200.21","9.20","Compound","13873","G:13873","Global","21.01","21.91","0.00","0.00","9.20","0.90","0.00","0.90","31.11","1","Partially Paid","6.97","46.16","53.13","06/27/2013","1380.35","50.12","0.00","0.00","0.00","2534","1","","Open","15.85","0.00","0","9.20","Unknown","0","06/27/2013","Payment","PAY","25.05","(25.05)","3001","1","","Open","6.06","0.00","0","0.00","Unknown","0","06/28/2013","Credit","CRED","6.06","(6.06)"
"2458","1","0.00","0.00","0.00","0.00","97.84","101.75","0.00","0.00","3.91","3.91","101.75","124.86","129.85","10.08","Compound","13874","G:13874","Global","0.00","0.00","27.02","28.10","10.08","0.00","1.08","1.08","38.18","1","Partially Paid","0.00","4.99","4.99","06/27/2013","139.93","0.00","0.00","0.00","0.00","2459","1","","Open","0.00","14.97","0","10.08","Unknown","0","06/27/2013","Payment","PAY","25.05","(25.05)","3002","1","","Open","0.00","6.06","0","0.00","Unknown","0","06/28/2013","Credit","CRED","6.06","(6.06)","3588","1","","Open","0.00","7.07","0","0.00","Unknown","0","07/28/2013","Credit","CRED","7.07","(7.07)"
"2541","1","369.60","385.31","369.60","385.31","222.33","231.22","4.79","15.71","8.89","24.60","621.32","222.33","231.22","4.79","Compound","13875","G:13875","Global","0.00","0.00","0.00","0.00","0.00","0.00","0.00","0.00","0.00","1","Unpaid","15.71","8.89","24.60","06/27/2013","621.32","50.12","0.00","0.00","0.00"
"2742","1","1640.18","1709.89","1639.57","1709.25","614.51","639.09","0.00","69.68","24.58","94.26","2348.34","614.51","639.09","24.41","Compound","13876","G:13876","Global","0.61","0.64","0.00","0.00","24.41","0.03","0.00","0.03","25.05","1","Partially Paid","69.71","24.58","94.29","06/27/2013","2373.39","0.00","89.43","51.23","0.00","2743","1","","Open","0.64","0.00","0","24.41","Unknown","0","06/27/2013","Payment","PAY","25.05","(25.05)"
"2464","1","0.00","0.00","0.00","0.00","984.41","1023.79","15.07","0.00","39.38","39.38","1038.86","984.41","1023.79","15.07","Compound","13877","G:13877","Global","0.00","0.00","0.00","0.00","0.00","0.00","0.00","0.00","0.00","1","Unpaid","0.00","39.38","39.38","06/27/2013","1038.86","0.00","88.68","0.00","0.00"
"2712","1","0.00","0.00","0.00","0.00","1814.41","1886.99","40.77","0.00","72.58","72.58","1927.76","1814.41","1886.99","40.77","Compound","13878","G:13878","Global","0.00","0.00","0.00","0.00","0.00","0.00","0.00","0.00","0.00","1","Unpaid","0.00","72.58","72.58","06/27/2013","1927.76","0.00","66.84","0.00","0.00"
"2854","1","0.00","0.00","0.00","0.00","0.00","0.00","18.37","0.00","0.00","0.00","18.37","0.00","0.00","18.37","Compound","13879","G:13879","Global","0.00","0.00","0.00","0.00","0.00","0.00","0.00","0.00","0.00","1","Unpaid","0.00","0.00","0.00","06/27/2013","18.37","0.00","0.00","0.00","0.00"
"2845","1","0.00","0.00","0.00","0.00","727.99","757.11","21.31","0.00","29.12","29.12","778.42","727.99","757.11","21.31","Compound","13880","G:13880","Global","0.00","0.00","0.00","0.00","0.00","0.00","0.00","0.00","0.00","1","Unpaid","0.00","29.12","29.12","06/27/2013","778.42","0.00","0.00","0.00","0.00"
"2618","1","0.00","0.00","0.00","0.00","837.38","870.88","17.98","0.00","33.50","33.50","888.86","837.38","870.88","24.04","Compound","13881","G:13881","Global","0.00","0.00","0.00","0.00","6.06","0.00","0.00","0.00","6.06","1","Partially Paid","0.00","33.50","33.50","06/27/2013","894.92","0.00","0.00","0.00","0.00","3003","1","","Open","0.00","0.00","0","6.06","Unknown","0","06/28/2013","Credit","CRED","6.06","(6.06)"
"2619","1","0.00","0.00","0.00","0.00","964.18","1002.75","0.00","0.00","38.57","38.57","1002.75","967.20","1005.89","21.91","Compound","13882","G:13882","Global","0.00","0.00","3.02","3.14","21.91","0.00","0.12","0.12","25.05","1","Partially Paid","0.00","38.69","38.69","06/27/2013","1027.80","0.00","0.00","0.00","0.00","2620","1","","Open","0.00","3.14","0","21.91","Unknown","0","06/27/2013","Payment","PAY","25.05","(25.05)"
"2583","1","0.00","0.00","0.00","0.00","0.00","0.00","13.84","0.00","0.00","0.00","13.84","0.00","0.00","13.84","Compound","13883","G:13883","Global","0.00","0.00","0.00","0.00","0.00","0.00","0.00","0.00","0.00","1","Unpaid","0.00","0.00","0.00","06/27/2013","13.84","0.00","0.00","0.00","0.00"
"2685","1","0.00","0.00","0.00","0.00","1166.48","1213.14","6.72","0.00","46.66","46.66","1219.86","1166.48","1213.14","6.72","Compound","13884","G:13884","Global","0.00","0.00","0.00","0.00","0.00","0.00","0.00","0.00","0.00","1","Unpaid","0.00","46.66","46.66","06/27/2013","1219.86","0.00","0.00","0.00","0.00"
"2584","1","0.00","0.00","0.00","0.00","121.39","126.25","6.23","0.00","4.86","4.86","132.48","121.39","126.25","6.23","Compound","13885","G:13885","Global","0.00","0.00","0.00","0.00","0.00","0.00","0.00","0.00","0.00","1","Unpaid","0.00","4.86","4.86","06/27/2013","132.48","0.00","0.00","0.00","0.00"
"2878","1","0.00","0.00","0.00","0.00","224.77","233.76","5.25","0.00","8.99","8.99","239.01","224.77","233.76","5.25","Compound","13886","G:13886","Global","0.00","0.00","0.00","0.00","0.00","0.00","0.00","0.00","0.00","1","Unpaid","0.00","8.99","8.99","06/27/2013","239.01","0.00","0.00","0.00","0.00"
"2640","1","0.00","0.00","0.00","0.00","336.58","350.04","11.64","0.00","13.46","13.46","361.68","336.58","350.04","11.64","Compound","13887","G:13887","Global","0.00","0.00","0.00","0.00","0.00","0.00","0.00","0.00","0.00","1","Unpaid","0.00","13.46","13.46","06/27/2013","361.68","0.00","0.00","0.00","0.00"
"2812","1","0.00","0.00","0.00","0.00","626.71","651.78","0.00","0.00","25.07","25.07","651.78","639.78","665.37","11.46","Compound","13888","G:13888","Global","0.00","0.00","13.07","13.59","11.46","0.00","0.52","0.52","25.05","1","Partially Paid","0.00","25.59","25.59","06/27/2013","676.83","0.00","0.00","0.00","0.00","2813","1","","Open","0.00","13.59","0","11.46","Unknown","0","06/27/2013","Payment","PAY","25.05","(25.05)"
"2621","1","0.00","0.00","0.00","0.00","437.64","455.15","3.47","0.00","17.51","17.51","458.62","437.64","455.15","14.24","Compound","13889","G:13889","Global","0.00","0.00","0.00","0.00","10.77","0.00","0.00","0.00","10.77","1","Partially Paid","0.00","17.51","17.51","06/27/2013","469.39","0.00","0.00","0.00","0.00","2622","1","","Open","0.00","0.00","0","10.77","Unknown","0","06/27/2013","Payment","PAY","10.77","(10.77)"
"2863","1","0.00","0.00","0.00","0.00","0.00","0.00","21.10","0.00","0.00","0.00","21.10","0.00","0.00","27.16","Compound","13890","G:13890","Global","0.00","0.00","0.00","0.00","6.06","0.00","0.00","0.00","6.06","1","Partially Paid","0.00","0.00","0.00","06/27/2013","27.16","0.00","0.00","0.00","0.00","3004","1","","Open","0.00","0.00","0","6.06","Unknown","0","06/28/2013","Credit","CRED","6.06","(6.06)"
"2465","1","0.00","0.00","0.00","0.00","0.00","0.00","8.45","0.00","0.00","0.00","8.45","0.00","0.00","8.45","Compound","13891","G:13891","Global","0.00","0.00","0.00","0.00","0.00","0.00","0.00","0.00","0.00","1","Unpaid","0.00","0.00","0.00","06/27/2013","8.45","0.00","0.00","0.00","0.00"
"2535","1","0.00","0.00","0.00","0.00","0.00","0.00","10.99","0.00","0.00","0.00","10.99","0.00","0.00","10.99","Compound","13892","G:13892","Global","0.00","0.00","0.00","0.00","0.00","0.00","0.00","0.00","0.00","1","Unpaid","0.00","0.00","0.00","06/27/2013","10.99","0.00","0.00","0.00","0.00"
"2686","1","0.00","0.00","0.00","0.00","0.00","0.00","21.95","0.00","0.00","0.00","21.95","0.00","0.00","21.95","Compound","13893","G:13893","Global","0.00","0.00","0.00","0.00","0.00","0.00","0.00","0.00","0.00","1","Unpaid","0.00","0.00","0.00","06/27/2013","21.95","0.00","0.00","0.00","0.00"
"2466","1","0.00","0.00","0.00","0.00","0.00","0.00","0.00","0.00","0.00","0.00","0.00","0.00","0.00","11.48","Compound","13894","G:13894","Global","0.00","0.00","0.00","0.00","11.48","0.00","0.00","0.00","11.48","1","Paid in Full","0.00","0.00","0.00","06/27/2013","11.48","0.00","0.00","0.00","0.00","2467","1","","Open","0.00","0.00","0","11.48","Unknown","0","06/27/2013","Payment","PAY","11.48","(11.48)"
"2767","1","0.00","0.00","0.00","0.00","0.00","0.00","12.35","0.00","0.00","0.00","12.35","0.00","0.00","12.35","Compound","13895","G:13895","Global","0.00","0.00","0.00","0.00","0.00","0.00","0.00","0.00","0.00","1","Unpaid","0.00","0.00","0.00","06/27/2013","12.35","0.00","0.00","0.00","0.00"
"2846","1","0.00","0.00","0.00","0.00","0.00","0.00","15.41","0.00","0.00","0.00","15.41","0.00","0.00","15.41","Compound","13896","G:13896","Global","0.00","0.00","0.00","0.00","0.00","0.00","0.00","0.00","0.00","1","Unpaid","0.00","0.00","0.00","06/27/2013","15.41","0.00","0.00","0.00","0.00"
"2902","1","0.00","0.00","0.00","0.00","0.00","0.00","9.83","0.00","0.00","0.00","9.83","0.00","0.00","9.83","Compound","13897","G:13897","Global","0.00","0.00","0.00","0.00","0.00","0.00","0.00","0.00","0.00","1","Unpaid","0.00","0.00","0.00","06/27/2013","9.83","0.00","0.00","0.00","0.00"
"2641","1","0.00","0.00","0.00","0.00","0.00","0.00","12.23","0.00","0.00","0.00","12.23","0.00","0.00","12.23","Compound","13898","G:13898","Global","0.00","0.00","0.00","0.00","0.00","0.00","0.00","0.00","0.00","1","Unpaid","0.00","0.00","0.00","06/27/2013","12.23","0.00","0.00","0.00","0.00"
"2587","1","0.00","0.00","0.00","0.00","0.00","0.00","35.13","0.00","0.00","0.00","35.13","0.00","0.00","41.19","Compound","13899","G:13899","Global","0.00","0.00","0.00","0.00","6.06","0.00","0.00","0.00","6.06","1","Partially Paid","0.00","0.00","0.00","06/27/2013","41.19","0.00","0.00","0.00","0.00","3005","1","","Open","0.00","0.00","0","6.06","Unknown","0","06/28/2013","Credit","CRED","6.06","(6.06)"
"2460","1","0.00","0.00","0.00","0.00","0.00","0.00","0.00","0.00","0.00","0.00","0.00","0.00","0.00","14.24","Compound","13900","G:13900","Global","0.00","0.00","0.00","0.00","14.24","0.00","0.00","0.00","14.24","1","Paid in Full","0.00","0.00","0.00","06/27/2013","14.24","0.00","0.00","0.00","0.00","2461","1","","Open","0.00","0.00","0","14.24","Unknown","0","06/27/2013","Payment","PAY","14.24","(14.24)"
"2713","1","0.00","0.00","0.00","0.00","0.00","0.00","22.01","0.00","0.00","0.00","22.01","0.00","0.00","22.01","Compound","13901","G:13901","Global","0.00","0.00","0.00","0.00","0.00","0.00","0.00","0.00","0.00","1","Unpaid","0.00","0.00","0.00","06/27/2013","22.01","0.00","0.00","0.00","0.00"
"2642","1","0.00","0.00","0.00","0.00","0.00","0.00","20.50","0.00","0.00","0.00","20.50","0.00","0.00","22.56","Compound","13902","G:13902","Global","0.00","0.00","0.00","0.00","2.06","0.00","0.00","0.00","2.06","1","Partially Paid","0.00","0.00","0.00","06/27/2013","22.56","0.00","0.00","0.00","0.00","2905","1","","Open","0.00","0.00","0","2.06","Unknown","0","06/28/2013","Write Off","WOFF","2.06","(2.06)"
"2468","1","0.00","0.00","0.00","0.00","0.00","0.00","18.59","0.00","0.00","0.00","18.59","0.00","0.00","18.59","Compound","13903","G:13903","Global","0.00","0.00","0.00","0.00","0.00","0.00","0.00","0.00","0.00","1","Unpaid","0.00","0.00","0.00","06/27/2013","18.59","0.00","0.00","0.00","0.00"
"2687","1","0.00","0.00","0.00","0.00","0.00","0.00","22.73","0.00","0.00","0.00","22.73","0.00","0.00","22.73","Compound","13904","G:13904","Global","0.00","0.00","0.00","0.00","0.00","0.00","0.00","0.00","0.00","1","Unpaid","0.00","0.00","0.00","06/27/2013","22.73","0.00","0.00","0.00","0.00"
"2794","1","0.00","0.00","0.00","0.00","0.00","0.00","17.66","0.00","0.00","0.00","17.66","0.00","0.00","17.66","Compound","13905","G:13905","Global","0.00","0.00","0.00","0.00","0.00","0.00","0.00","0.00","0.00","1","Unpaid","0.00","0.00","0.00","06/27/2013","17.66","0.00","0.00","0.00","0.00"
"2851","1","0.00","0.00","0.00","0.00","0.00","0.00","0.00","0.00","0.00","0.00","0.00","0.00","0.00","15.37","Compound","13906","G:13906","Global","0.00","0.00","0.00","0.00","15.37","0.00","0.00","0.00","15.37","1","Paid in Full","0.00","0.00","0.00","06/27/2013","15.37","0.00","0.00","0.00","0.00","2852","1","","Open","0.00","0.00","0","15.37","Unknown","0","06/27/2013","Payment","PAY","15.37","(15.37)"
"2682","1","0.00","0.00","0.00","0.00","0.00","0.00","8.99","0.00","0.00","0.00","8.99","0.00","0.00","8.99","Compound","13907","G:13907","Global","0.00","0.00","0.00","0.00","0.00","0.00","0.00","0.00","0.00","1","Unpaid","0.00","0.00","0.00","06/27/2013","8.99","0.00","0.00","0.00","0.00"
"2744","1","0.00","0.00","0.00","0.00","0.00","0.00","1.22","0.00","0.00","0.00","1.22","0.00","0.00","7.28","Compound","13908","G:13908","Global","0.00","0.00","0.00","0.00","6.06","0.00","0.00","0.00","6.06","1","Partially Paid","0.00","0.00","0.00","06/27/2013","7.28","0.00","0.00","0.00","0.00","3006","1","","Open","0.00","0.00","0","6.06","Unknown","0","06/28/2013","Credit","CRED","6.06","(6.06)"
"2643","1","0.00","0.00","0.00","0.00","0.00","0.00","12.24","0.00","0.00","0.00","12.24","0.00","0.00","12.24","Compound","13909","G:13909","Global","0.00","0.00","0.00","0.00","0.00","0.00","0.00","0.00","0.00","1","Unpaid","0.00","0.00","0.00","06/27/2013","12.24","0.00","0.00","0.00","0.00"
"2808","1","0.00","0.00","0.00","0.00","0.00","0.00","11.58","0.00","0.00","0.00","11.58","0.00","0.00","11.58","Compound","13910","G:13910","Global","0.00","0.00","0.00","0.00","0.00","0.00","0.00","0.00","0.00","1","Unpaid","0.00","0.00","0.00","06/27/2013","11.58","0.00","0.00","0.00","0.00"
"2864","1","0.00","0.00","0.00","0.00","0.00","0.00","14.73","0.00","0.00","0.00","14.73","0.00","0.00","14.73","Compound","13911","G:13911","Global","0.00","0.00","0.00","0.00","0.00","0.00","0.00","0.00","0.00","1","Unpaid","0.00","0.00","0.00","06/27/2013","14.73","0.00","0.00","0.00","0.00"
"2814","1","0.00","0.00","0.00","0.00","0.00","0.00","0.00","0.00","0.00","0.00","0.00","0.00","0.00","18.61","Compound","13912","G:13912","Global","0.00","0.00","0.00","0.00","18.61","0.00","0.00","0.00","18.61","1","Paid in Full","0.00","0.00","0.00","06/27/2013","18.61","0.00","0.00","0.00","0.00","2815","1","","Open","0.00","0.00","0","18.61","Unknown","0","06/27/2013","Payment","PAY","18.61","(18.61)"
"2469","1","0.00","0.00","0.00","0.00","0.00","0.00","21.61","0.00","0.00","0.00","21.61","0.00","0.00","21.61","Compound","13913","G:13913","Global","0.00","0.00","0.00","0.00","0.00","0.00","0.00","0.00","0.00","1","Unpaid","0.00","0.00","0.00","06/27/2013","21.61","0.00","0.00","0.00","0.00"
"2811","1","0.00","0.00","0.00","0.00","0.00","0.00","24.17","0.00","0.00","0.00","24.17","0.00","0.00","24.17","Compound","13914","G:13914","Global","0.00","0.00","0.00","0.00","0.00","0.00","0.00","0.00","0.00","1","Unpaid","0.00","0.00","0.00","06/27/2013","24.17","0.00","0.00","0.00","0.00"
"2644","1","0.00","0.00","0.00","0.00","0.00","0.00","21.66","0.00","0.00","0.00","21.66","0.00","0.00","21.66","Compound","13915","G:13915","Global","0.00","0.00","0.00","0.00","0.00","0.00","0.00","0.00","0.00","1","Unpaid","0.00","0.00","0.00","06/27/2013","21.66","0.00","0.00","0.00","0.00"
"2841","1","0.00","0.00","0.00","0.00","0.00","0.00","2.80","0.00","0.00","0.00","2.80","0.00","0.00","2.80","Compound","13916","G:13916","Global","0.00","0.00","0.00","0.00","0.00","0.00","0.00","0.00","0.00","1","Unpaid","0.00","0.00","0.00","06/27/2013","2.80","0.00","0.00","0.00","0.00"
"2589","1","0.00","0.00","0.00","0.00","0.00","0.00","0.00","0.00","0.00","0.00","0.00","0.00","0.00","4.84","Compound","13917","G:13917","Global","0.00","0.00","0.00","0.00","4.84","0.00","0.00","0.00","4.84","1","Paid in Full","0.00","0.00","0.00","06/27/2013","4.84","0.00","0.00","0.00","0.00","3007","1","","Open","0.00","0.00","0","4.84","Unknown","0","06/28/2013","Credit","CRED","6.06","(6.06)"
"2710","1","0.00","0.00","0.00","0.00","0.00","0.00","0.00","0.00","0.00","0.00","0.00","0.00","0.00","3.29","Compound","13918","G:13918","Global","0.00","0.00","0.00","0.00","3.29","0.00","0.00","0.00","3.29","1","Paid in Full","0.00","0.00","0.00","06/27/2013","3.29","0.00","0.00","0.00","0.00","2711","1","","Open","0.00","0.00","0","3.29","Unknown","0","06/27/2013","Payment","PAY","3.29","(3.29)"
"2795","1","0.00","0.00","0.00","0.00","0.00","0.00","0.00","0.00","0.00","0.00","0.00","0.00","0.00","5.20","Compound","13919","G:13919","Global","0.00","0.00","0.00","0.00","5.20","0.00","0.00","0.00","5.20","1","Paid in Full","0.00","0.00","0.00","06/27/2013","5.20","0.00","0.00","0.00","0.00","2796","1","","Open","0.00","0.00","0","5.20","Unknown","0","06/27/2013","Payment","PAY","5.20","(5.20)"
"2768","1","0.00","0.00","0.00","0.00","0.00","0.00","11.51","0.00","0.00","0.00","11.51","0.00","0.00","11.51","Compound","13920","G:13920","Global","0.00","0.00","0.00","0.00","0.00","0.00","0.00","0.00","0.00","1","Unpaid","0.00","0.00","0.00","06/27/2013","11.51","0.00","0.00","0.00","0.00"
"2688","1","0.00","0.00","0.00","0.00","0.00","0.00","11.55","0.00","0.00","0.00","11.55","0.00","0.00","11.55","Compound","13921","G:13921","Global","0.00","0.00","0.00","0.00","0.00","0.00","0.00","0.00","0.00","1","Unpaid","0.00","0.00","0.00","06/27/2013","11.55","0.00","0.00","0.00","0.00"
"2816","1","0.00","0.00","0.00","0.00","0.00","0.00","11.46","0.00","0.00","0.00","11.46","0.00","0.00","14.52","Compound","13922","G:13922","Global","0.00","0.00","0.00","0.00","3.06","0.00","0.00","0.00","3.06","1","Partially Paid","0.00","0.00","0.00","06/27/2013","14.52","0.00","0.00","0.00","0.00","2906","1","","Open","0.00","0.00","0","3.06","Unknown","0","06/28/2013","Write Off","WOFF","3.06","(3.06)"
"2590","1","0.00","0.00","0.00","0.00","0.00","0.00","18.57","0.00","0.00","0.00","18.57","0.00","0.00","18.57","Compound","13923","G:13923","Global","0.00","0.00","0.00","0.00","0.00","0.00","0.00","0.00","0.00","1","Unpaid","0.00","0.00","0.00","06/27/2013","18.57","0.00","0.00","0.00","0.00"
"2645","1","0.00","0.00","0.00","0.00","0.00","0.00","0.00","0.00","0.00","0.00","0.00","0.00","0.00","21.69","Compound","13924","G:13924","Global","0.00","0.00","0.00","0.00","21.69","0.00","0.00","0.00","21.69","1","Paid in Full","0.00","0.00","0.00","06/27/2013","21.69","0.00","0.00","0.00","0.00","2646","1","","Open","0.00","0.00","0","21.69","Unknown","0","06/27/2013","Payment","PAY","21.69","(21.69)"
"2865","1","0.00","0.00","0.00","0.00","0.00","0.00","24.13","0.00","0.00","0.00","24.13","0.00","0.00","24.13","Compound","13925","G:13925","Global","0.00","0.00","0.00","0.00","0.00","0.00","0.00","0.00","0.00","1","Unpaid","0.00","0.00","0.00","06/27/2013","24.13","0.00","0.00","0.00","0.00"
"2714","1","0.00","0.00","0.00","0.00","0.00","0.00","15.55","0.00","0.00","0.00","15.55","0.00","0.00","21.61","Compound","13926","G:13926","Global","0.00","0.00","0.00","0.00","6.06","0.00","0.00","0.00","6.06","1","Partially Paid","0.00","0.00","0.00","06/27/2013","21.61","0.00","0.00","0.00","0.00","3008","1","","Open","0.00","0.00","0","6.06","Unknown","0","06/28/2013","Credit","CRED","6.06","(6.06)"
"2800","1","0.00","0.00","0.00","0.00","0.00","0.00","13.65","0.00","0.00","0.00","13.65","0.00","0.00","13.65","Compound","13927","G:13927","Global","0.00","0.00","0.00","0.00","0.00","0.00","0.00","0.00","0.00","1","Unpaid","0.00","0.00","0.00","06/27/2013","13.65","0.00","0.00","0.00","0.00"
"2538","1","0.00","0.00","0.00","0.00","0.00","0.00","6.68","0.00","0.00","0.00","6.68","0.00","0.00","6.68","Compound","13928","G:13928","Global","0.00","0.00","0.00","0.00","0.00","0.00","0.00","0.00","0.00","1","Unpaid","0.00","0.00","0.00","06/27/2013","6.68","0.00","0.00","0.00","0.00"
"2470","1","0.00","0.00","0.00","0.00","0.00","0.00","6.21","0.00","0.00","0.00","6.21","0.00","0.00","6.21","Compound","13929","G:13929","Global","0.00","0.00","0.00","0.00","0.00","0.00","0.00","0.00","0.00","1","Unpaid","0.00","0.00","0.00","06/27/2013","6.21","0.00","0.00","0.00","0.00"
"2471","1","0.00","0.00","0.00","0.00","0.00","0.00","0.00","0.00","0.00","0.00","0.00","0.00","0.00","5.20","Compound","13930","G:13930","Global","0.00","0.00","0.00","0.00","5.20","0.00","0.00","0.00","5.20","1","Paid in Full","0.00","0.00","0.00","06/27/2013","5.20","0.00","0.00","0.00","0.00","2472","1","","Open","0.00","0.00","0","5.20","Unknown","0","06/27/2013","Payment","PAY","5.20","(5.20)"
"2473","1","0.00","0.00","0.00","0.00","0.00","0.00","11.41","0.00","0.00","0.00","11.41","0.00","0.00","11.41","Compound","13931","G:13931","Global","0.00","0.00","0.00","0.00","0.00","0.00","0.00","0.00","0.00","1","Unpaid","0.00","0.00","0.00","06/27/2013","11.41","0.00","0.00","0.00","0.00"
"2853","1","0.00","0.00","0.00","0.00","0.00","0.00","11.22","0.00","0.00","0.00","11.22","0.00","0.00","11.22","Compound","13932","G:13932","Global","0.00","0.00","0.00","0.00","0.00","0.00","0.00","0.00","0.00","1","Unpaid","0.00","0.00","0.00","06/27/2013","11.22","0.00","0.00","0.00","0.00"
"2564","1","0.00","0.00","0.00","0.00","0.00","0.00","14.07","0.00","0.00","0.00","14.07","0.00","0.00","14.07","Compound","13933","G:13933","Global","0.00","0.00","0.00","0.00","0.00","0.00","0.00","0.00","0.00","1","Unpaid","0.00","0.00","0.00","06/27/2013","14.07","0.00","0.00","0.00","0.00"
"2647","1","0.00","0.00","0.00","0.00","0.00","0.00","84.12","0.00","0.00","0.00","84.12","0.00","0.00","84.12","Compound","13934","G:13934","Global","0.00","0.00","0.00","0.00","0.00","0.00","0.00","0.00","0.00","1","Unpaid","0.00","0.00","0.00","06/27/2013","84.12","0.00","0.00","0.00","0.00"
"2769","1","0.00","0.00","0.00","0.00","0.00","0.00","15.41","0.00","0.00","0.00","15.41","0.00","0.00","21.47","Compound","13935","G:13935","Global","0.00","0.00","0.00","0.00","6.06","0.00","0.00","0.00","6.06","1","Partially Paid","0.00","0.00","0.00","06/27/2013","21.47","0.00","0.00","0.00","0.00","3009","1","","Open","0.00","0.00","0","6.06","Unknown","0","06/28/2013","Credit","CRED","6.06","(6.06)"
"2593","1","0.00","0.00","0.00","0.00","0.00","0.00","0.00","0.00","0.00","0.00","0.00","0.00","0.00","24.07","Compound","13936","G:13936","Global","0.00","0.00","0.00","0.00","24.07","0.00","0.00","0.00","24.07","1","Paid in Full","0.00","0.00","0.00","06/27/2013","24.07","0.00","0.00","0.00","0.00","2594","1","","Open","0.00","0.00","0","24.07","Unknown","0","06/27/2013","Payment","PAY","24.07","(24.07)"
"2689","1","0.00","0.00","0.00","0.00","0.00","0.00","21.87","0.00","0.00","0.00","21.87","0.00","0.00","21.87","Compound","13937","G:13937","Global","0.00","0.00","0.00","0.00","0.00","0.00","0.00","0.00","0.00","1","Unpaid","0.00","0.00","0.00","06/27/2013","21.87","0.00","0.00","0.00","0.00"
"2595","1","0.00","0.00","0.00","0.00","0.00","0.00","13.91","0.00","0.00","0.00","13.91","0.00","0.00","13.91","Compound","13938","G:13938","Global","0.00","0.00","0.00","0.00","0.00","0.00","0.00","0.00","0.00","1","Unpaid","0.00","0.00","0.00","06/27/2013","13.91","0.00","0.00","0.00","0.00"
"2474","1","0.00","0.00","0.00","0.00","0.00","0.00","6.49","0.00","0.00","0.00","6.49","0.00","0.00","6.49","Compound","13939","G:13939","Global","0.00","0.00","0.00","0.00","0.00","0.00","0.00","0.00","0.00","1","Unpaid","0.00","0.00","0.00","06/27/2013","6.49","0.00","0.00","0.00","0.00"
"2539","1","0.00","0.00","0.00","0.00","0.00","0.00","5.99","0.00","0.00","0.00","5.99","0.00","0.00","5.99","Compound","13940","G:13940","Global","0.00","0.00","0.00","0.00","0.00","0.00","0.00","0.00","0.00","1","Unpaid","0.00","0.00","0.00","06/27/2013","5.99","0.00","0.00","0.00","0.00"
"2745","1","0.00","0.00","0.00","0.00","0.00","0.00","5.12","0.00","0.00","0.00","5.12","0.00","0.00","5.12","Compound","13941","G:13941","Global","0.00","0.00","0.00","0.00","0.00","0.00","0.00","0.00","0.00","1","Unpaid","0.00","0.00","0.00","06/27/2013","5.12","0.00","0.00","0.00","0.00"
"2881","1","0.00","0.00","0.00","0.00","0.00","0.00","0.00","0.00","0.00","0.00","0.00","0.00","0.00","6.50","Compound","13942","G:13942","Global","0.00","0.00","0.00","0.00","6.50","0.00","0.00","0.00","6.50","1","Paid in Full","0.00","0.00","0.00","06/27/2013","6.50","0.00","0.00","0.00","0.00","2882","1","","Open","0.00","0.00","0","6.50","Unknown","0","06/27/2013","Payment","PAY","6.50","(6.50)"
"2770","1","0.00","0.00","0.00","0.00","0.00","0.00","7.86","0.00","0.00","0.00","7.86","0.00","0.00","7.86","Compound","13943","G:13943","Global","0.00","0.00","0.00","0.00","0.00","0.00","0.00","0.00","0.00","1","Unpaid","0.00","0.00","0.00","06/27/2013","7.86","0.00","0.00","0.00","0.00"
"2596","1","0.00","0.00","0.00","0.00","0.00","0.00","3.72","0.00","0.00","0.00","3.72","0.00","0.00","9.78","Compound","13944","G:13944","Global","0.00","0.00","0.00","0.00","6.06","0.00","0.00","0.00","6.06","1","Partially Paid","0.00","0.00","0.00","06/27/2013","9.78","0.00","0.00","0.00","0.00","3010","1","","Open","0.00","0.00","0","6.06","Unknown","0","06/28/2013","Credit","CRED","6.06","(6.06)"
"2866","1","0.00","0.00","0.00","0.00","0.00","0.00","38.93","0.00","0.00","0.00","38.93","0.00","0.00","38.93","Compound","13945","G:13945","Global","0.00","0.00","0.00","0.00","0.00","0.00","0.00","0.00","0.00","1","Unpaid","0.00","0.00","0.00","06/27/2013","38.93","0.00","0.00","0.00","0.00"
"2883","1","0.00","0.00","0.00","0.00","0.00","0.00","22.00","0.00","0.00","0.00","22.00","0.00","0.00","22.00","Compound","13946","G:13946","Global","0.00","0.00","0.00","0.00","0.00","0.00","0.00","0.00","0.00","1","Unpaid","0.00","0.00","0.00","06/27/2013","22.00","0.00","0.00","0.00","0.00"
"2648","1","0.00","0.00","0.00","0.00","0.00","0.00","24.63","0.00","0.00","0.00","24.63","0.00","0.00","24.63","Compound","13947","G:13947","Global","0.00","0.00","0.00","0.00","0.00","0.00","0.00","0.00","0.00","1","Unpaid","0.00","0.00","0.00","06/27/2013","24.63","0.00","0.00","0.00","0.00"
"2771","1","0.00","0.00","0.00","0.00","0.00","0.00","0.00","0.00","0.00","0.00","0.00","0.00","0.00","22.49","Compound","13948","G:13948","Global","0.00","0.00","0.00","0.00","22.49","0.00","0.00","0.00","22.49","1","Paid in Full","0.00","0.00","0.00","06/27/2013","22.49","0.00","0.00","0.00","0.00","2772","1","","Open","0.00","0.00","0","22.49","Unknown","0","06/27/2013","Payment","PAY","22.49","(22.49)"
"2715","1","0.00","0.00","0.00","0.00","0.00","0.00","13.55","0.00","0.00","0.00","13.55","0.00","0.00","13.55","Compound","13949","G:13949","Global","0.00","0.00","0.00","0.00","0.00","0.00","0.00","0.00","0.00","1","Unpaid","0.00","0.00","0.00","06/27/2013","13.55","0.00","0.00","0.00","0.00"
"2675","1","0.00","0.00","0.00","0.00","0.00","0.00","8.75","0.00","0.00","0.00","8.75","0.00","0.00","8.75","Compound","13950","G:13950","Global","0.00","0.00","0.00","0.00","0.00","0.00","0.00","0.00","0.00","1","Unpaid","0.00","0.00","0.00","06/27/2013","8.75","0.00","0.00","0.00","0.00"
"2716","1","0.00","0.00","0.00","0.00","0.00","0.00","10.10","0.00","0.00","0.00","10.10","0.00","0.00","10.10","Compound","13951","G:13951","Global","0.00","0.00","0.00","0.00","0.00","0.00","0.00","0.00","0.00","1","Unpaid","0.00","0.00","0.00","06/27/2013","10.10","0.00","0.00","0.00","0.00"
"2817","1","0.00","0.00","0.00","0.00","0.00","0.00","8.25","0.00","0.00","0.00","8.25","0.00","0.00","8.25","Compound","13952","G:13952","Global","0.00","0.00","0.00","0.00","0.00","0.00","0.00","0.00","0.00","1","Unpaid","0.00","0.00","0.00","06/27/2013","8.25","0.00","0.00","0.00","0.00"
"2482","1","0.00","0.00","0.00","0.00","0.00","0.00","0.00","0.00","0.00","0.00","0.00","0.00","0.00","14.89","Compound","13953","G:13953","Global","0.00","0.00","0.00","0.00","14.89","0.00","0.00","0.00","14.89","1","Paid in Full","0.00","0.00","0.00","06/27/2013","14.89","0.00","0.00","0.00","0.00","2345","1","","Open","0.00","0.00","0","14.89","Master Card","0","05/28/2013","Payment","PAY","184.05","(184.05)"
"2480","1","0.00","0.00","0.00","0.00","0.00","0.00","0.00","0.00","0.00","0.00","0.00","0.00","0.00","12.97","Compound","13954","G:13954","Global","0.00","0.00","0.00","0.00","12.97","0.00","0.00","0.00","12.97","1","Paid in Full","0.00","0.00","0.00","06/27/2013","12.97","0.00","0.00","0.00","0.00","2404","1","","Open","0.00","0.00","0","11.05","Unknown","0","05/28/2013","Payment","PAY","11.05","(11.05)","2481","1","","Open","0.00","0.00","0","1.92","Unknown","0","06/27/2013","Payment","PAY","1.92","(1.92)"
"2478","1","0.00","0.00","0.00","0.00","0.00","0.00","0.00","0.00","0.00","0.00","0.00","0.00","0.00","5.54","Compound","13955","G:13955","Global","0.00","0.00","0.00","0.00","5.54","0.00","0.00","0.00","5.54","1","Paid in Full","0.00","0.00","0.00","06/27/2013","5.54","0.00","0.00","0.00","0.00","2479","1","","Open","0.00","0.00","0","5.54","Unknown","0","06/27/2013","Payment","PAY","5.54","(5.54)"
"2867","1","0.00","0.00","0.00","0.00","0.00","0.00","27.02","0.00","0.00","0.00","27.02","0.00","0.00","27.02","Compound","13956","G:13956","Global","0.00","0.00","0.00","0.00","0.00","0.00","0.00","0.00","0.00","1","Unpaid","0.00","0.00","0.00","06/27/2013","27.02","0.00","0.00","0.00","0.00"
"2475","1","0.00","0.00","0.00","0.00","0.00","0.00","16.44","0.00","0.00","0.00","16.44","0.00","0.00","16.44","Compound","13957","G:13957","Global","0.00","0.00","0.00","0.00","0.00","0.00","0.00","0.00","0.00","1","Unpaid","0.00","0.00","0.00","06/27/2013","16.44","0.00","0.00","0.00","0.00"
"2818","1","0.00","0.00","0.00","0.00","0.00","0.00","33.40","0.00","0.00","0.00","33.40","0.00","0.00","33.40","Compound","13958","G:13958","Global","0.00","0.00","0.00","0.00","0.00","0.00","0.00","0.00","0.00","1","Unpaid","0.00","0.00","0.00","06/27/2013","33.40","0.00","0.00","0.00","0.00"
"2855","1","0.00","0.00","0.00","0.00","0.00","0.00","24.75","0.00","0.00","0.00","24.75","0.00","0.00","24.75","Compound","13959","G:13959","Global","0.00","0.00","0.00","0.00","0.00","0.00","0.00","0.00","0.00","1","Unpaid","0.00","0.00","0.00","06/27/2013","24.75","0.00","0.00","0.00","0.00"
"2574","1","0.00","0.00","0.00","0.00","0.00","0.00","0.00","0.00","0.00","0.00","0.00","0.00","0.00","12.97","Compound","13960","G:13960","Global","0.00","0.00","0.00","0.00","12.97","0.00","0.00","0.00","12.97","1","Paid in Full","0.00","0.00","0.00","06/27/2013","12.97","0.00","0.00","0.00","0.00","2575","1","","Open","0.00","0.00","0","12.97","Unknown","0","06/27/2013","Payment","PAY","12.97","(12.97)"
"2597","1","0.00","0.00","0.00","0.00","0.00","0.00","6.05","0.00","0.00","0.00","6.05","0.00","0.00","6.05","Compound","13961","G:13961","Global","0.00","0.00","0.00","0.00","0.00","0.00","0.00","0.00","0.00","1","Unpaid","0.00","0.00","0.00","06/27/2013","6.05","0.00","0.00","0.00","0.00"
"2746","1","0.00","0.00","0.00","0.00","0.00","0.00","5.16","0.00","0.00","0.00","5.16","0.00","0.00","11.22","Compound","13962","G:13962","Global","0.00","0.00","0.00","0.00","6.06","0.00","0.00","0.00","6.06","1","Partially Paid","0.00","0.00","0.00","06/27/2013","11.22","0.00","0.00","0.00","0.00","3012","1","","Open","0.00","0.00","0","6.06","Unknown","0","06/28/2013","Credit","CRED","6.06","(6.06)"
"2799","1","0.00","0.00","0.00","0.00","0.00","0.00","7.91","0.00","0.00","0.00","7.91","0.00","0.00","7.91","Compound","13963","G:13963","Global","0.00","0.00","0.00","0.00","0.00","0.00","0.00","0.00","0.00","1","Unpaid","0.00","0.00","0.00","06/27/2013","7.91","0.00","0.00","0.00","0.00"
"2884","1","0.00","0.00","0.00","0.00","0.00","0.00","18.66","0.00","0.00","0.00","18.66","0.00","0.00","18.66","Compound","13964","G:13964","Global","0.00","0.00","0.00","0.00","0.00","0.00","0.00","0.00","0.00","1","Unpaid","0.00","0.00","0.00","06/27/2013","18.66","0.00","0.00","0.00","0.00"
"2885","1","0.00","0.00","0.00","0.00","0.00","0.00","27.16","0.00","0.00","0.00","27.16","0.00","0.00","27.16","Compound","13965","G:13965","Global","0.00","0.00","0.00","0.00","0.00","0.00","0.00","0.00","0.00","1","Unpaid","0.00","0.00","0.00","06/27/2013","27.16","0.00","0.00","0.00","0.00"
"2856","1","0.00","0.00","0.00","0.00","0.00","0.00","5.16","0.00","0.00","0.00","5.16","0.00","0.00","30.21","Compound","13966","G:13966","Global","0.00","0.00","0.00","0.00","25.05","0.00","0.00","0.00","25.05","1","Partially Paid","0.00","0.00","0.00","06/27/2013","30.21","0.00","0.00","0.00","0.00","2857","1","","Open","0.00","0.00","0","25.05","Unknown","0","06/27/2013","Payment","PAY","25.05","(25.05)"
"2617","1","0.00","0.00","0.00","0.00","0.00","0.00","10.34","0.00","0.00","0.00","10.34","0.00","0.00","10.34","Compound","13967","G:13967","Global","0.00","0.00","0.00","0.00","0.00","0.00","0.00","0.00","0.00","1","Unpaid","0.00","0.00","0.00","06/27/2013","10.34","0.00","0.00","0.00","0.00"
"2565","1","0.00","0.00","0.00","0.00","0.00","0.00","19.22","0.00","0.00","0.00","19.22","0.00","0.00","19.22","Compound","13968","G:13968","Global","0.00","0.00","0.00","0.00","0.00","0.00","0.00","0.00","0.00","1","Unpaid","0.00","0.00","0.00","06/27/2013","19.22","0.00","0.00","0.00","0.00"
"2773","1","0.00","0.00","0.00","0.00","0.00","0.00","130.90","0.00","0.00","0.00","130.90","0.00","0.00","130.90","Compound","13969","G:13969","Global","0.00","0.00","0.00","0.00","0.00","0.00","0.00","0.00","0.00","1","Unpaid","0.00","0.00","0.00","06/27/2013","130.90","0.00","0.00","0.00","0.00"
"2681","1","0.00","0.00","0.00","0.00","0.00","0.00","42.70","0.00","0.00","0.00","42.70","0.00","0.00","42.70","Compound","13970","G:13970","Global","0.00","0.00","0.00","0.00","0.00","0.00","0.00","0.00","0.00","1","Unpaid","0.00","0.00","0.00","06/27/2013","42.70","0.00","0.00","0.00","0.00"
"2774","1","0.00","0.00","0.00","0.00","0.00","0.00","8.91","0.00","0.00","0.00","8.91","0.00","0.00","14.97","Compound","13971","G:13971","Global","0.00","0.00","0.00","0.00","6.06","0.00","0.00","0.00","6.06","1","Partially Paid","0.00","0.00","0.00","06/27/2013","14.97","0.00","0.00","0.00","0.00","3013","1","","Open","0.00","0.00","0","6.06","Unknown","0","06/28/2013","Credit","CRED","6.06","(6.06)"
"2876","1","0.00","0.00","0.00","0.00","0.00","0.00","0.00","0.00","0.00","0.00","0.00","0.00","0.00","7.99","Compound","13972","G:13972","Global","0.00","0.00","0.00","0.00","7.99","0.00","0.00","0.00","7.99","1","Paid in Full","0.00","0.00","0.00","06/27/2013","7.99","0.00","0.00","0.00","0.00","2877","1","","Open","0.00","0.00","0","7.99","Unknown","0","06/27/2013","Payment","PAY","7.99","(7.99)"
"2623","1","0.00","0.00","0.00","0.00","0.00","0.00","7.31","0.00","0.00","0.00","7.31","0.00","0.00","7.31","Compound","13973","G:13973","Global","0.00","0.00","0.00","0.00","0.00","0.00","0.00","0.00","0.00","1","Unpaid","0.00","0.00","0.00","06/27/2013","7.31","0.00","0.00","0.00","0.00"
"2719","1","0.00","0.00","0.00","0.00","0.00","0.00","4.89","0.00","0.00","0.00","4.89","0.00","0.00","4.89","Compound","13974","G:13974","Global","0.00","0.00","0.00","0.00","0.00","0.00","0.00","0.00","0.00","1","Unpaid","0.00","0.00","0.00","06/27/2013","4.89","0.00","0.00","0.00","0.00"
"2601","1","0.00","0.00","0.00","0.00","0.00","0.00","11.28","0.00","0.00","0.00","11.28","0.00","0.00","11.28","Compound","13975","G:13975","Global","0.00","0.00","0.00","0.00","0.00","0.00","0.00","0.00","0.00","1","Unpaid","0.00","0.00","0.00","06/27/2013","11.28","0.00","0.00","0.00","0.00"
"2747","1","0.00","0.00","0.00","0.00","0.00","0.00","11.31","0.00","0.00","0.00","11.31","0.00","0.00","11.31","Compound","13976","G:13976","Global","0.00","0.00","0.00","0.00","0.00","0.00","0.00","0.00","0.00","1","Unpaid","0.00","0.00","0.00","06/27/2013","11.31","0.00","0.00","0.00","0.00"
"2483","1","0.00","0.00","0.00","0.00","0.00","0.00","14.46","0.00","0.00","0.00","14.46","0.00","0.00","14.46","Compound","13977","G:13977","Global","0.00","0.00","0.00","0.00","0.00","0.00","0.00","0.00","0.00","1","Unpaid","0.00","0.00","0.00","06/27/2013","14.46","0.00","0.00","0.00","0.00"
"2879","1","0.00","0.00","0.00","0.00","0.00","0.00","0.00","0.00","0.00","0.00","0.00","0.00","0.00","18.33","Compound","13978","G:13978","Global","0.00","0.00","0.00","0.00","18.33","0.00","0.00","0.00","18.33","1","Paid in Full","0.00","0.00","0.00","06/27/2013","18.33","0.00","0.00","0.00","0.00","2880","1","","Open","0.00","0.00","0","18.33","Unknown","0","06/27/2013","Payment","PAY","18.33","(18.33)"
"2649","1","0.00","0.00","0.00","0.00","0.00","0.00","21.35","0.00","0.00","0.00","21.35","0.00","0.00","21.35","Compound","13979","G:13979","Global","0.00","0.00","0.00","0.00","0.00","0.00","0.00","0.00","0.00","1","Unpaid","0.00","0.00","0.00","06/27/2013","21.35","0.00","0.00","0.00","0.00"
"2484","1","0.00","0.00","0.00","0.00","0.00","0.00","17.83","0.00","0.00","0.00","17.83","0.00","0.00","23.89","Compound","13980","G:13980","Global","0.00","0.00","0.00","0.00","6.06","0.00","0.00","0.00","6.06","1","Partially Paid","0.00","0.00","0.00","06/27/2013","23.89","0.00","0.00","0.00","0.00","3014","1","","Open","0.00","0.00","0","6.06","Unknown","0","06/28/2013","Credit","CRED","6.06","(6.06)"
"2485","1","0.00","0.00","0.00","0.00","0.00","0.00","21.36","0.00","0.00","0.00","21.36","0.00","0.00","21.36","Compound","13981","G:13981","Global","0.00","0.00","0.00","0.00","0.00","0.00","0.00","0.00","0.00","1","Unpaid","0.00","0.00","0.00","06/27/2013","21.36","0.00","0.00","0.00","0.00"
"2540","1","0.00","0.00","0.00","0.00","0.00","0.00","13.41","0.00","0.00","0.00","13.41","0.00","0.00","13.41","Compound","13982","G:13982","Global","0.00","0.00","0.00","0.00","0.00","0.00","0.00","0.00","0.00","1","Unpaid","0.00","0.00","0.00","06/27/2013","13.41","0.00","0.00","0.00","0.00"
"2582","1","0.00","0.00","0.00","0.00","0.00","0.00","6.54","0.00","0.00","0.00","6.54","0.00","0.00","6.54","Compound","13983","G:13983","Global","0.00","0.00","0.00","0.00","0.00","0.00","0.00","0.00","0.00","1","Unpaid","0.00","0.00","0.00","06/27/2013","6.54","0.00","0.00","0.00","0.00"
"2625","1","0.00","0.00","0.00","0.00","0.00","0.00","0.00","0.00","0.00","0.00","0.00","0.00","0.00","5.97","Compound","13984","G:13984","Global","0.00","0.00","0.00","0.00","5.97","0.00","0.00","0.00","5.97","1","Paid in Full","0.00","0.00","0.00","06/27/2013","5.97","0.00","0.00","0.00","0.00","2626","1","","Open","0.00","0.00","0","5.97","Unknown","0","06/27/2013","Payment","PAY","5.97","(5.97)"
"2720","1","0.00","0.00","0.00","0.00","0.00","0.00","0.00","0.00","0.00","0.00","0.00","0.00","0.00","4.93","Compound","13985","G:13985","Global","0.00","0.00","0.00","0.00","4.93","0.00","0.00","0.00","4.93","1","Paid in Full","0.00","0.00","0.00","06/27/2013","4.93","0.00","0.00","0.00","0.00","2721","1","","Open","0.00","0.00","0","4.93","Unknown","0","06/27/2013","Payment","PAY","4.93","(4.93)"
"2486","1","0.00","0.00","0.00","0.00","0.00","0.00","9.99","0.00","0.00","0.00","9.99","0.00","0.00","9.99","Compound","13986","G:13986","Global","0.00","0.00","0.00","0.00","0.00","0.00","0.00","0.00","0.00","1","Unpaid","0.00","0.00","0.00","06/27/2013","9.99","0.00","0.00","0.00","0.00"
"2819","1","0.00","0.00","0.00","0.00","0.00","0.00","9.91","0.00","0.00","0.00","9.91","0.00","0.00","9.91","Compound","13987","G:13987","Global","0.00","0.00","0.00","0.00","0.00","0.00","0.00","0.00","0.00","1","Unpaid","0.00","0.00","0.00","06/27/2013","9.91","0.00","0.00","0.00","0.00"
"2748","1","0.00","0.00","0.00","0.00","0.00","0.00","14.29","0.00","0.00","0.00","14.29","0.00","0.00","14.29","Compound","13988","G:13988","Global","0.00","0.00","0.00","0.00","0.00","0.00","0.00","0.00","0.00","1","Unpaid","0.00","0.00","0.00","06/27/2013","14.29","0.00","0.00","0.00","0.00"
"2487","1","0.00","0.00","0.00","0.00","0.00","0.00","12.22","0.00","0.00","0.00","12.22","0.00","0.00","18.28","Compound","13989","G:13989","Global","0.00","0.00","0.00","0.00","6.06","0.00","0.00","0.00","6.06","1","Partially Paid","0.00","0.00","0.00","06/27/2013","18.28","0.00","0.00","0.00","0.00","3015","1","","Open","0.00","0.00","0","6.06","Unknown","0","06/28/2013","Credit","CRED","6.06","(6.06)"
"2544","1","0.00","0.00","0.00","0.00","0.00","0.00","0.00","0.00","0.00","0.00","0.00","0.00","0.00","20.92","Compound","13990","G:13990","Global","0.00","0.00","0.00","0.00","20.92","0.00","0.00","0.00","20.92","1","Paid in Full","0.00","0.00","0.00","06/27/2013","20.92","0.00","0.00","0.00","0.00","2545","1","","Open","0.00","0.00","0","20.92","Unknown","0","06/27/2013","Payment","PAY","20.92","(20.92)"
"2820","1","0.00","0.00","0.00","0.00","0.00","0.00","3.69","0.00","0.00","0.00","3.69","0.00","0.00","14.60","Compound","13991","G:13991","Global","0.00","0.00","0.00","0.00","10.91","0.00","0.00","0.00","10.91","1","Partially Paid","0.00","0.00","0.00","06/27/2013","14.60","0.00","0.00","0.00","0.00","2821","1","","Open","0.00","0.00","0","10.91","Unknown","0","06/27/2013","Payment","PAY","10.91","(10.91)"
"2822","1","0.00","0.00","0.00","0.00","0.00","0.00","10.38","0.00","0.00","0.00","10.38","0.00","0.00","10.38","Compound","13992","G:13992","Global","0.00","0.00","0.00","0.00","0.00","0.00","0.00","0.00","0.00","1","Unpaid","0.00","0.00","0.00","06/27/2013","10.38","0.00","0.00","0.00","0.00"
"2488","1","2464.88","2569.64","2367.95","2468.59","0.00","0.00","0.00","100.64","0.00","100.64","2468.59","0.00","0.00","1.47","Compound","13993","G:13993","Global","96.93","101.05","0.00","0.00","1.47","4.12","0.00","4.12","102.52","1","Partially Paid","104.76","0.00","104.76","06/27/2013","2571.11","0.00","0.00","0.00","0.00","5830","0","","Open","101.05","0.00","0","1.47","Other 2","0","11/28/2013","Payment","PAY","224.11","(224.11)"
"2627","1","237.44","247.53","119.79","124.88","0.00","0.00","0.00","5.09","0.00","5.09","124.88","0.00","0.00","3.35","Compound","13994","G:13994","Global","117.65","122.65","0.00","0.00","3.35","5.00","0.00","5.00","126.00","1","Partially Paid","10.09","0.00","10.09","06/27/2013","250.88","0.00","0.00","0.00","0.00","2354","1","","Open","122.65","0.00","0","3.35","Master Card","0","05/28/2013","Payment","PAY","225.05","(225.05)"
"2868","1","450.71","469.87","337.96","352.33","0.00","0.00","0.00","14.37","0.00","14.37","352.33","0.00","0.00","4.81","Compound","13995","G:13995","Global","112.75","117.54","0.00","0.00","4.81","4.79","0.00","4.79","122.35","1","Partially Paid","19.16","0.00","19.16","06/27/2013","474.68","0.00","0.00","0.00","0.00","1768","1","","Open","117.54","0.00","0","4.81","Visa","0","04/28/2013","Payment","PAY","226.04","(226.04)"
"2489","1","0.00","0.00","0.00","0.00","0.00","0.00","0.00","0.00","0.00","0.00","0.00","0.00","0.00","5.31","Compound","13996","G:13996","Global","0.00","0.00","0.00","0.00","5.31","0.00","0.00","0.00","5.31","1","Paid in Full","0.00","0.00","0.00","06/27/2013","5.31","0.00","0.00","0.00","0.00","2490","1","","Open","0.00","0.00","0","5.31","Unknown","0","06/27/2013","Payment","PAY","5.31","(5.31)"
"2717","1","883.60","921.15","874.03","911.17","0.00","0.00","0.00","37.14","0.00","37.14","911.17","0.00","0.00","7.65","Compound","13997","G:13997","Global","9.57","9.98","0.00","0.00","7.65","0.41","0.00","0.41","17.63","1","Partially Paid","37.55","0.00","37.55","06/27/2013","928.80","0.00","0.00","0.00","0.00","2718","1","","Open","9.98","0.00","0","7.65","Unknown","0","06/27/2013","Payment","PAY","17.63","(17.63)"
"2591","1","1103.18","1150.07","1091.75","1138.15","0.00","0.00","0.00","46.40","0.00","46.40","1138.15","0.00","0.00","6.46","Compound","13998","G:13998","Global","11.43","11.92","0.00","0.00","6.46","0.49","0.00","0.49","18.38","1","Partially Paid","46.89","0.00","46.89","06/27/2013","1156.53","0.00","0.00","0.00","0.00","2592","1","","Open","5.86","0.00","0","6.46","Unknown","0","06/27/2013","Payment","PAY","12.32","(12.32)","3016","1","","Open","6.06","0.00","0","0.00","Unknown","0","06/28/2013","Credit","CRED","6.06","(6.06)"
"2598","1","0.00","0.00","0.00","0.00","0.00","0.00","13.68","0.00","0.00","0.00","13.68","0.00","0.00","13.68","Compound","13999","G:13999","Global","0.00","0.00","0.00","0.00","0.00","0.00","0.00","0.00","0.00","1","Unpaid","0.00","0.00","0.00","06/27/2013","13.68","0.00","0.00","0.00","0.00"
"2775","1","1548.67","1614.49","1548.67","1614.49","0.00","0.00","11.09","65.82","0.00","65.82","1625.58","0.00","0.00","11.09","Compound","14000","G:14000","Global","0.00","0.00","0.00","0.00","0.00","0.00","0.00","0.00","0.00","1","Unpaid","65.82","0.00","65.82","06/27/2013","1625.58","0.00","0.00","0.00","0.00"
"2542","1","1774.57","1849.99","1774.57","1849.99","0.00","0.00","13.18","75.42","0.00","75.42","1863.17","0.00","0.00","13.18","Compound","14001","G:14001","Global","0.00","0.00","0.00","0.00","0.00","0.00","0.00","0.00","0.00","1","Unpaid","75.42","0.00","75.42","06/27/2013","1863.17","0.00","0.00","0.00","0.00"
"2823","1","2002.57","2087.68","1992.61","2077.30","0.00","0.00","0.00","84.69","0.00","84.69","2077.30","0.00","0.00","14.67","Compound","14002","G:14002","Global","9.96","10.38","0.00","0.00","14.67","0.42","0.00","0.42","25.05","1","Partially Paid","85.11","0.00","85.11","06/27/2013","2102.35","0.00","0.00","0.00","0.00","2824","1","","Open","10.38","0.00","0","14.67","Unknown","0","06/27/2013","Payment","PAY","25.05","(25.05)"
"2650","1","2232.67","2327.56","2230.28","2325.07","0.00","0.00","0.00","94.79","0.00","94.79","2325.07","0.00","0.00","11.46","Compound","14003","G:14003","Global","2.39","2.49","0.00","0.00","11.46","0.10","0.00","0.10","13.95","1","Partially Paid","94.89","0.00","94.89","06/27/2013","2339.02","0.00","0.00","0.00","0.00","2651","1","","Open","2.49","0.00","0","11.46","Unknown","0","06/27/2013","Payment","PAY","13.95","(13.95)"
"2652","1","2464.88","2569.64","2464.88","2569.64","0.00","0.00","138.39","104.76","0.00","104.76","2708.03","0.00","0.00","138.39","Compound","14004","G:14004","Global","0.00","0.00","0.00","0.00","0.00","0.00","0.00","0.00","0.00","1","Unpaid","104.76","0.00","104.76","06/27/2013","2708.03","0.00","0.00","0.00","0.00"
"2690","1","237.44","247.53","237.44","247.53","0.00","0.00","5.81","10.09","0.00","10.09","253.34","0.00","0.00","5.81","Compound","14005","G:14005","Global","0.00","0.00","0.00","0.00","0.00","0.00","0.00","0.00","0.00","1","Unpaid","10.09","0.00","10.09","06/27/2013","253.34","0.00","0.00","0.00","0.00"
"2491","1","450.71","469.87","450.71","469.87","0.00","0.00","4.30","19.16","0.00","19.16","474.17","0.00","0.00","4.30","Compound","14006","G:14006","Global","0.00","0.00","0.00","0.00","0.00","0.00","0.00","0.00","0.00","1","Unpaid","19.16","0.00","19.16","06/27/2013","474.17","0.00","0.00","0.00","0.00"
"2691","1","0.00","0.00","0.00","0.00","0.00","0.00","0.00","0.00","0.00","0.00","0.00","0.00","0.00","5.45","Compound","14007","G:14007","Global","0.00","0.00","0.00","0.00","5.45","0.00","0.00","0.00","5.45","1","Paid in Full","0.00","0.00","0.00","06/27/2013","5.45","0.00","0.00","0.00","0.00","3017","1","","Open","0.00","0.00","0","5.45","Unknown","0","06/28/2013","Credit","CRED","6.06","(6.06)"
"2692","1","883.60","921.15","867.07","903.92","0.00","0.00","0.00","36.85","0.00","36.85","903.92","0.00","0.00","7.82","Compound","14008","G:14008","Global","16.53","17.23","0.00","0.00","7.82","0.70","0.00","0.70","25.05","1","Partially Paid","37.55","0.00","37.55","06/27/2013","928.97","0.00","0.00","0.00","0.00","2693","1","","Open","17.23","0.00","0","7.82","Unknown","0","06/27/2013","Payment","PAY","25.05","(25.05)"
"2628","1","1103.18","1150.07","1091.31","1137.70","0.00","0.00","0.00","46.39","0.00","46.39","1137.70","0.00","0.00","5.94","Compound","14009","G:14009","Global","11.87","12.37","0.00","0.00","5.94","0.50","0.00","0.50","18.31","1","Partially Paid","46.89","0.00","46.89","06/27/2013","1156.01","0.00","0.00","0.00","0.00","2629","1","","Open","12.37","0.00","0","5.94","Unknown","0","06/27/2013","Payment","PAY","18.31","(18.31)"
"2694","1","0.00","0.00","0.00","0.00","0.00","0.00","19.36","0.00","0.00","0.00","19.36","0.00","0.00","19.36","Compound","14010","G:14010","Global","0.00","0.00","0.00","0.00","0.00","0.00","0.00","0.00","0.00","1","Unpaid","0.00","0.00","0.00","06/27/2013","19.36","0.00","0.00","0.00","0.00"
"2776","1","1548.67","1614.49","1548.67","1614.49","0.00","0.00","16.73","65.82","0.00","65.82","1631.22","0.00","0.00","16.73","Compound","14011","G:14011","Global","0.00","0.00","0.00","0.00","0.00","0.00","0.00","0.00","0.00","1","Unpaid","65.82","0.00","65.82","06/27/2013","1631.22","0.00","0.00","0.00","0.00"
"2492","1","1774.57","1849.99","1774.57","1849.99","0.00","0.00","8.90","75.42","0.00","75.42","1858.89","0.00","0.00","8.90","Compound","14012","G:14012","Global","0.00","0.00","0.00","0.00","0.00","0.00","0.00","0.00","0.00","1","Unpaid","75.42","0.00","75.42","06/27/2013","1858.89","0.00","0.00","0.00","0.00"
"2749","1","2002.57","2087.68","2002.57","2087.68","0.00","0.00","21.09","85.11","0.00","85.11","2108.77","0.00","0.00","21.09","Compound","14013","G:14013","Global","0.00","0.00","0.00","0.00","0.00","0.00","0.00","0.00","0.00","1","Unpaid","85.11","0.00","85.11","06/27/2013","2108.77","0.00","0.00","0.00","0.00"
"2833","1","2232.67","2327.56","2222.39","2316.84","0.00","0.00","0.00","94.45","0.00","94.45","2316.84","0.00","0.00","14.33","Compound","14014","G:14014","Global","10.28","10.72","0.00","0.00","14.33","0.44","0.00","0.44","25.05","1","Partially Paid","94.89","0.00","94.89","06/27/2013","2341.89","0.00","0.00","0.00","0.00","2834","1","","Open","10.72","0.00","0","14.33","Unknown","0","06/27/2013","Payment","PAY","25.05","(25.05)"
"2827","1","2464.88","2569.64","2453.87","2558.16","0.00","0.00","0.00","104.29","0.00","104.29","2558.16","0.00","0.00","6.89","Compound","14015","G:14015","Global","11.01","11.48","0.00","0.00","6.89","0.47","0.00","0.47","18.37","1","Partially Paid","104.76","0.00","104.76","06/27/2013","2576.53","0.00","0.00","0.00","0.00","2828","1","","Open","11.48","0.00","0","6.89","Unknown","0","06/27/2013","Payment","PAY","18.37","(18.37)"
"2653","1","0.00","0.00","0.00","0.00","0.00","0.00","0.55","0.00","0.00","0.00","0.55","0.00","0.00","6.61","Compound","14016","G:14016","Global","0.00","0.00","0.00","0.00","6.06","0.00","0.00","0.00","6.06","1","Partially Paid","0.00","0.00","0.00","06/27/2013","6.61","0.00","0.00","0.00","0.00","3018","1","","Open","0.00","0.00","0","6.06","Unknown","0","06/28/2013","Credit","CRED","6.06","(6.06)"
"2546","1","450.71","469.87","448.83","467.91","0.00","0.00","0.00","19.08","0.00","19.08","467.91","0.00","0.00","1.57","Compound","14017","G:14017","Global","1.88","1.96","0.00","0.00","1.57","0.08","0.00","0.08","3.53","1","Partially Paid","19.16","0.00","19.16","06/27/2013","471.44","0.00","0.00","0.00","0.00","2433","1","","Open","1.96","0.00","0","1.57","Unknown","0","05/28/2013","Credit","CRED","5.05","(5.05)"
"2722","1","0.00","0.00","0.00","0.00","0.00","0.00","2.74","0.00","0.00","0.00","2.74","0.00","0.00","2.74","Compound","14018","G:14018","Global","0.00","0.00","0.00","0.00","0.00","0.00","0.00","0.00","0.00","1","Unpaid","0.00","0.00","0.00","06/27/2013","2.74","0.00","0.00","0.00","0.00"
"2549","1","883.60","921.15","883.60","921.15","0.00","0.00","3.83","37.55","0.00","37.55","924.98","0.00","0.00","3.83","Compound","14019","G:14019","Global","0.00","0.00","0.00","0.00","0.00","0.00","0.00","0.00","0.00","1","Unpaid","37.55","0.00","37.55","06/27/2013","924.98","0.00","0.00","0.00","0.00"
"2654","1","1103.18","1150.07","1087.24","1133.45","0.00","0.00","0.00","46.21","0.00","46.21","1133.45","0.00","0.00","8.43","Compound","14020","G:14020","Global","15.94","16.62","0.00","0.00","8.43","0.68","0.00","0.68","25.05","1","Partially Paid","46.89","0.00","46.89","06/27/2013","1158.50","0.00","0.00","0.00","0.00","2655","1","","Open","16.62","0.00","0","8.43","Unknown","0","06/27/2013","Payment","PAY","25.05","(25.05)"
"2550","1","0.00","0.00","0.00","0.00","0.00","0.00","0.00","0.00","0.00","0.00","0.00","0.00","0.00","10.59","Compound","14021","G:14021","Global","0.00","0.00","0.00","0.00","10.59","0.00","0.00","0.00","10.59","1","Paid in Full","0.00","0.00","0.00","06/27/2013","10.59","0.00","0.00","0.00","0.00","2551","1","","Open","0.00","0.00","0","10.59","Unknown","0","06/27/2013","Payment","PAY","10.59","(10.59)"
"2630","1","1548.67","1614.49","1548.67","1614.49","0.00","0.00","11.50","65.82","0.00","65.82","1625.99","0.00","0.00","11.50","Compound","14022","G:14022","Global","0.00","0.00","0.00","0.00","0.00","0.00","0.00","0.00","0.00","1","Unpaid","65.82","0.00","65.82","06/27/2013","1625.99","0.00","0.00","0.00","0.00"
"2493","1","1774.57","1849.99","1774.57","1849.99","0.00","0.00","8.91","75.42","0.00","75.42","1858.90","0.00","0.00","8.91","Compound","14023","G:14023","Global","0.00","0.00","0.00","0.00","0.00","0.00","0.00","0.00","0.00","1","Unpaid","75.42","0.00","75.42","06/27/2013","1858.90","0.00","0.00","0.00","0.00"
"2840","1","2002.57","2087.68","2002.57","2087.68","0.00","0.00","25.10","85.11","0.00","85.11","2112.78","0.00","0.00","25.10","Compound","14024","G:14024","Global","0.00","0.00","0.00","0.00","0.00","0.00","0.00","0.00","0.00","1","Unpaid","85.11","0.00","85.11","06/27/2013","2112.78","0.00","0.00","0.00","0.00"
"2588","1","2232.67","2327.56","2232.67","2327.56","0.00","0.00","5.12","94.89","0.00","94.89","2332.68","0.00","0.00","11.18","Compound","14025","G:14025","Global","0.00","0.00","0.00","0.00","6.06","0.00","0.00","0.00","6.06","1","Partially Paid","94.89","0.00","94.89","06/27/2013","2338.74","0.00","0.00","0.00","0.00","3019","1","","Open","0.00","0.00","0","6.06","Unknown","0","06/28/2013","Credit","CRED","6.06","(6.06)"
"2704","1","2464.88","2569.64","2444.24","2548.12","0.00","0.00","0.00","103.88","0.00","103.88","2548.12","0.00","0.00","4.36","Compound","14026","G:14026","Global","20.64","21.52","0.00","0.00","4.36","0.88","0.00","0.88","25.88","1","Partially Paid","104.76","0.00","104.76","06/27/2013","2574.00","0.00","0.00","0.00","0.00","2434","1","","Open","0.00","0.00","0","0.83","Unknown","0","05/28/2013","Credit","CRED","5.05","(5.05)","2705","1","","Open","21.52","0.00","0","3.53","Unknown","0","06/27/2013","Payment","PAY","25.05","(25.05)"
"2631","1","237.44","247.53","224.42","233.96","0.00","0.00","0.00","9.54","0.00","9.54","233.96","0.00","0.00","5.83","Compound","14027","G:14027","Global","13.02","13.57","0.00","0.00","5.83","0.55","0.00","0.55","19.40","1","Partially Paid","10.09","0.00","10.09","06/27/2013","253.36","0.00","0.00","0.00","0.00","2632","1","","Open","13.57","0.00","0","5.83","Unknown","0","06/27/2013","Payment","PAY","19.40","(19.40)"
"2529","1","450.71","469.87","170.90","178.16","0.00","0.00","0.00","7.26","0.00","7.26","178.16","0.00","0.00","1.05","Compound","14028","G:14028","Global","279.81","291.71","0.00","0.00","1.05","11.90","0.00","11.90","292.76","1","Partially Paid","19.16","0.00","19.16","06/27/2013","470.92","0.00","0.00","0.00","0.00","2530","1","","Open","21.91","0.00","0","1.05","Unknown","0","06/27/2013","Payment","PAY","22.96","(22.96)","2946","1","","Open","10.69","0.00","0","0.00","Discover","0","06/28/2013","Payment","PAY","259.06","(259.06)","5837","0","","Open","259.11","0.00","0","0.00","Other 2","0","11/28/2013","Payment","PAY","259.11","(259.11)"
"2725","1","0.00","0.00","0.00","0.00","0.00","0.00","6.45","0.00","0.00","0.00","6.45","0.00","0.00","6.45","Compound","14029","G:14029","Global","0.00","0.00","0.00","0.00","0.00","0.00","0.00","0.00","0.00","1","Unpaid","0.00","0.00","0.00","06/27/2013","6.45","0.00","0.00","0.00","0.00"
"2494","1","883.60","921.15","883.60","921.15","0.00","0.00","7.14","37.55","0.00","37.55","928.29","0.00","0.00","7.14","Compound","14030","G:14030","Global","0.00","0.00","0.00","0.00","0.00","0.00","0.00","0.00","0.00","1","Unpaid","37.55","0.00","37.55","06/27/2013","928.29","0.00","0.00","0.00","0.00"
"2633","1","1103.18","1150.07","1103.18","1150.07","0.00","0.00","6.29","46.89","0.00","46.89","1156.36","0.00","0.00","6.29","Compound","14031","G:14031","Global","0.00","0.00","0.00","0.00","0.00","0.00","0.00","0.00","0.00","1","Unpaid","46.89","0.00","46.89","06/27/2013","1156.36","0.00","0.00","0.00","0.00"
"2736","1","0.00","0.00","0.00","0.00","0.00","0.00","0.00","0.00","0.00","0.00","0.00","0.00","0.00","14.20","Compound","14032","G:14032","Global","0.00","0.00","0.00","0.00","14.20","0.00","0.00","0.00","14.20","1","Paid in Full","0.00","0.00","0.00","06/27/2013","14.20","0.00","0.00","0.00","0.00","2737","1","","Open","0.00","0.00","0","14.20","Unknown","0","06/27/2013","Payment","PAY","14.20","(14.20)"
"2750","1","1548.67","1614.49","1545.75","1611.45","0.00","0.00","0.00","65.70","0.00","65.70","1611.45","0.00","0.00","11.18","Compound","14033","G:14033","Global","2.92","3.04","0.00","0.00","11.18","0.12","0.00","0.12","14.22","1","Partially Paid","65.82","0.00","65.82","06/27/2013","1625.67","0.00","0.00","0.00","0.00","2751","1","","Open","3.04","0.00","0","11.18","Unknown","0","06/27/2013","Payment","PAY","14.22","(14.22)"
"2798","1","1774.57","1849.99","1774.57","1849.99","0.00","0.00","7.19","75.42","0.00","75.42","1857.18","0.00","0.00","13.25","Compound","14034","G:14034","Global","0.00","0.00","0.00","0.00","6.06","0.00","0.00","0.00","6.06","1","Partially Paid","75.42","0.00","75.42","06/27/2013","1863.24","0.00","0.00","0.00","0.00","3020","1","","Open","0.00","0.00","0","6.06","Unknown","0","06/28/2013","Credit","CRED","6.06","(6.06)"
"2752","1","2002.57","2087.68","2002.57","2087.68","0.00","0.00","14.75","85.11","0.00","85.11","2102.43","0.00","0.00","14.75","Compound","14035","G:14035","Global","0.00","0.00","0.00","0.00","0.00","0.00","0.00","0.00","0.00","1","Unpaid","85.11","0.00","85.11","06/27/2013","2102.43","0.00","0.00","0.00","0.00"
"2777","1","2232.67","2327.56","2232.67","2327.56","0.00","0.00","11.24","94.89","0.00","94.89","2338.80","0.00","0.00","11.24","Compound","14036","G:14036","Global","0.00","0.00","0.00","0.00","0.00","0.00","0.00","0.00","0.00","1","Unpaid","94.89","0.00","94.89","06/27/2013","2338.80","0.00","0.00","0.00","0.00"
"2753","1","2464.88","2569.64","2464.88","2569.64","0.00","0.00","2.37","104.76","0.00","104.76","2572.01","0.00","0.00","2.37","Compound","14037","G:14037","Global","0.00","0.00","0.00","0.00","0.00","0.00","0.00","0.00","0.00","1","Unpaid","104.76","0.00","104.76","06/27/2013","2572.01","0.00","0.00","0.00","0.00"
"2887","1","237.44","247.53","218.46","227.74","0.00","0.00","0.00","9.28","0.00","9.28","227.74","0.00","0.00","5.26","Compound","14038","G:14038","Global","18.98","19.79","0.00","0.00","5.26","0.81","0.00","0.81","25.05","1","Partially Paid","10.09","0.00","10.09","06/27/2013","252.79","0.00","0.00","0.00","0.00","2888","1","","Open","19.79","0.00","0","5.26","Unknown","0","06/27/2013","Payment","PAY","25.05","(25.05)"
"2695","1","450.71","469.87","450.71","469.87","0.00","0.00","154.38","19.16","0.00","19.16","624.25","0.00","0.00","174.71","Compound","14039","G:14039","Global","0.00","0.00","0.00","0.00","20.33","0.00","0.00","0.00","20.33","1","Partially Paid","19.16","0.00","19.16","06/27/2013","644.58","0.00","0.00","0.00","0.00","2696","1","","Open","0.00","0.00","0","20.33","Unknown","0","06/27/2013","Payment","PAY","20.33","(20.33)"
"2778","1","0.00","0.00","0.00","0.00","0.00","0.00","5.34","0.00","0.00","0.00","5.34","0.00","0.00","5.34","Compound","14040","G:14040","Global","0.00","0.00","0.00","0.00","0.00","0.00","0.00","0.00","0.00","1","Unpaid","0.00","0.00","0.00","06/27/2013","5.34","0.00","0.00","0.00","0.00"
"2869","1","0.00","0.00","0.00","0.00","0.00","0.00","7.83","0.00","0.00","0.00","7.83","0.00","0.00","7.83","Compound","14041","G:14041","Global","0.00","0.00","0.00","0.00","0.00","0.00","0.00","0.00","0.00","1","Unpaid","0.00","0.00","0.00","06/27/2013","7.83","0.00","0.00","0.00","0.00"
"2889","1","1103.18","1150.07","1103.18","1150.07","0.00","0.00","6.88","46.89","0.00","46.89","1156.95","0.00","0.00","6.88","Compound","14042","G:14042","Global","0.00","0.00","0.00","0.00","0.00","0.00","0.00","0.00","0.00","1","Unpaid","46.89","0.00","46.89","06/27/2013","1156.95","0.00","0.00","0.00","0.00"
"2697","1","0.00","0.00","0.00","0.00","0.00","0.00","4.90","0.00","0.00","0.00","4.90","0.00","0.00","10.96","Compound","14043","G:14043","Global","0.00","0.00","0.00","0.00","6.06","0.00","0.00","0.00","6.06","1","Partially Paid","0.00","0.00","0.00","06/27/2013","10.96","0.00","0.00","0.00","0.00","3021","1","","Open","0.00","0.00","0","6.06","Unknown","0","06/28/2013","Credit","CRED","6.06","(6.06)"
"2779","1","1548.67","1614.49","1535.36","1600.61","0.00","0.00","0.00","65.25","0.00","65.25","1600.61","0.00","0.00","11.17","Compound","14044","G:14044","Global","13.31","13.88","0.00","0.00","11.17","0.57","0.00","0.57","25.05","1","Partially Paid","65.82","0.00","65.82","06/27/2013","1625.66","0.00","0.00","0.00","0.00","2780","1","","Open","13.88","0.00","0","11.17","Unknown","0","06/27/2013","Payment","PAY","25.05","(25.05)"
"2803","1","1774.57","1849.99","1774.57","1849.99","0.00","0.00","1.02","75.42","0.00","75.42","1851.01","0.00","0.00","13.24","Compound","14045","G:14045","Global","0.00","0.00","0.00","0.00","12.22","0.00","0.00","0.00","12.22","1","Partially Paid","75.42","0.00","75.42","06/27/2013","1863.23","0.00","0.00","0.00","0.00","2804","1","","Open","0.00","0.00","0","12.22","Unknown","0","06/27/2013","Payment","PAY","12.22","(12.22)"
"2781","1","2002.57","2087.68","2002.57","2087.68","0.00","0.00","14.71","85.11","0.00","85.11","2102.39","0.00","0.00","14.71","Compound","14046","G:14046","Global","0.00","0.00","0.00","0.00","0.00","0.00","0.00","0.00","0.00","1","Unpaid","85.11","0.00","85.11","06/27/2013","2102.39","0.00","0.00","0.00","0.00"
"2806","1","2232.67","2327.56","2232.67","2327.56","0.00","0.00","11.20","94.89","0.00","94.89","2338.76","0.00","0.00","11.20","Compound","14047","G:14047","Global","0.00","0.00","0.00","0.00","0.00","0.00","0.00","0.00","0.00","1","Unpaid","94.89","0.00","94.89","06/27/2013","2338.76","0.00","0.00","0.00","0.00"
"2698","1","2464.88","2569.64","2433.79","2537.23","0.00","0.00","0.00","103.44","0.00","103.44","2537.23","0.00","0.00","2.22","Compound","14048","G:14048","Global","31.09","32.41","0.00","0.00","2.22","1.32","0.00","1.32","34.63","1","Partially Paid","104.76","0.00","104.76","06/27/2013","2571.86","0.00","0.00","0.00","0.00","5841","0","","Open","32.41","0.00","0","2.22","Other 2","0","11/28/2013","Payment","PAY","279.11","(279.11)"
"2726","1","237.44","247.53","237.44","247.53","0.00","0.00","5.24","10.09","0.00","10.09","252.77","0.00","0.00","5.24","Compound","14049","G:14049","Global","0.00","0.00","0.00","0.00","0.00","0.00","0.00","0.00","0.00","1","Unpaid","10.09","0.00","10.09","06/27/2013","252.77","0.00","0.00","0.00","0.00"
"2723","1","450.71","469.87","430.15","448.44","0.00","0.00","0.00","18.29","0.00","18.29","448.44","0.00","0.00","3.62","Compound","14050","G:14050","Global","20.56","21.43","0.00","0.00","3.62","0.87","0.00","0.87","25.05","1","Partially Paid","19.16","0.00","19.16","06/27/2013","473.49","0.00","0.00","0.00","0.00","2724","1","","Open","21.43","0.00","0","3.62","Unknown","0","06/27/2013","Payment","PAY","25.05","(25.05)"
"2825","1","0.00","0.00","0.00","0.00","0.00","0.00","0.00","0.00","0.00","0.00","0.00","0.00","0.00","4.63","Compound","14051","G:14051","Global","0.00","0.00","0.00","0.00","4.63","0.00","0.00","0.00","4.63","1","Paid in Full","0.00","0.00","0.00","06/27/2013","4.63","0.00","0.00","0.00","0.00","2826","1","","Open","0.00","0.00","0","4.63","Unknown","0","06/27/2013","Payment","PAY","4.63","(4.63)"
"2552","1","883.60","921.15","883.60","921.15","0.00","0.00","0.85","37.55","0.00","37.55","922.00","0.00","0.00","6.91","Compound","14052","G:14052","Global","0.00","0.00","0.00","0.00","6.06","0.00","0.00","0.00","6.06","1","Partially Paid","37.55","0.00","37.55","06/27/2013","928.06","0.00","0.00","0.00","0.00","3022","1","","Open","0.00","0.00","0","6.06","Unknown","0","06/28/2013","Credit","CRED","6.06","(6.06)"
"2754","1","1103.18","1150.07","1103.18","1150.07","0.00","0.00","5.72","46.89","0.00","46.89","1155.79","0.00","0.00","5.72","Compound","14053","G:14053","Global","0.00","0.00","0.00","0.00","0.00","0.00","0.00","0.00","0.00","1","Unpaid","46.89","0.00","46.89","06/27/2013","1155.79","0.00","0.00","0.00","0.00"
"2699","1","0.00","0.00","0.00","0.00","0.00","0.00","13.45","0.00","0.00","0.00","13.45","0.00","0.00","13.45","Compound","14054","G:14054","Global","0.00","0.00","0.00","0.00","0.00","0.00","0.00","0.00","0.00","1","Unpaid","0.00","0.00","0.00","06/27/2013","13.45","0.00","0.00","0.00","0.00"
"2656","1","1548.67","1614.49","1548.67","1614.49","0.00","0.00","10.96","65.82","0.00","65.82","1625.45","0.00","0.00","10.96","Compound","14055","G:14055","Global","0.00","0.00","0.00","0.00","0.00","0.00","0.00","0.00","0.00","1","Unpaid","65.82","0.00","65.82","06/27/2013","1625.45","0.00","0.00","0.00","0.00"
"2782","1","1774.57","1849.99","1762.96","1837.89","0.00","0.00","0.00","74.93","0.00","74.93","1837.89","0.00","0.00","12.95","Compound","14056","G:14056","Global","11.61","12.10","0.00","0.00","12.95","0.49","0.00","0.49","25.05","1","Partially Paid","75.42","0.00","75.42","06/27/2013","1862.94","0.00","0.00","0.00","0.00","2783","1","","Open","12.10","0.00","0","12.95","Unknown","0","06/27/2013","Payment","PAY","25.05","(25.05)"
"2657","1","2002.57","2087.68","2002.57","2087.68","0.00","0.00","3.24","85.11","0.00","85.11","2090.92","0.00","0.00","14.37","Compound","14057","G:14057","Global","0.00","0.00","0.00","0.00","11.13","0.00","0.00","0.00","11.13","1","Partially Paid","85.11","0.00","85.11","06/27/2013","2102.05","0.00","0.00","0.00","0.00","2658","1","","Open","0.00","0.00","0","11.13","Unknown","0","06/27/2013","Payment","PAY","11.13","(11.13)"
"2809","1","2232.67","2327.56","2232.67","2327.56","0.00","0.00","11.17","94.89","0.00","94.89","2338.73","0.00","0.00","11.17","Compound","14058","G:14058","Global","0.00","0.00","0.00","0.00","0.00","0.00","0.00","0.00","0.00","1","Unpaid","94.89","0.00","94.89","06/27/2013","2338.73","0.00","0.00","0.00","0.00"
"2599","1","2464.88","2569.64","2464.88","2569.64","0.00","0.00","2.17","104.76","0.00","104.76","2571.81","0.00","0.00","2.17","Compound","14059","G:14059","Global","0.00","0.00","0.00","0.00","0.00","0.00","0.00","0.00","0.00","1","Unpaid","104.76","0.00","104.76","06/27/2013","2571.81","0.00","0.00","0.00","0.00"
"2495","1","237.44","247.53","237.44","247.53","0.00","0.00","5.00","10.09","0.00","10.09","252.53","0.00","0.00","5.00","Compound","14060","G:14060","Global","0.00","0.00","0.00","0.00","0.00","0.00","0.00","0.00","0.00","1","Unpaid","10.09","0.00","10.09","06/27/2013","252.53","0.00","0.00","0.00","0.00"
"2600","1","450.71","469.87","448.33","467.39","0.00","0.00","0.00","19.06","0.00","19.06","467.39","0.00","0.00","3.58","Compound","14061","G:14061","Global","2.38","2.48","0.00","0.00","3.58","0.10","0.00","0.10","6.06","1","Partially Paid","19.16","0.00","19.16","06/27/2013","473.45","0.00","0.00","0.00","0.00","3023","1","","Open","2.48","0.00","0","3.58","Unknown","0","06/28/2013","Credit","CRED","6.06","(6.06)"
"2554","1","0.00","0.00","0.00","0.00","0.00","0.00","0.00","0.00","0.00","0.00","0.00","0.00","0.00","4.60","Compound","14062","G:14062","Global","0.00","0.00","0.00","0.00","4.60","0.00","0.00","0.00","4.60","1","Paid in Full","0.00","0.00","0.00","06/27/2013","4.60","0.00","0.00","0.00","0.00","2438","1","","Open","0.00","0.00","0","0.60","Unknown","0","05/28/2013","Credit","CRED","5.05","(5.05)","2555","1","","Open","0.00","0.00","0","4.00","Unknown","0","06/27/2013","Payment","PAY","4.00","(4.00)"
"2511","1","883.60","921.15","872.71","909.80","0.00","0.00","0.00","37.09","0.00","37.09","909.80","0.00","0.00","6.96","Compound","14063","G:14063","Global","10.89","11.35","0.00","0.00","6.96","0.46","0.00","0.46","18.31","1","Partially Paid","37.55","0.00","37.55","06/27/2013","928.11","0.00","0.00","0.00","0.00","2512","1","","Open","11.35","0.00","0","6.96","Unknown","0","06/27/2013","Payment","PAY","18.31","(18.31)"
"2572","1","1103.18","1150.07","1097.70","1144.36","0.00","0.00","0.00","46.66","0.00","46.66","1144.36","0.00","0.00","5.68","Compound","14064","G:14064","Global","5.48","5.71","0.00","0.00","5.68","0.23","0.00","0.23","11.39","1","Partially Paid","46.89","0.00","46.89","06/27/2013","1155.75","0.00","0.00","0.00","0.00","2573","1","","Open","5.71","0.00","0","5.68","Unknown","0","06/27/2013","Payment","PAY","11.39","(11.39)"
"2741","1","0.00","0.00","0.00","0.00","0.00","0.00","13.57","0.00","0.00","0.00","13.57","0.00","0.00","13.57","Compound","14065","G:14065","Global","0.00","0.00","0.00","0.00","0.00","0.00","0.00","0.00","0.00","1","Unpaid","0.00","0.00","0.00","06/27/2013","13.57","0.00","0.00","0.00","0.00"
"2858","1","0.00","0.00","0.00","0.00","0.00","0.00","10.73","0.00","0.00","0.00","10.73","0.00","0.00","10.73","Compound","14066","G:14066","Global","0.00","0.00","0.00","0.00","0.00","0.00","0.00","0.00","0.00","1","Unpaid","0.00","0.00","0.00","06/27/2013","10.73","0.00","0.00","0.00","0.00"
"2700","1","1774.57","1849.99","1488.65","1551.92","0.00","0.00","3.70","63.27","0.00","63.27","1555.62","0.00","0.00","3.70","Compound","14067","G:14067","Global","285.92","298.07","0.00","0.00","0.00","12.15","0.00","12.15","298.07","1","Partially Paid","75.42","0.00","75.42","06/27/2013","1853.69","0.00","0.00","0.00","0.00","3539","1","","Open","298.07","0.00","0","0.00","Japan Credit Bureau (JCB)","0","07/28/2013","Payment","PAY","298.07","(298.07)"
"2848","1","2002.57","2087.68","1404.75","1464.46","0.00","0.00","9.20","59.71","0.00","59.71","1473.66","0.00","0.00","9.20","Compound","14068","G:14068","Global","597.82","623.22","0.00","0.00","0.00","25.40","0.00","25.40","623.22","1","Partially Paid","85.11","0.00","85.11","06/27/2013","2096.88","0.00","0.00","0.00","0.00","2849","1","","Open","25.05","0.00","0","0.00","Unknown","0","06/27/2013","Payment","PAY","25.05","(25.05)","2954","1","","Open","299.06","0.00","0","0.00","Discover","0","06/28/2013","Payment","PAY","299.06","(299.06)","5845","0","","Open","299.11","0.00","0","0.00","Other 2","0","11/28/2013","Payment","PAY","299.11","(299.11)"
"2547","1","2232.67","2327.56","2219.29","2313.61","0.00","0.00","10.18","94.32","0.00","94.32","2323.79","0.00","0.00","10.18","Compound","14069","G:14069","Global","13.38","13.95","0.00","0.00","0.00","0.57","0.00","0.57","13.95","1","Partially Paid","94.89","0.00","94.89","06/27/2013","2337.74","0.00","0.00","0.00","0.00","2548","1","","Open","13.95","0.00","0","0.00","Unknown","0","06/27/2013","Payment","PAY","13.95","(13.95)"
"2890","1","2464.88","2569.64","2170.25","2262.49","0.00","0.00","7.86","92.24","0.00","92.24","2270.35","0.00","0.00","7.86","Compound","14070","G:14070","Global","294.63","307.15","0.00","0.00","0.00","12.52","0.00","12.52","307.15","1","Partially Paid","104.76","0.00","104.76","06/27/2013","2577.50","0.00","0.00","0.00","0.00","3024","1","","Open","6.06","0.00","0","0.00","Unknown","0","06/28/2013","Credit","CRED","6.06","(6.06)","4699","1","","Open","301.09","0.00","0","0.00","Electronic Transfer","0","09/28/2013","Payment","PAY","301.09","(301.09)"
"2659","1","237.44","247.53","0.00","0.00","0.00","0.00","6.52","0.00","0.00","0.00","6.52","0.00","0.00","6.52","Compound","14071","G:14071","Global","237.44","247.53","0.00","0.00","0.00","10.09","0.00","10.09","247.53","1","Partially Paid","10.09","0.00","10.09","06/27/2013","254.05","0.00","0.00","0.00","0.00","4120","1","","Open","247.53","0.00","0","0.00","Debit Card","0","08/28/2013","Payment","PAY","302.08","(302.08)"
"2553","1","450.71","469.87","159.05","165.81","0.00","0.00","1.55","6.76","0.00","6.76","167.36","0.00","0.00","1.55","Compound","14072","G:14072","Global","291.66","304.06","0.00","0.00","0.00","12.40","0.00","12.40","304.06","1","Partially Paid","19.16","0.00","19.16","06/27/2013","471.42","0.00","0.00","0.00","0.00","1853","1","","Open","0.99","0.00","0","0.00","Unknown","0","04/28/2013","Credit","CRED","4.04","(4.04)","3540","1","","Open","303.07","0.00","0","0.00","Japan Credit Bureau (JCB)","0","07/28/2013","Payment","PAY","303.07","(303.07)"
"2602","1","0.00","0.00","0.00","0.00","0.00","0.00","4.45","0.00","0.00","0.00","4.45","0.00","0.00","4.45","Compound","14073","G:14073","Global","0.00","0.00","0.00","0.00","0.00","0.00","0.00","0.00","0.00","1","Unpaid","0.00","0.00","0.00","06/27/2013","4.45","0.00","0.00","0.00","0.00"
"2756","1","883.60","921.15","804.35","838.53","0.00","0.00","216.93","34.18","0.00","34.18","1055.46","0.00","0.00","216.93","Compound","14074","G:14074","Global","79.25","82.62","0.00","0.00","0.00","3.37","0.00","3.37","82.62","1","Partially Paid","37.55","0.00","37.55","06/27/2013","1138.08","0.00","0.00","0.00","0.00","2757","1","","Open","25.05","0.00","0","0.00","Unknown","0","06/27/2013","Payment","PAY","25.05","(25.05)","5277","1","","Open","57.57","0.00","0","0.00","Other 1","0","10/28/2013","Payment","PAY","305.10","(305.10)"
"2755","1","1103.18","1150.07","809.57","843.98","0.00","0.00","15.03","34.41","0.00","34.41","859.01","0.00","0.00","15.03","Compound","14075","G:14075","Global","293.61","306.09","0.00","0.00","0.00","12.48","0.00","12.48","306.09","1","Partially Paid","46.89","0.00","46.89","06/27/2013","1165.10","0.00","0.00","0.00","0.00","4700","1","","Open","306.09","0.00","0","0.00","Electronic Transfer","0","09/28/2013","Payment","PAY","306.09","(306.09)"
"2843","1","0.00","0.00","0.00","0.00","0.00","0.00","29.62","0.00","0.00","0.00","29.62","0.00","0.00","29.62","Compound","14076","G:14076","Global","0.00","0.00","0.00","0.00","0.00","0.00","0.00","0.00","0.00","1","Unpaid","0.00","0.00","0.00","06/27/2013","29.62","0.00","0.00","0.00","0.00"
"2784","1","1548.67","1614.49","1253.16","1306.42","0.00","0.00","17.60","53.26","0.00","53.26","1324.02","0.00","0.00","17.60","Compound","14077","G:14077","Global","295.51","308.07","0.00","0.00","0.00","12.56","0.00","12.56","308.07","1","Partially Paid","65.82","0.00","65.82","06/27/2013","1632.09","0.00","0.00","0.00","0.00","3541","1","","Open","308.07","0.00","0","0.00","Japan Credit Bureau (JCB)","0","07/28/2013","Payment","PAY","308.07","(308.07)"
"2556","1","1774.57","1849.99","1213.30","1264.87","0.00","0.00","9.18","51.57","0.00","51.57","1274.05","0.00","0.00","9.18","Compound","14078","G:14078","Global","561.27","585.12","0.00","0.00","0.00","23.85","0.00","23.85","585.12","1","Partially Paid","75.42","0.00","75.42","06/27/2013","1859.17","0.00","0.00","0.00","0.00","1785","1","","Open","276.07","0.00","0","0.00","Visa","0","04/28/2013","Payment","PAY","309.04","(309.04)","2371","1","","Open","309.05","0.00","0","0.00","Master Card","0","05/28/2013","Payment","PAY","309.05","(309.05)"
"2559","1","2002.57","2087.68","1985.20","2069.57","0.00","0.00","18.37","84.37","0.00","84.37","2087.94","0.00","0.00","18.37","Compound","14079","G:14079","Global","17.37","18.11","0.00","0.00","0.00","0.74","0.00","0.74","18.11","1","Partially Paid","85.11","0.00","85.11","06/27/2013","2106.05","0.00","0.00","0.00","0.00","2406","1","","Open","12.05","0.00","0","0.00","Unknown","0","05/28/2013","Payment","PAY","12.05","(12.05)","3025","1","","Open","6.06","0.00","0","0.00","Unknown","0","06/28/2013","Credit","CRED","6.06","(6.06)"
"2562","1","2232.67","2327.56","1910.23","1991.42","0.00","0.00","14.80","81.19","0.00","81.19","2006.22","0.00","0.00","14.80","Compound","14080","G:14080","Global","322.44","336.14","0.00","0.00","0.00","13.70","0.00","13.70","336.14","1","Partially Paid","94.89","0.00","94.89","06/27/2013","2342.36","0.00","0.00","0.00","0.00","2563","1","","Open","25.05","0.00","0","0.00","Unknown","0","06/27/2013","Payment","PAY","25.05","(25.05)","4703","1","","Open","311.09","0.00","0","0.00","Electronic Transfer","0","09/28/2013","Payment","PAY","311.09","(311.09)"
"2557","1","2464.88","2569.64","2144.45","2235.59","0.00","0.00","3.17","91.14","0.00","91.14","2238.76","0.00","0.00","3.17","Compound","14081","G:14081","Global","320.43","334.05","0.00","0.00","0.00","13.62","0.00","13.62","334.05","1","Partially Paid","104.76","0.00","104.76","06/27/2013","2572.81","0.00","0.00","0.00","0.00","2558","1","","Open","21.97","0.00","0","0.00","Unknown","0","06/27/2013","Payment","PAY","21.97","(21.97)","4124","1","","Open","312.08","0.00","0","0.00","Debit Card","0","08/28/2013","Payment","PAY","312.08","(312.08)"
"2560","1","237.44","247.53","0.00","0.00","0.00","0.00","0.00","0.00","0.00","0.00","0.00","0.00","0.00","7.38","Compound","14082","G:14082","Global","237.44","247.53","0.00","0.00","7.38","10.09","0.00","10.09","254.91","1","Paid in Full","10.09","0.00","10.09","06/27/2013","254.91","0.00","0.00","0.00","0.00","2561","1","","Open","247.53","0.00","0","7.38","Unknown","0","06/27/2013","Payment","PAY","254.91","(254.91)"
"2496","1","450.71","469.87","103.89","108.31","0.00","0.00","0.00","4.42","0.00","4.42","108.31","0.00","0.00","0.00","Compound","14083","G:14083","Global","346.82","361.56","0.00","0.00","0.00","14.74","0.00","14.74","361.56","1","Partially Paid","19.16","0.00","19.16","06/27/2013","469.87","0.00","0.00","0.00","0.00","225","1","214","Open","20.46","0.00","0","0.00","Check","0","01/28/2013","Payment","PAY","314.01","(314.01)","782","1","","Open","2.02","0.00","0","0.00","Unknown","0","02/28/2013","Credit","CRED","2.02","(2.02)","2497","1","","Open","25.02","0.00","0","0.00","Unknown","0","06/27/2013","Payment","PAY","25.02","(25.02)","2958","1","","Open","314.06","0.00","0","0.00","Discover","0","06/28/2013","Payment","PAY","314.06","(314.06)"
"2660","1","0.00","0.00","0.00","0.00","0.00","0.00","5.14","0.00","0.00","0.00","5.14","0.00","0.00","5.14","Compound","14084","G:14084","Global","0.00","0.00","0.00","0.00","0.00","0.00","0.00","0.00","0.00","1","Unpaid","0.00","0.00","0.00","06/27/2013","5.14","0.00","0.00","0.00","0.00"
"2661","1","883.60","921.15","580.40","605.06","0.00","0.00","8.18","24.66","0.00","24.66","613.24","0.00","0.00","8.18","Compound","14085","G:14085","Global","303.20","316.09","0.00","0.00","0.00","12.89","0.00","12.89","316.09","1","Partially Paid","37.55","0.00","37.55","06/27/2013","929.33","0.00","0.00","0.00","0.00","4704","1","","Open","316.09","0.00","0","0.00","Electronic Transfer","0","09/28/2013","Payment","PAY","316.09","(316.09)"
"2603","1","1103.18","1150.07","775.00","807.94","0.00","0.00","5.46","32.94","0.00","32.94","813.40","0.00","0.00","5.46","Compound","14086","G:14086","Global","328.18","342.13","0.00","0.00","0.00","13.95","0.00","13.95","342.13","1","Partially Paid","46.89","0.00","46.89","06/27/2013","1155.53","0.00","0.00","0.00","0.00","2604","1","","Open","25.05","0.00","0","0.00","Unknown","0","06/27/2013","Payment","PAY","25.05","(25.05)","4125","1","","Open","317.08","0.00","0","0.00","Debit Card","0","08/28/2013","Payment","PAY","317.08","(317.08)"
"2894","1","0.00","0.00","0.00","0.00","0.00","0.00","32.06","0.00","0.00","0.00","32.06","0.00","0.00","32.06","Compound","14087","G:14087","Global","0.00","0.00","0.00","0.00","0.00","0.00","0.00","0.00","0.00","1","Unpaid","0.00","0.00","0.00","06/27/2013","32.06","0.00","0.00","0.00","0.00"
"2785","1","1548.67","1614.49","930.71","970.26","0.00","0.00","16.71","39.55","0.00","39.55","986.97","0.00","0.00","16.71","Compound","14088","G:14088","Global","617.96","644.23","0.00","0.00","0.00","26.27","0.00","26.27","644.23","1","Partially Paid","65.82","0.00","65.82","06/27/2013","1631.20","0.00","0.00","0.00","0.00","2959","1","","Open","319.06","0.00","0","0.00","Discover","0","06/28/2013","Payment","PAY","319.06","(319.06)","3026","1","","Open","6.06","0.00","0","0.00","Unknown","0","06/28/2013","Credit","CRED","6.06","(6.06)","5850","0","","Open","319.11","0.00","0","0.00","Other 2","0","11/28/2013","Payment","PAY","319.11","(319.11)"
"2786","1","1774.57","1849.99","1774.57","1849.99","0.00","0.00","20.04","75.42","0.00","75.42","1870.03","0.00","0.00","20.04","Compound","14089","G:14089","Global","0.00","0.00","0.00","0.00","0.00","0.00","0.00","0.00","0.00","1","Unpaid","75.42","0.00","75.42","06/27/2013","1870.03","0.00","0.00","0.00","0.00"
"2859","1","2002.57","2087.68","1694.57","1766.59","0.00","0.00","14.30","72.02","0.00","72.02","1780.89","0.00","0.00","14.30","Compound","14090","G:14090","Global","308.00","321.09","0.00","0.00","0.00","13.09","0.00","13.09","321.09","1","Partially Paid","85.11","0.00","85.11","06/27/2013","2101.98","0.00","0.00","0.00","0.00","4705","1","","Open","321.09","0.00","0","0.00","Electronic Transfer","0","09/28/2013","Payment","PAY","321.09","(321.09)"
"2498","1","0.00","0.00","0.00","0.00","0.00","0.00","10.89","0.00","0.00","0.00","10.89","0.00","0.00","10.89","Compound","14091","G:14091","Global","0.00","0.00","0.00","0.00","0.00","0.00","0.00","0.00","0.00","1","Unpaid","0.00","0.00","0.00","06/27/2013","10.89","0.00","0.00","0.00","0.00"
"2605","1","2464.88","2569.64","2130.95","2221.52","0.00","0.00","0.87","90.57","0.00","90.57","2222.39","0.00","0.00","0.87","Compound","14092","G:14092","Global","333.93","348.12","0.00","0.00","0.00","14.19","0.00","14.19","348.12","1","Partially Paid","104.76","0.00","104.76","06/27/2013","2570.51","0.00","0.00","0.00","0.00","2606","1","","Open","25.05","0.00","0","0.00","Unknown","0","06/27/2013","Payment","PAY","25.05","(25.05)","3546","1","","Open","323.07","0.00","0","0.00","Japan Credit Bureau (JCB)","0","07/28/2013","Payment","PAY","323.07","(323.07)"
"2870","1","237.44","247.53","0.00","0.00","0.00","0.00","3.53","0.00","0.00","0.00","3.53","0.00","0.00","3.53","Compound","14093","G:14093","Global","237.44","247.53","0.00","0.00","0.00","10.09","0.00","10.09","247.53","1","Partially Paid","10.09","0.00","10.09","06/27/2013","251.06","0.00","0.00","0.00","0.00","2871","1","","Open","21.62","0.00","0","0.00","Unknown","0","06/27/2013","Payment","PAY","21.62","(21.62)","2960","1","","Open","225.91","0.00","0","0.00","Discover","0","06/28/2013","Payment","PAY","324.06","(324.06)"
"2566","1","450.71","469.87","385.12","401.49","0.00","0.00","1.52","16.37","0.00","16.37","403.01","0.00","0.00","1.52","Compound","14094","G:14094","Global","65.59","68.38","0.00","0.00","0.00","2.79","0.00","2.79","68.38","1","Partially Paid","19.16","0.00","19.16","06/27/2013","471.39","0.00","0.00","0.00","0.00","2567","1","","Open","19.32","0.00","0","0.00","Unknown","0","06/27/2013","Payment","PAY","19.32","(19.32)","2909","1","","Open","49.06","0.00","0","0.00","Unknown","0","06/28/2013","Discount","DISC","49.06","(49.06)"
"2662","1","0.00","0.00","0.00","0.00","0.00","0.00","4.38","0.00","0.00","0.00","4.38","0.00","0.00","4.38","Compound","14095","G:14095","Global","0.00","0.00","0.00","0.00","0.00","0.00","0.00","0.00","0.00","1","Unpaid","0.00","0.00","0.00","06/27/2013","4.38","0.00","0.00","0.00","0.00"
"2499","1","883.60","921.15","569.85","594.07","0.00","0.00","6.84","24.22","0.00","24.22","600.91","0.00","0.00","6.84","Compound","14096","G:14096","Global","313.75","327.08","0.00","0.00","0.00","13.33","0.00","13.33","327.08","1","Partially Paid","37.55","0.00","37.55","06/27/2013","927.99","0.00","0.00","0.00","0.00","4127","1","","Open","327.08","0.00","0","0.00","Debit Card","0","08/28/2013","Payment","PAY","327.08","(327.08)"
"2679","1","1103.18","1150.07","782.68","815.94","0.00","0.00","5.99","33.26","0.00","33.26","821.93","0.00","0.00","5.99","Compound","14097","G:14097","Global","320.50","334.13","0.00","0.00","0.00","13.63","0.00","13.63","334.13","1","Partially Paid","46.89","0.00","46.89","06/27/2013","1156.06","0.00","0.00","0.00","0.00","3027","1","","Open","6.06","0.00","0","0.00","Unknown","0","06/28/2013","Credit","CRED","6.06","(6.06)","3547","1","","Open","328.07","0.00","0","0.00","Japan Credit Bureau (JCB)","0","07/28/2013","Payment","PAY","328.07","(328.07)"
"2760","1","0.00","0.00","0.00","0.00","0.00","0.00","0.00","0.00","0.00","0.00","0.00","0.00","0.00","17.77","Compound","14098","G:14098","Global","0.00","0.00","0.00","0.00","17.77","0.00","0.00","0.00","17.77","1","Paid in Full","0.00","0.00","0.00","06/27/2013","17.77","0.00","0.00","0.00","0.00","2761","1","","Open","0.00","0.00","0","17.77","Unknown","0","06/27/2013","Payment","PAY","17.77","(17.77)"
"2462","1","1548.67","1614.49","1536.06","1601.34","0.00","0.00","10.89","65.28","0.00","65.28","1612.23","0.00","0.00","10.89","Compound","14099","G:14099","Global","12.61","13.15","0.00","0.00","0.00","0.54","0.00","0.54","13.15","1","Partially Paid","65.82","0.00","65.82","06/27/2013","1625.38","0.00","0.00","0.00","0.00","2463","1","","Open","13.15","0.00","0","0.00","Unknown","0","06/27/2013","Payment","PAY","13.15","(13.15)"
"2831","1","1774.57","1849.99","1456.98","1518.90","0.00","0.00","12.93","61.92","0.00","61.92","1531.83","0.00","0.00","12.93","Compound","14100","G:14100","Global","317.59","331.09","0.00","0.00","0.00","13.50","0.00","13.50","331.09","1","Partially Paid","75.42","0.00","75.42","06/27/2013","1862.92","0.00","0.00","0.00","0.00","4707","1","","Open","331.09","0.00","0","0.00","Electronic Transfer","0","09/28/2013","Payment","PAY","331.09","(331.09)"
"2634","1","2002.57","2087.68","1684.03","1755.60","0.00","0.00","14.47","71.57","0.00","71.57","1770.07","0.00","0.00","14.47","Compound","14101","G:14101","Global","318.54","332.08","0.00","0.00","0.00","13.54","0.00","13.54","332.08","1","Partially Paid","85.11","0.00","85.11","06/27/2013","2102.15","0.00","0.00","0.00","0.00","4128","1","","Open","332.08","0.00","0","0.00","Debit Card","0","08/28/2013","Payment","PAY","332.08","(332.08)"
"2543","1","2232.67","2327.56","1913.18","1994.49","0.00","0.00","10.96","81.31","0.00","81.31","2005.45","0.00","0.00","10.96","Compound","14102","G:14102","Global","319.49","333.07","0.00","0.00","0.00","13.58","0.00","13.58","333.07","1","Partially Paid","94.89","0.00","94.89","06/27/2013","2338.52","0.00","0.00","0.00","0.00","3548","1","","Open","333.07","0.00","0","0.00","Japan Credit Bureau (JCB)","0","07/28/2013","Payment","PAY","333.07","(333.07)"
"2607","1","2464.88","2569.64","2144.44","2235.58","0.00","0.00","2.10","91.14","0.00","91.14","2237.68","0.00","0.00","2.10","Compound","14103","G:14103","Global","320.44","334.06","0.00","0.00","0.00","13.62","0.00","13.62","334.06","1","Partially Paid","104.76","0.00","104.76","06/27/2013","2571.74","0.00","0.00","0.00","0.00","2962","1","","Open","334.06","0.00","0","0.00","Discover","0","06/28/2013","Payment","PAY","334.06","(334.06)"
"2585","1","237.44","247.53","213.41","222.48","0.00","0.00","4.98","9.07","0.00","9.07","227.46","0.00","0.00","4.98","Compound","14104","G:14104","Global","24.03","25.05","0.00","0.00","0.00","1.02","0.00","1.02","25.05","1","Partially Paid","10.09","0.00","10.09","06/27/2013","252.51","0.00","0.00","0.00","0.00","2586","1","","Open","25.05","0.00","0","0.00","Unknown","0","06/27/2013","Payment","PAY","25.05","(25.05)"
"2531","1","450.71","469.87","107.50","112.07","0.00","0.00","3.44","4.57","0.00","4.57","115.51","0.00","0.00","3.44","Compound","14105","G:14105","Global","343.21","357.80","0.00","0.00","0.00","14.59","0.00","14.59","357.80","1","Partially Paid","19.16","0.00","19.16","06/27/2013","473.31","0.00","0.00","0.00","0.00","2532","1","","Open","21.71","0.00","0","0.00","Unknown","0","06/27/2013","Payment","PAY","21.71","(21.71)","4708","1","","Open","336.09","0.00","0","0.00","Electronic Transfer","0","09/28/2013","Payment","PAY","336.09","(336.09)"
"2500","1","0.00","0.00","0.00","0.00","0.00","0.00","0.00","0.00","0.00","0.00","0.00","0.00","0.00","4.31","Compound","14106","G:14106","Global","0.00","0.00","0.00","0.00","4.31","0.00","0.00","0.00","4.31","1","Paid in Full","0.00","0.00","0.00","06/27/2013","4.31","0.00","0.00","0.00","0.00","3028","1","","Open","0.00","0.00","0","4.31","Unknown","0","06/28/2013","Credit","CRED","6.06","(6.06)"
"2893","1","883.60","921.15","559.31","583.08","0.00","0.00","6.75","23.77","0.00","23.77","589.83","0.00","0.00","6.75","Compound","14107","G:14107","Global","324.29","338.07","0.00","0.00","0.00","13.78","0.00","13.78","338.07","1","Partially Paid","37.55","0.00","37.55","06/27/2013","927.90","0.00","0.00","0.00","0.00","3549","1","","Open","338.07","0.00","0","0.00","Japan Credit Bureau (JCB)","0","07/28/2013","Payment","PAY","338.07","(338.07)"
"2832","1","1103.18","1150.07","777.94","811.01","0.00","0.00","5.82","33.07","0.00","33.07","816.83","0.00","0.00","5.82","Compound","14108","G:14108","Global","325.24","339.06","0.00","0.00","0.00","13.82","0.00","13.82","339.06","1","Partially Paid","46.89","0.00","46.89","06/27/2013","1155.89","0.00","0.00","0.00","0.00","2963","1","","Open","339.06","0.00","0","0.00","Discover","0","06/28/2013","Payment","PAY","339.06","(339.06)"
"2835","1","0.00","0.00","0.00","0.00","0.00","0.00","254.83","0.00","0.00","0.00","254.83","0.00","0.00","254.83","Compound","14109","G:14109","Global","0.00","0.00","0.00","0.00","0.00","0.00","0.00","0.00","0.00","1","Unpaid","0.00","0.00","0.00","06/27/2013","254.83","0.00","0.00","0.00","0.00"
"2663","1","1548.67","1614.49","1197.46","1248.35","0.00","0.00","11.72","50.89","0.00","50.89","1260.07","0.00","0.00","11.72","Compound","14110","G:14110","Global","351.21","366.14","0.00","0.00","0.00","14.93","0.00","14.93","366.14","1","Partially Paid","65.82","0.00","65.82","06/27/2013","1626.21","0.00","0.00","0.00","0.00","2664","1","","Open","25.05","0.00","0","0.00","Unknown","0","06/27/2013","Payment","PAY","25.05","(25.05)","4709","1","","Open","341.09","0.00","0","0.00","Electronic Transfer","0","09/28/2013","Payment","PAY","341.09","(341.09)"
"2872","1","1774.57","1849.99","1446.44","1507.91","0.00","0.00","13.58","61.47","0.00","61.47","1521.49","0.00","0.00","13.58","Compound","14111","G:14111","Global","328.13","342.08","0.00","0.00","0.00","13.95","0.00","13.95","342.08","1","Partially Paid","75.42","0.00","75.42","06/27/2013","1863.57","0.00","0.00","0.00","0.00","4130","1","","Open","342.08","0.00","0","0.00","Debit Card","0","08/28/2013","Payment","PAY","342.08","(342.08)"
"2805","1","2002.57","2087.68","1673.49","1744.61","0.00","0.00","15.09","71.12","0.00","71.12","1759.70","0.00","0.00","15.09","Compound","14112","G:14112","Global","329.08","343.07","0.00","0.00","0.00","13.99","0.00","13.99","343.07","1","Partially Paid","85.11","0.00","85.11","06/27/2013","2102.77","0.00","0.00","0.00","0.00","3550","1","","Open","343.07","0.00","0","0.00","Japan Credit Bureau (JCB)","0","07/28/2013","Payment","PAY","343.07","(343.07)"
"2836","1","2232.67","2327.56","1572.56","1639.39","0.00","0.00","11.94","66.83","0.00","66.83","1651.33","0.00","0.00","11.94","Compound","14113","G:14113","Global","660.11","688.17","0.00","0.00","0.00","28.06","0.00","28.06","688.17","1","Partially Paid","94.89","0.00","94.89","06/27/2013","2339.50","0.00","0.00","0.00","0.00","2964","1","","Open","344.06","0.00","0","0.00","Discover","0","06/28/2013","Payment","PAY","344.06","(344.06)","5855","0","","Open","344.11","0.00","0","0.00","Other 2","0","11/28/2013","Payment","PAY","344.11","(344.11)"
"2895","1","2464.88","2569.64","2464.88","2569.64","0.00","0.00","1.92","104.76","0.00","104.76","2571.56","0.00","0.00","1.92","Compound","14114","G:14114","Global","0.00","0.00","0.00","0.00","0.00","0.00","0.00","0.00","0.00","1","Unpaid","104.76","0.00","104.76","06/27/2013","2571.56","0.00","0.00","0.00","0.00"
"2727","1","237.44","247.53","0.00","0.00","0.00","0.00","4.85","0.00","0.00","0.00","4.85","0.00","0.00","4.85","Compound","14115","G:14115","Global","237.44","247.53","0.00","0.00","0.00","10.09","0.00","10.09","247.53","1","Partially Paid","10.09","0.00","10.09","06/27/2013","252.38","0.00","0.00","0.00","0.00","3029","1","","Open","6.06","0.00","0","0.00","Unknown","0","06/28/2013","Credit","CRED","6.06","(6.06)","4710","1","","Open","241.47","0.00","0","0.00","Electronic Transfer","0","09/28/2013","Payment","PAY","346.09","(346.09)"
"2896","1","0.00","0.00","0.00","0.00","0.00","0.00","0.00","0.00","0.00","0.00","0.00","0.00","0.00","3.32","Compound","14116","G:14116","Global","0.00","0.00","0.00","0.00","3.32","0.00","0.00","0.00","3.32","1","Paid in Full","0.00","0.00","0.00","06/27/2013","3.32","0.00","0.00","0.00","0.00","2444","1","","Open","0.00","0.00","0","1.84","Unknown","0","05/28/2013","Credit","CRED","5.05","(5.05)","2897","1","","Open","0.00","0.00","0","1.48","Unknown","0","06/27/2013","Payment","PAY","1.48","(1.48)"
"2801","1","0.00","0.00","0.00","0.00","0.00","0.00","0.00","0.00","0.00","0.00","0.00","0.00","0.00","0.45","Compound","14117","G:14117","Global","0.00","0.00","0.00","0.00","0.45","0.00","0.00","0.00","0.45","1","Paid in Full","0.00","0.00","0.00","06/27/2013","0.45","0.00","0.00","0.00","0.00","1858","1","","Open","0.00","0.00","0","0.45","Unknown","0","04/28/2013","Credit","CRED","4.04","(4.04)"
"2568","1","883.60","921.15","427.26","445.42","0.00","0.00","6.61","18.16","0.00","18.16","452.03","0.00","0.00","6.61","Compound","14118","G:14118","Global","456.34","475.73","0.00","0.00","0.00","19.39","0.00","19.39","475.73","1","Partially Paid","37.55","0.00","37.55","06/27/2013","927.76","0.00","0.00","0.00","0.00","2965","1","","Open","349.06","0.00","0","0.00","Discover","0","06/28/2013","Payment","PAY","349.06","(349.06)","5856","0","","Open","126.67","0.00","0","0.00","Other 2","0","11/28/2013","Payment","PAY","349.11","(349.11)"
"2898","1","1103.18","1150.07","1103.18","1150.07","0.00","0.00","1.67","46.89","0.00","46.89","1151.74","0.00","0.00","1.67","Compound","14119","G:14119","Global","0.00","0.00","0.00","0.00","0.00","0.00","0.00","0.00","0.00","1","Unpaid","46.89","0.00","46.89","06/27/2013","1151.74","0.00","0.00","0.00","0.00"
"2837","1","0.00","0.00","0.00","0.00","0.00","0.00","13.29","0.00","0.00","0.00","13.29","0.00","0.00","13.29","Compound","14120","G:14120","Global","0.00","0.00","0.00","0.00","0.00","0.00","0.00","0.00","0.00","1","Unpaid","0.00","0.00","0.00","06/27/2013","13.29","0.00","0.00","0.00","0.00"
"2762","1","1548.67","1614.49","1210.94","1262.41","0.00","0.00","10.57","51.47","0.00","51.47","1272.98","0.00","0.00","10.57","Compound","14121","G:14121","Global","337.73","352.08","0.00","0.00","0.00","14.35","0.00","14.35","352.08","1","Partially Paid","65.82","0.00","65.82","06/27/2013","1625.06","0.00","0.00","0.00","0.00","4132","1","","Open","352.08","0.00","0","0.00","Debit Card","0","08/28/2013","Payment","PAY","352.08","(352.08)"
"2608","1","1774.57","1849.99","1411.86","1471.87","0.00","0.00","12.51","60.01","0.00","60.01","1484.38","0.00","0.00","12.51","Compound","14122","G:14122","Global","362.71","378.12","0.00","0.00","0.00","15.41","0.00","15.41","378.12","1","Partially Paid","75.42","0.00","75.42","06/27/2013","1862.50","0.00","0.00","0.00","0.00","2609","1","","Open","25.05","0.00","0","0.00","Unknown","0","06/27/2013","Payment","PAY","25.05","(25.05)","3552","1","","Open","353.07","0.00","0","0.00","Japan Credit Bureau (JCB)","0","07/28/2013","Payment","PAY","353.07","(353.07)"
"2763","1","2002.57","2087.68","1323.27","1379.51","0.00","0.00","13.86","56.24","0.00","56.24","1393.37","0.00","0.00","13.86","Compound","14123","G:14123","Global","679.30","708.17","0.00","0.00","0.00","28.87","0.00","28.87","708.17","1","Partially Paid","85.11","0.00","85.11","06/27/2013","2101.54","0.00","0.00","0.00","0.00","2966","1","","Open","354.06","0.00","0","0.00","Discover","0","06/28/2013","Payment","PAY","354.06","(354.06)","5857","0","","Open","354.11","0.00","0","0.00","Other 2","0","11/28/2013","Payment","PAY","354.11","(354.11)"
"2610","1","2232.67","2327.56","2226.86","2321.50","0.00","0.00","10.84","94.64","0.00","94.64","2332.34","0.00","0.00","10.84","Compound","14124","G:14124","Global","5.81","6.06","0.00","0.00","0.00","0.25","0.00","0.25","6.06","1","Partially Paid","94.89","0.00","94.89","06/27/2013","2338.40","0.00","0.00","0.00","0.00","3030","1","","Open","6.06","0.00","0","0.00","Unknown","0","06/28/2013","Credit","CRED","6.06","(6.06)"
"2501","1","2464.88","2569.64","2123.31","2213.55","0.00","0.00","1.90","90.24","0.00","90.24","2215.45","0.00","0.00","1.90","Compound","14125","G:14125","Global","341.57","356.09","0.00","0.00","0.00","14.52","0.00","14.52","356.09","1","Partially Paid","104.76","0.00","104.76","06/27/2013","2571.54","0.00","0.00","0.00","0.00","4712","1","","Open","356.09","0.00","0","0.00","Electronic Transfer","0","09/28/2013","Payment","PAY","356.09","(356.09)"
"2665","1","237.44","247.53","0.00","0.00","0.00","0.00","4.73","0.00","0.00","0.00","4.73","0.00","0.00","4.73","Compound","14126","G:14126","Global","237.44","247.53","0.00","0.00","0.00","10.09","0.00","10.09","247.53","1","Partially Paid","10.09","0.00","10.09","06/27/2013","252.26","0.00","0.00","0.00","0.00","4133","1","","Open","247.53","0.00","0","0.00","Debit Card","0","08/28/2013","Payment","PAY","357.08","(357.08)"
"2764","1","450.71","469.87","107.24","111.80","0.00","0.00","3.26","4.56","0.00","4.56","115.06","0.00","0.00","3.26","Compound","14127","G:14127","Global","343.47","358.07","0.00","0.00","0.00","14.60","0.00","14.60","358.07","1","Partially Paid","19.16","0.00","19.16","06/27/2013","473.13","0.00","0.00","0.00","0.00","3553","1","","Open","358.07","0.00","0","0.00","Japan Credit Bureau (JCB)","0","07/28/2013","Payment","PAY","358.07","(358.07)"
"2758","1","0.00","0.00","0.00","0.00","0.00","0.00","0.00","0.00","0.00","0.00","0.00","0.00","0.00","4.26","Compound","14128","G:14128","Global","0.00","0.00","0.00","0.00","4.26","0.00","0.00","0.00","4.26","1","Paid in Full","0.00","0.00","0.00","06/27/2013","4.26","0.00","0.00","0.00","0.00","2759","1","","Open","0.00","0.00","0","4.26","Unknown","0","06/27/2013","Payment","PAY","4.26","(4.26)"
"2569","1","883.60","921.15","775.62","808.58","0.00","0.00","6.50","32.96","0.00","32.96","815.08","0.00","0.00","6.50","Compound","14129","G:14129","Global","107.98","112.57","0.00","0.00","0.00","4.59","0.00","4.59","112.57","1","Partially Paid","37.55","0.00","37.55","06/27/2013","927.65","0.00","0.00","0.00","0.00","5289","1","","Open","112.57","0.00","0","0.00","Other 1","0","10/28/2013","Payment","PAY","360.10","(360.10)"
"2860","1","1103.18","1150.07","756.81","788.98","0.00","0.00","19.86","32.17","0.00","32.17","808.84","0.00","0.00","19.86","Compound","14130","G:14130","Global","346.37","361.09","0.00","0.00","0.00","14.72","0.00","14.72","361.09","1","Partially Paid","46.89","0.00","46.89","06/27/2013","1169.93","0.00","0.00","0.00","0.00","4713","1","","Open","361.09","0.00","0","0.00","Electronic Transfer","0","09/28/2013","Payment","PAY","361.09","(361.09)"
"2738","1","0.00","0.00","0.00","0.00","0.00","0.00","26.66","0.00","0.00","0.00","26.66","0.00","0.00","26.66","Compound","14131","G:14131","Global","0.00","0.00","0.00","0.00","0.00","0.00","0.00","0.00","0.00","1","Unpaid","0.00","0.00","0.00","06/27/2013","26.66","0.00","0.00","0.00","0.00"
"2570","1","1548.67","1614.49","1200.40","1251.42","0.00","0.00","9.15","51.02","0.00","51.02","1260.57","0.00","0.00","9.15","Compound","14132","G:14132","Global","348.27","363.07","0.00","0.00","0.00","14.80","0.00","14.80","363.07","1","Partially Paid","65.82","0.00","65.82","06/27/2013","1623.64","0.00","0.00","0.00","0.00","3554","1","","Open","363.07","0.00","0","0.00","Japan Credit Bureau (JCB)","0","07/28/2013","Payment","PAY","363.07","(363.07)"
"2787","1","1774.57","1849.99","1419.54","1479.87","0.00","0.00","19.97","60.33","0.00","60.33","1499.84","0.00","0.00","19.97","Compound","14133","G:14133","Global","355.03","370.12","0.00","0.00","0.00","15.09","0.00","15.09","370.12","1","Partially Paid","75.42","0.00","75.42","06/27/2013","1869.96","0.00","0.00","0.00","0.00","2968","1","","Open","364.06","0.00","0","0.00","Discover","0","06/28/2013","Payment","PAY","364.06","(364.06)","3031","1","","Open","6.06","0.00","0","0.00","Unknown","0","06/28/2013","Credit","CRED","6.06","(6.06)"
"2899","1","2002.57","2087.68","1628.32","1697.53","0.00","0.00","27.48","69.21","0.00","69.21","1725.01","0.00","0.00","27.48","Compound","14134","G:14134","Global","374.25","390.15","0.00","0.00","0.00","15.90","0.00","15.90","390.15","1","Partially Paid","85.11","0.00","85.11","06/27/2013","2115.16","0.00","0.00","0.00","0.00","2900","1","","Open","25.05","0.00","0","0.00","Unknown","0","06/27/2013","Payment","PAY","25.05","(25.05)","5290","1","","Open","365.10","0.00","0","0.00","Other 1","0","10/28/2013","Payment","PAY","365.10","(365.10)"
"2788","1","2232.67","2327.56","1881.50","1961.47","0.00","0.00","13.08","79.97","0.00","79.97","1974.55","0.00","0.00","13.08","Compound","14135","G:14135","Global","351.17","366.09","0.00","0.00","0.00","14.92","0.00","14.92","366.09","1","Partially Paid","94.89","0.00","94.89","06/27/2013","2340.64","0.00","0.00","0.00","0.00","4714","1","","Open","366.09","0.00","0","0.00","Electronic Transfer","0","09/28/2013","Payment","PAY","366.09","(366.09)"
"2571","1","2464.88","2569.64","2112.77","2202.56","0.00","0.00","1.12","89.79","0.00","89.79","2203.68","0.00","0.00","1.12","Compound","14136","G:14136","Global","352.11","367.08","0.00","0.00","0.00","14.97","0.00","14.97","367.08","1","Partially Paid","104.76","0.00","104.76","06/27/2013","2570.76","0.00","0.00","0.00","0.00","4135","1","","Open","367.08","0.00","0","0.00","Debit Card","0","08/28/2013","Payment","PAY","367.08","(367.08)"
"2611","1","237.44","247.53","0.00","0.00","0.00","0.00","4.67","0.00","0.00","0.00","4.67","0.00","0.00","4.67","Compound","14137","G:14137","Global","237.44","247.53","0.00","0.00","0.00","10.09","0.00","10.09","247.53","1","Partially Paid","10.09","0.00","10.09","06/27/2013","252.20","0.00","0.00","0.00","0.00","3555","1","","Open","247.53","0.00","0","0.00","Japan Credit Bureau (JCB)","0","07/28/2013","Payment","PAY","368.07","(368.07)"
"2701","1","450.71","469.87","0.00","0.00","0.00","0.00","6.70","0.00","0.00","0.00","6.70","0.00","0.00","6.70","Compound","14138","G:14138","Global","450.71","469.87","0.00","0.00","0.00","19.16","0.00","19.16","469.87","1","Partially Paid","19.16","0.00","19.16","06/27/2013","476.57","0.00","0.00","0.00","0.00","2969","1","","Open","369.06","0.00","0","0.00","Discover","0","06/28/2013","Payment","PAY","369.06","(369.06)","5860","0","","Open","100.81","0.00","0","0.00","Other 2","0","11/28/2013","Payment","PAY","369.11","(369.11)"
"2635","1","0.00","0.00","0.00","0.00","0.00","0.00","4.61","0.00","0.00","0.00","4.61","0.00","0.00","4.61","Compound","14139","G:14139","Global","0.00","0.00","0.00","0.00","0.00","0.00","0.00","0.00","0.00","1","Unpaid","0.00","0.00","0.00","06/27/2013","4.61","0.00","0.00","0.00","0.00"
"2666","1","883.60","921.15","503.61","525.01","0.00","0.00","8.07","21.40","0.00","21.40","533.08","0.00","0.00","8.07","Compound","14140","G:14140","Global","379.99","396.14","0.00","0.00","0.00","16.15","0.00","16.15","396.14","1","Partially Paid","37.55","0.00","37.55","06/27/2013","929.22","0.00","0.00","0.00","0.00","2667","1","","Open","25.05","0.00","0","0.00","Unknown","0","06/27/2013","Payment","PAY","25.05","(25.05)","4715","1","","Open","371.09","0.00","0","0.00","Electronic Transfer","0","09/28/2013","Payment","PAY","371.09","(371.09)"
"2502","1","0.00","0.00","0.00","0.00","0.00","0.00","0.00","0.00","0.00","0.00","0.00","0.00","0.00","0.61","Compound","14141","G:14141","Global","0.00","0.00","0.00","0.00","0.61","0.00","0.00","0.00","0.61","1","Paid in Full","0.00","0.00","0.00","06/27/2013","0.61","0.00","0.00","0.00","0.00","2503","1","","Open","0.00","0.00","0","0.61","Unknown","0","06/27/2013","Payment","PAY","0.61","(0.61)"
"2886","1","0.00","0.00","0.00","0.00","0.00","0.00","18.33","0.00","0.00","0.00","18.33","0.00","0.00","24.39","Compound","14142","G:14142","Global","0.00","0.00","0.00","0.00","6.06","0.00","0.00","0.00","6.06","1","Partially Paid","0.00","0.00","0.00","06/27/2013","24.39","0.00","0.00","0.00","0.00","3032","1","","Open","0.00","0.00","0","6.06","Unknown","0","06/28/2013","Credit","CRED","6.06","(6.06)"
"2797","1","1548.67","1614.49","1189.86","1240.43","0.00","0.00","6.14","50.57","0.00","50.57","1246.57","0.00","0.00","6.14","Compound","14143","G:14143","Global","358.81","374.06","0.00","0.00","0.00","15.25","0.00","15.25","374.06","1","Partially Paid","65.82","0.00","65.82","06/27/2013","1620.63","0.00","0.00","0.00","0.00","2970","1","","Open","374.06","0.00","0","0.00","Discover","0","06/28/2013","Payment","PAY","374.06","(374.06)"
"2505","1","1774.57","1849.99","1774.57","1849.99","0.00","0.00","283.14","75.42","0.00","75.42","2133.13","0.00","0.00","283.14","Compound","14144","G:14144","Global","0.00","0.00","0.00","0.00","0.00","0.00","0.00","0.00","0.00","1","Unpaid","75.42","0.00","75.42","06/27/2013","2133.13","0.00","0.00","0.00","0.00"
"2504","1","2002.57","2087.68","1641.81","1711.59","0.00","0.00","11.07","69.78","0.00","69.78","1722.66","0.00","0.00","11.07","Compound","14145","G:14145","Global","360.76","376.09","0.00","0.00","0.00","15.33","0.00","15.33","376.09","1","Partially Paid","85.11","0.00","85.11","06/27/2013","2098.75","0.00","0.00","0.00","0.00","4716","1","","Open","376.09","0.00","0","0.00","Electronic Transfer","0","09/28/2013","Payment","PAY","376.09","(376.09)"
"2702","1","2232.67","2327.56","1846.93","1925.43","0.00","0.00","13.24","78.50","0.00","78.50","1938.67","0.00","0.00","13.24","Compound","14146","G:14146","Global","385.74","402.13","0.00","0.00","0.00","16.39","0.00","16.39","402.13","1","Partially Paid","94.89","0.00","94.89","06/27/2013","2340.80","0.00","0.00","0.00","0.00","2703","1","","Open","25.05","0.00","0","0.00","Unknown","0","06/27/2013","Payment","PAY","25.05","(25.05)","4137","1","","Open","377.08","0.00","0","0.00","Debit Card","0","08/28/2013","Payment","PAY","377.08","(377.08)"
"2668","1","2464.88","2569.64","2102.22","2191.57","0.00","0.00","4.11","89.35","0.00","89.35","2195.68","0.00","0.00","4.11","Compound","14147","G:14147","Global","362.66","378.07","0.00","0.00","0.00","15.41","0.00","15.41","378.07","1","Partially Paid","104.76","0.00","104.76","06/27/2013","2573.75","0.00","0.00","0.00","0.00","3557","1","","Open","378.07","0.00","0","0.00","Japan Credit Bureau (JCB)","0","07/28/2013","Payment","PAY","378.07","(378.07)"
"2506","1","237.44","247.53","0.00","0.00","0.00","0.00","2.94","0.00","0.00","0.00","2.94","0.00","0.00","2.94","Compound","14148","G:14148","Global","237.44","247.53","0.00","0.00","0.00","10.09","0.00","10.09","247.53","1","Partially Paid","10.09","0.00","10.09","06/27/2013","250.47","0.00","0.00","0.00","0.00","2971","1","","Open","247.53","0.00","0","0.00","Discover","0","06/28/2013","Payment","PAY","379.06","(379.06)"
"2669","1","450.71","469.87","450.71","469.87","0.00","0.00","5.25","19.16","0.00","19.16","475.12","0.00","0.00","5.25","Compound","14149","G:14149","Global","0.00","0.00","0.00","0.00","0.00","0.00","0.00","0.00","0.00","1","Unpaid","19.16","0.00","19.16","06/27/2013","475.12","0.00","0.00","0.00","0.00"
"2528","1","0.00","0.00","0.00","0.00","0.00","0.00","4.13","0.00","0.00","0.00","4.13","0.00","0.00","4.13","Compound","14150","G:14150","Global","0.00","0.00","0.00","0.00","0.00","0.00","0.00","0.00","0.00","1","Unpaid","0.00","0.00","0.00","06/27/2013","4.13","0.00","0.00","0.00","0.00"
"2670","1","883.60","921.15","511.29","533.01","0.00","0.00","6.69","21.72","0.00","21.72","539.70","0.00","0.00","6.69","Compound","14151","G:14151","Global","372.31","388.14","0.00","0.00","0.00","15.83","0.00","15.83","388.14","1","Partially Paid","37.55","0.00","37.55","06/27/2013","927.84","0.00","0.00","0.00","0.00","3033","1","","Open","6.06","0.00","0","0.00","Unknown","0","06/28/2013","Credit","CRED","6.06","(6.06)","4138","1","","Open","382.08","0.00","0","0.00","Debit Card","0","08/28/2013","Payment","PAY","382.08","(382.08)"
"2576","1","1103.18","1150.07","711.70","741.95","0.00","0.00","5.72","30.25","0.00","30.25","747.67","0.00","0.00","5.72","Compound","14152","G:14152","Global","391.48","408.12","0.00","0.00","0.00","16.64","0.00","16.64","408.12","1","Partially Paid","46.89","0.00","46.89","06/27/2013","1155.79","0.00","0.00","0.00","0.00","2577","1","","Open","25.05","0.00","0","0.00","Unknown","0","06/27/2013","Payment","PAY","25.05","(25.05)","3558","1","","Open","383.07","0.00","0","0.00","Japan Credit Bureau (JCB)","0","07/28/2013","Payment","PAY","383.07","(383.07)"
"2807","1","0.00","0.00","0.00","0.00","0.00","0.00","13.51","0.00","0.00","0.00","13.51","0.00","0.00","13.51","Compound","14153","G:14153","Global","0.00","0.00","0.00","0.00","0.00","0.00","0.00","0.00","0.00","1","Unpaid","0.00","0.00","0.00","06/27/2013","13.51","0.00","0.00","0.00","0.00"
"2789","1","1548.67","1614.49","1548.67","1614.49","0.00","0.00","10.57","65.82","0.00","65.82","1625.06","0.00","0.00","10.57","Compound","14154","G:14154","Global","0.00","0.00","0.00","0.00","0.00","0.00","0.00","0.00","0.00","1","Unpaid","65.82","0.00","65.82","06/27/2013","1625.06","0.00","0.00","0.00","0.00"
"2706","1","1774.57","1849.99","1404.22","1463.90","0.00","0.00","12.66","59.68","0.00","59.68","1476.56","0.00","0.00","12.66","Compound","14155","G:14155","Global","370.35","386.09","0.00","0.00","0.00","15.74","0.00","15.74","386.09","1","Partially Paid","75.42","0.00","75.42","06/27/2013","1862.65","0.00","0.00","0.00","0.00","4718","1","","Open","386.09","0.00","0","0.00","Electronic Transfer","0","09/28/2013","Payment","PAY","386.09","(386.09)"
"2671","1","2002.57","2087.68","1631.27","1700.60","0.00","0.00","14.20","69.33","0.00","69.33","1714.80","0.00","0.00","14.20","Compound","14156","G:14156","Global","371.30","387.08","0.00","0.00","0.00","15.78","0.00","15.78","387.08","1","Partially Paid","85.11","0.00","85.11","06/27/2013","2101.88","0.00","0.00","0.00","0.00","4139","1","","Open","387.08","0.00","0","0.00","Debit Card","0","08/28/2013","Payment","PAY","387.08","(387.08)"
"2707","1","2232.67","2327.56","1860.42","1939.49","0.00","0.00","10.79","79.07","0.00","79.07","1950.28","0.00","0.00","10.79","Compound","14157","G:14157","Global","372.25","388.07","0.00","0.00","0.00","15.82","0.00","15.82","388.07","1","Partially Paid","94.89","0.00","94.89","06/27/2013","2338.35","0.00","0.00","0.00","0.00","3559","1","","Open","388.07","0.00","0","0.00","Japan Credit Bureau (JCB)","0","07/28/2013","Payment","PAY","388.07","(388.07)"
"2612","1","2464.88","2569.64","2067.65","2155.53","0.00","0.00","1.85","87.88","0.00","87.88","2157.38","0.00","0.00","1.85","Compound","14158","G:14158","Global","397.23","414.11","0.00","0.00","0.00","16.88","0.00","16.88","414.11","1","Partially Paid","104.76","0.00","104.76","06/27/2013","2571.49","0.00","0.00","0.00","0.00","2613","1","","Open","25.05","0.00","0","0.00","Unknown","0","06/27/2013","Payment","PAY","25.05","(25.05)","2973","1","","Open","389.06","0.00","0","0.00","Discover","0","06/28/2013","Payment","PAY","389.06","(389.06)"
"2677","1","237.44","247.53","237.44","247.53","0.00","0.00","4.64","10.09","0.00","10.09","252.17","0.00","0.00","4.64","Compound","14159","G:14159","Global","0.00","0.00","0.00","0.00","0.00","0.00","0.00","0.00","0.00","1","Unpaid","10.09","0.00","10.09","06/27/2013","252.17","0.00","0.00","0.00","0.00"
"2739","1","450.71","469.87","55.01","57.34","0.00","0.00","3.18","2.33","0.00","2.33","60.52","0.00","0.00","3.18","Compound","14160","G:14160","Global","395.70","412.53","0.00","0.00","0.00","16.83","0.00","16.83","412.53","1","Partially Paid","19.16","0.00","19.16","06/27/2013","473.05","0.00","0.00","0.00","0.00","2740","1","","Open","15.38","0.00","0","0.00","Unknown","0","06/27/2013","Payment","PAY","15.38","(15.38)","3034","1","","Open","6.06","0.00","0","0.00","Unknown","0","06/28/2013","Credit","CRED","6.06","(6.06)","4719","1","","Open","391.09","0.00","0","0.00","Electronic Transfer","0","09/28/2013","Payment","PAY","391.09","(391.09)"
"2901","1","0.00","0.00","0.00","0.00","0.00","0.00","4.05","0.00","0.00","0.00","4.05","0.00","0.00","4.05","Compound","14161","G:14161","Global","0.00","0.00","0.00","0.00","0.00","0.00","0.00","0.00","0.00","1","Unpaid","0.00","0.00","0.00","06/27/2013","4.05","0.00","0.00","0.00","0.00"
"2903","1","883.60","921.15","506.55","528.08","0.00","0.00","6.52","21.53","0.00","21.53","534.60","0.00","0.00","6.52","Compound","14162","G:14162","Global","377.05","393.07","0.00","0.00","0.00","16.02","0.00","16.02","393.07","1","Partially Paid","37.55","0.00","37.55","06/27/2013","927.67","0.00","0.00","0.00","0.00","3560","1","","Open","393.07","0.00","0","0.00","Japan Credit Bureau (JCB)","0","07/28/2013","Payment","PAY","393.07","(393.07)"
"2636","1","1103.18","1150.07","347.15","361.90","0.00","0.00","5.69","14.75","0.00","14.75","367.59","0.00","0.00","5.69","Compound","14163","G:14163","Global","756.03","788.17","0.00","0.00","0.00","32.14","0.00","32.14","788.17","1","Partially Paid","46.89","0.00","46.89","06/27/2013","1155.76","0.00","0.00","0.00","0.00","2974","1","","Open","394.06","0.00","0","0.00","Discover","0","06/28/2013","Payment","PAY","394.06","(394.06)","5865","0","","Open","394.11","0.00","0","0.00","Other 2","0","11/28/2013","Payment","PAY","394.11","(394.11)"
"2728","1","0.00","0.00","0.00","0.00","0.00","0.00","0.00","0.00","0.00","0.00","0.00","0.00","0.00","13.61","Compound","14164","G:14164","Global","0.00","0.00","0.00","0.00","13.61","0.00","0.00","0.00","13.61","1","Paid in Full","0.00","0.00","0.00","06/27/2013","13.61","0.00","0.00","0.00","0.00","2729","1","","Open","0.00","0.00","0","13.61","Unknown","0","06/27/2013","Payment","PAY","13.61","(13.61)"
"2861","1","1548.67","1614.49","1168.73","1218.40","0.00","0.00","10.53","49.67","0.00","49.67","1228.93","0.00","0.00","10.53","Compound","14165","G:14165","Global","379.94","396.09","0.00","0.00","0.00","16.15","0.00","16.15","396.09","1","Partially Paid","65.82","0.00","65.82","06/27/2013","1625.02","0.00","0.00","0.00","0.00","4720","1","","Open","396.09","0.00","0","0.00","Electronic Transfer","0","09/28/2013","Payment","PAY","396.09","(396.09)"
"2680","1","0.00","0.00","0.00","0.00","0.00","0.00","12.62","0.00","0.00","0.00","12.62","0.00","0.00","12.62","Compound","14166","G:14166","Global","0.00","0.00","0.00","0.00","0.00","0.00","0.00","0.00","0.00","1","Unpaid","0.00","0.00","0.00","06/27/2013","12.62","0.00","0.00","0.00","0.00"
"2765","1","2002.57","2087.68","1620.73","1689.61","0.00","0.00","4.27","68.88","0.00","68.88","1693.88","0.00","0.00","4.27","Compound","14167","G:14167","Global","381.84","398.07","0.00","0.00","0.00","16.23","0.00","16.23","398.07","1","Partially Paid","85.11","0.00","85.11","06/27/2013","2091.95","0.00","0.00","0.00","0.00","3561","1","","Open","398.07","0.00","0","0.00","Japan Credit Bureau (JCB)","0","07/28/2013","Payment","PAY","398.07","(398.07)"
"2637","1","2232.67","2327.56","1849.88","1928.50","0.00","0.00","10.10","78.62","0.00","78.62","1938.60","0.00","0.00","10.10","Compound","14168","G:14168","Global","382.79","399.06","0.00","0.00","0.00","16.27","0.00","16.27","399.06","1","Partially Paid","94.89","0.00","94.89","06/27/2013","2337.66","0.00","0.00","0.00","0.00","2975","1","","Open","399.06","0.00","0","0.00","Discover","0","06/28/2013","Payment","PAY","399.06","(399.06)"
"2874","1","2464.88","2569.64","2075.28","2163.48","0.00","0.00","0.35","88.20","0.00","88.20","2163.83","0.00","0.00","0.35","Compound","14169","G:14169","Global","389.60","406.16","0.00","0.00","0.00","16.56","0.00","16.56","406.16","1","Partially Paid","104.76","0.00","104.76","06/27/2013","2569.99","0.00","0.00","0.00","0.00","3035","1","","Open","6.06","0.00","0","0.00","Unknown","0","06/28/2013","Credit","CRED","6.06","(6.06)","5297","1","","Open","400.10","0.00","0","0.00","Other 1","0","10/28/2013","Payment","PAY","400.10","(400.10)"
"2730","1","237.44","247.53","0.00","0.00","0.00","0.00","4.59","0.00","0.00","0.00","4.59","0.00","0.00","4.59","Compound","14170","G:14170","Global","237.44","247.53","0.00","0.00","0.00","10.09","0.00","10.09","247.53","1","Partially Paid","10.09","0.00","10.09","06/27/2013","252.12","0.00","0.00","0.00","0.00","2731","1","","Open","25.05","0.00","0","0.00","Unknown","0","06/27/2013","Payment","PAY","25.05","(25.05)","4721","1","","Open","222.48","0.00","0","0.00","Electronic Transfer","0","09/28/2013","Payment","PAY","401.09","(401.09)"
"2578","1","450.71","469.87","43.86","45.72","0.00","0.00","3.06","1.86","0.00","1.86","48.78","0.00","0.00","3.06","Compound","14171","G:14171","Global","406.85","424.15","0.00","0.00","0.00","17.30","0.00","17.30","424.15","1","Partially Paid","19.16","0.00","19.16","06/27/2013","472.93","0.00","0.00","0.00","0.00","2579","1","","Open","22.07","0.00","0","0.00","Unknown","0","06/27/2013","Payment","PAY","22.07","(22.07)","4142","1","","Open","402.08","0.00","0","0.00","Debit Card","0","08/28/2013","Payment","PAY","402.08","(402.08)"
"2672","1","0.00","0.00","0.00","0.00","0.00","0.00","4.01","0.00","0.00","0.00","4.01","0.00","0.00","4.01","Compound","14172","G:14172","Global","0.00","0.00","0.00","0.00","0.00","0.00","0.00","0.00","0.00","1","Unpaid","0.00","0.00","0.00","06/27/2013","4.01","0.00","0.00","0.00","0.00"
"2673","1","883.60","921.15","345.81","360.51","0.00","0.00","6.38","14.70","0.00","14.70","366.89","0.00","0.00","6.38","Compound","14173","G:14173","Global","537.79","560.64","0.00","0.00","0.00","22.85","0.00","22.85","560.64","1","Partially Paid","37.55","0.00","37.55","06/27/2013","927.53","0.00","0.00","0.00","0.00","2976","1","","Open","404.06","0.00","0","0.00","Discover","0","06/28/2013","Payment","PAY","404.06","(404.06)","5867","0","","Open","156.58","0.00","0","0.00","Other 2","0","11/28/2013","Payment","PAY","404.11","(404.11)"
"2732","1","1103.18","1150.07","714.60","744.97","0.00","0.00","5.14","30.37","0.00","30.37","750.11","0.00","0.00","5.14","Compound","14174","G:14174","Global","388.58","405.10","0.00","0.00","0.00","16.52","0.00","16.52","405.10","1","Partially Paid","46.89","0.00","46.89","06/27/2013","1155.21","0.00","0.00","0.00","0.00","5298","1","","Open","405.10","0.00","0","0.00","Other 1","0","10/28/2013","Payment","PAY","405.10","(405.10)"
"2507","1","0.00","0.00","0.00","0.00","0.00","0.00","13.16","0.00","0.00","0.00","13.16","0.00","0.00","13.16","Compound","14175","G:14175","Global","0.00","0.00","0.00","0.00","0.00","0.00","0.00","0.00","0.00","1","Unpaid","0.00","0.00","0.00","06/27/2013","13.16","0.00","0.00","0.00","0.00"
"2790","1","1548.67","1614.49","1126.41","1174.28","0.00","0.00","10.32","47.87","0.00","47.87","1184.60","0.00","0.00","10.32","Compound","14176","G:14176","Global","422.26","440.21","0.00","0.00","0.00","17.95","0.00","17.95","440.21","1","Partially Paid","65.82","0.00","65.82","06/27/2013","1624.81","0.00","0.00","0.00","0.00","2791","1","","Open","25.05","0.00","0","0.00","Unknown","0","06/27/2013","Payment","PAY","25.05","(25.05)","4143","1","","Open","407.08","0.00","0","0.00","Debit Card","0","08/28/2013","Payment","PAY","407.08","(407.08)","4201","1","","Open","8.08","0.00","0","0.00","Unknown","0","08/28/2013","Credit","CRED","8.08","(8.08)"
"2842","1","1774.57","1849.99","1383.14","1441.92","0.00","0.00","13.92","58.78","0.00","58.78","1455.84","0.00","0.00","13.92","Compound","14177","G:14177","Global","391.43","408.07","0.00","0.00","0.00","16.64","0.00","16.64","408.07","1","Partially Paid","75.42","0.00","75.42","06/27/2013","1863.91","0.00","0.00","0.00","0.00","3563","0","","Open","408.07","0.00","0","0.00","Japan Credit Bureau (JCB)","0","07/28/2013","Payment","PAY","408.07","(408.07)"
"2508","1","2002.57","2087.68","1211.95","1263.45","0.00","0.00","13.62","51.50","0.00","51.50","1277.07","0.00","0.00","13.62","Compound","14178","G:14178","Global","790.62","824.23","0.00","0.00","0.00","33.61","0.00","33.61","824.23","1","Partially Paid","85.11","0.00","85.11","06/27/2013","2101.30","0.00","0.00","0.00","0.00","2977","1","","Open","409.06","0.00","0","0.00","Discover","0","06/28/2013","Payment","PAY","409.06","(409.06)","3036","1","","Open","6.06","0.00","0","0.00","Unknown","0","06/28/2013","Credit","CRED","6.06","(6.06)","5868","0","","Open","409.11","0.00","0","0.00","Other 2","0","11/28/2013","Payment","PAY","409.11","(409.11)"
"2862","1","2232.67","2327.56","1839.29","1917.46","0.00","0.00","321.57","78.17","0.00","78.17","2239.03","0.00","0.00","321.57","Compound","14179","G:14179","Global","393.38","410.10","0.00","0.00","0.00","16.72","0.00","16.72","410.10","1","Partially Paid","94.89","0.00","94.89","06/27/2013","2649.13","0.00","0.00","0.00","0.00","5299","1","","Open","410.10","0.00","0","0.00","Other 1","0","10/28/2013","Payment","PAY","410.10","(410.10)"
"2509","1","2464.88","2569.64","2070.55","2158.55","0.00","0.00","2.99","88.00","0.00","88.00","2161.54","0.00","0.00","2.99","Compound","14180","G:14180","Global","394.33","411.09","0.00","0.00","0.00","16.76","0.00","16.76","411.09","1","Partially Paid","104.76","0.00","104.76","06/27/2013","2572.63","0.00","0.00","0.00","0.00","4723","1","","Open","411.09","0.00","0","0.00","Electronic Transfer","0","09/28/2013","Payment","PAY","411.09","(411.09)"
"2614","1","237.44","247.53","0.00","0.00","0.00","0.00","5.93","0.00","0.00","0.00","5.93","0.00","0.00","5.93","Compound","14181","G:14181","Global","237.44","247.53","0.00","0.00","0.00","10.09","0.00","10.09","247.53","1","Partially Paid","10.09","0.00","10.09","06/27/2013","253.46","0.00","0.00","0.00","0.00","4144","1","","Open","247.53","0.00","0","0.00","Debit Card","0","08/28/2013","Payment","PAY","412.08","(412.08)"
"2536","1","450.71","469.87","30.45","31.75","0.00","0.00","4.37","1.30","0.00","1.30","36.12","0.00","0.00","4.37","Compound","14182","G:14182","Global","420.26","438.12","0.00","0.00","0.00","17.86","0.00","17.86","438.12","1","Partially Paid","19.16","0.00","19.16","06/27/2013","474.24","0.00","0.00","0.00","0.00","2537","1","","Open","25.05","0.00","0","0.00","Unknown","0","06/27/2013","Payment","PAY","25.05","(25.05)","3564","1","","Open","413.07","0.00","0","0.00","Japan Credit Bureau (JCB)","0","07/28/2013","Payment","PAY","413.07","(413.07)"
"2844","1","0.00","0.00","0.00","0.00","0.00","0.00","5.27","0.00","0.00","0.00","5.27","0.00","0.00","5.27","Compound","14183","G:14183","Global","0.00","0.00","0.00","0.00","0.00","0.00","0.00","0.00","0.00","1","Unpaid","0.00","0.00","0.00","06/27/2013","5.27","0.00","0.00","0.00","0.00"
"2708","1","883.60","921.15","485.42","506.05","0.00","0.00","6.27","20.63","0.00","20.63","512.32","0.00","0.00","6.27","Compound","14184","G:14184","Global","398.18","415.10","0.00","0.00","0.00","16.92","0.00","16.92","415.10","1","Partially Paid","37.55","0.00","37.55","06/27/2013","927.42","0.00","0.00","0.00","0.00","5300","1","","Open","415.10","0.00","0","0.00","Other 1","0","10/28/2013","Payment","PAY","415.10","(415.10)"
"2674","1","1103.18","1150.07","704.05","733.98","0.00","0.00","5.24","29.93","0.00","29.93","739.22","0.00","0.00","5.24","Compound","14185","G:14185","Global","399.13","416.09","0.00","0.00","0.00","16.96","0.00","16.96","416.09","1","Partially Paid","46.89","0.00","46.89","06/27/2013","1155.31","0.00","0.00","0.00","0.00","4724","1","","Open","416.09","0.00","0","0.00","Electronic Transfer","0","09/28/2013","Payment","PAY","416.09","(416.09)"
"2847","1","0.00","0.00","0.00","0.00","0.00","0.00","13.06","0.00","0.00","0.00","13.06","0.00","0.00","13.06","Compound","14186","G:14186","Global","0.00","0.00","0.00","0.00","0.00","0.00","0.00","0.00","0.00","1","Unpaid","0.00","0.00","0.00","06/27/2013","13.06","0.00","0.00","0.00","0.00"
"2875","1","1548.67","1614.49","1141.83","1190.36","0.00","0.00","10.33","48.53","0.00","48.53","1200.69","0.00","0.00","10.33","Compound","14187","G:14187","Global","406.84","424.13","0.00","0.00","0.00","17.29","0.00","17.29","424.13","1","Partially Paid","65.82","0.00","65.82","06/27/2013","1624.82","0.00","0.00","0.00","0.00","3037","1","","Open","6.06","0.00","0","0.00","Unknown","0","06/28/2013","Credit","CRED","6.06","(6.06)","3565","1","","Open","418.07","0.00","0","0.00","Japan Credit Bureau (JCB)","0","07/28/2013","Payment","PAY","418.07","(418.07)"
"2615","1","1774.57","1849.99","946.54","986.77","0.00","0.00","12.26","40.23","0.00","40.23","999.03","0.00","0.00","12.26","Compound","14188","G:14188","Global","828.03","863.22","0.00","0.00","0.00","35.19","0.00","35.19","863.22","1","Partially Paid","75.42","0.00","75.42","06/27/2013","1862.25","0.00","0.00","0.00","0.00","2616","1","","Open","25.05","0.00","0","0.00","Unknown","0","06/27/2013","Payment","PAY","25.05","(25.05)","2979","1","","Open","419.06","0.00","0","0.00","Discover","0","06/28/2013","Payment","PAY","419.06","(419.06)","5870","0","","Open","419.11","0.00","0","0.00","Other 2","0","11/28/2013","Payment","PAY","419.11","(419.11)"
"2766","1","2002.57","2087.68","1599.60","1667.58","0.00","0.00","13.62","67.98","0.00","67.98","1681.20","0.00","0.00","13.62","Compound","14189","G:14189","Global","402.97","420.10","0.00","0.00","0.00","17.13","0.00","17.13","420.10","1","Partially Paid","85.11","0.00","85.11","06/27/2013","2101.30","0.00","0.00","0.00","0.00","5301","1","","Open","420.10","0.00","0","0.00","Other 1","0","10/28/2013","Payment","PAY","420.10","(420.10)"
"2516","1","2232.67","2327.56","1841.30","1919.56","0.00","0.00","6.24","78.26","0.00","78.26","1925.80","0.00","0.00","6.24","Compound","14190","G:14190","Global","391.37","408.00","0.00","0.00","0.00","16.63","0.00","16.63","408.00","1","Partially Paid","94.89","0.00","94.89","06/27/2013","2333.80","0.00","0.00","0.00","0.00","2395","1","","Open","408.00","0.00","0","0.00","Master Card","0","05/28/2013","Payment","PAY","421.05","(421.05)"
"2519","1","0.00","0.00","0.00","0.00","0.00","0.00","0.00","0.00","0.00","0.00","0.00","0.00","0.00","6.79","Compound","14191","G:14191","Global","0.00","0.00","0.00","0.00","6.79","0.00","0.00","0.00","6.79","1","Paid in Full","0.00","0.00","0.00","06/27/2013","6.79","0.00","0.00","0.00","0.00","1822","1","","Open","0.00","0.00","0","6.79","Unknown","0","04/28/2013","Payment","PAY","13.04","(13.04)"
"2517","1","237.44","247.53","0.00","0.00","0.00","0.00","4.74","0.00","0.00","0.00","4.74","0.00","0.00","4.74","Compound","14192","G:14192","Global","237.44","247.53","0.00","0.00","0.00","10.09","0.00","10.09","247.53","1","Partially Paid","10.09","0.00","10.09","06/27/2013","252.27","0.00","0.00","0.00","0.00","3568","1","","Open","247.53","0.00","0","0.00","Japan Credit Bureau (JCB)","0","07/28/2013","Payment","PAY","423.07","(423.07)"
"2518","1","450.71","469.87","43.94","45.81","0.00","0.00","2.59","1.87","0.00","1.87","48.40","0.00","0.00","2.59","Compound","14193","G:14193","Global","406.77","424.06","0.00","0.00","0.00","17.29","0.00","17.29","424.06","1","Partially Paid","19.16","0.00","19.16","06/27/2013","472.46","0.00","0.00","0.00","0.00","2982","1","","Open","424.06","0.00","0","0.00","Discover","0","06/28/2013","Payment","PAY","424.06","(424.06)"
"2513","1","0.00","0.00","0.00","0.00","0.00","0.00","0.00","0.00","0.00","0.00","0.00","0.00","0.00","2.87","Compound","14194","G:14194","Global","0.00","0.00","0.00","0.00","2.87","0.00","0.00","0.00","2.87","1","Paid in Full","0.00","0.00","0.00","06/27/2013","2.87","0.00","0.00","0.00","0.00","2514","1","","Open","0.00","0.00","0","2.87","Unknown","0","06/27/2013","Payment","PAY","2.87","(2.87)"
"2515","1","883.60","921.15","474.88","495.06","0.00","0.00","5.47","20.18","0.00","20.18","500.53","0.00","0.00","5.47","Compound","14195","G:14195","Global","408.72","426.09","0.00","0.00","0.00","17.37","0.00","17.37","426.09","1","Partially Paid","37.55","0.00","37.55","06/27/2013","926.62","0.00","0.00","0.00","0.00","4727","1","","Open","426.09","0.00","0","0.00","Electronic Transfer","0","09/28/2013","Payment","PAY","426.09","(426.09)"
"2520","1","1103.18","1150.07","134.08","139.78","0.00","0.00","16.10","5.70","0.00","5.70","155.88","0.00","0.00","16.10","Compound","14196","G:14196","Global","969.10","1010.29","0.00","0.00","0.00","41.19","0.00","41.19","1010.29","1","Partially Paid","46.89","0.00","46.89","06/27/2013","1166.17","0.00","0.00","0.00","0.00","2521","1","","Open","577.15","0.00","0","0.00","Unknown","0","06/27/2013","Payment","PAY","577.15","(577.15)","3038","1","","Open","6.06","0.00","0","0.00","Unknown","0","06/28/2013","Credit","CRED","6.06","(6.06)","4148","1","","Open","427.08","0.00","0","0.00","Debit Card","0","08/28/2013","Payment","PAY","427.08","(427.08)"
"2676","1","0.00","0.00","0.00","0.00","0.00","0.00","17.08","0.00","0.00","0.00","17.08","0.00","0.00","17.08","Compound","14197","G:14197","Global","0.00","0.00","0.00","0.00","0.00","0.00","0.00","0.00","0.00","1","Unpaid","0.00","0.00","0.00","06/27/2013","17.08","0.00","0.00","0.00","0.00"
"2510","1","1548.67","1614.49","1137.10","1185.43","0.00","0.00","7.50","48.33","0.00","48.33","1192.93","0.00","0.00","7.50","Compound","14198","G:14198","Global","411.57","429.06","0.00","0.00","0.00","17.49","0.00","17.49","429.06","1","Partially Paid","65.82","0.00","65.82","06/27/2013","1621.99","0.00","0.00","0.00","0.00","2983","1","","Open","429.06","0.00","0","0.00","Discover","0","06/28/2013","Payment","PAY","429.06","(429.06)"
"2733","1","1774.57","1849.99","1362.00","1419.89","0.00","0.00","17.40","57.89","0.00","57.89","1437.29","0.00","0.00","17.40","Compound","14199","G:14199","Global","412.57","430.10","0.00","0.00","0.00","17.53","0.00","17.53","430.10","1","Partially Paid","75.42","0.00","75.42","06/27/2013","1867.39","0.00","0.00","0.00","0.00","5305","1","","Open","430.10","0.00","0","0.00","Other 1","0","10/28/2013","Payment","PAY","430.10","(430.10)"
"2476","1","2002.57","2087.68","1565.02","1631.54","0.00","0.00","8.77","66.52","0.00","66.52","1640.31","0.00","0.00","8.77","Compound","14200","G:14200","Global","437.55","456.14","0.00","0.00","0.00","18.59","0.00","18.59","456.14","1","Partially Paid","85.11","0.00","85.11","06/27/2013","2096.45","0.00","0.00","0.00","0.00","2477","1","","Open","25.05","0.00","0","0.00","Unknown","0","06/27/2013","Payment","PAY","25.05","(25.05)","4728","1","","Open","431.09","0.00","0","0.00","Electronic Transfer","0","09/28/2013","Payment","PAY","431.09","(431.09)"
"2624","1","2232.67","2327.56","1818.21","1895.48","0.00","0.00","10.67","77.27","0.00","77.27","1906.15","0.00","0.00","10.67","Compound","14201","G:14201","Global","414.46","432.08","0.00","0.00","0.00","17.62","0.00","17.62","432.08","1","Partially Paid","94.89","0.00","94.89","06/27/2013","2338.23","0.00","0.00","0.00","0.00","4149","1","","Open","432.08","0.00","0","0.00","Debit Card","0","08/28/2013","Payment","PAY","432.08","(432.08)"
"2850","1","2464.88","2569.64","2049.47","2136.57","0.00","0.00","6.44","87.10","0.00","87.10","2143.01","0.00","0.00","6.44","Compound","14202","G:14202","Global","415.41","433.07","0.00","0.00","0.00","17.66","0.00","17.66","433.07","1","Partially Paid","104.76","0.00","104.76","06/27/2013","2576.08","0.00","0.00","0.00","0.00","3570","1","","Open","433.07","0.00","0","0.00","Japan Credit Bureau (JCB)","0","07/28/2013","Payment","PAY","433.07","(433.07)"
"2904","1","237.44","247.53","0.00","0.00","0.00","0.00","14.76","0.00","0.00","0.00","14.76","0.00","0.00","14.76","Compound","14203","G:14203","Global","237.44","247.53","0.00","0.00","0.00","10.09","0.00","10.09","247.53","1","Partially Paid","10.09","0.00","10.09","06/27/2013","262.29","0.00","0.00","0.00","0.00","2984","1","","Open","247.53","0.00","0","0.00","Discover","0","06/28/2013","Payment","PAY","434.06","(434.06)"
"2792","1","450.71","469.87","33.35","34.77","0.00","0.00","9.97","1.42","0.00","1.42","44.74","0.00","0.00","9.97","Compound","14204","G:14204","Global","417.36","435.10","0.00","0.00","0.00","17.74","0.00","17.74","435.10","1","Partially Paid","19.16","0.00","19.16","06/27/2013","479.84","0.00","0.00","0.00","0.00","5306","1","","Open","435.10","0.00","0","0.00","Other 1","0","10/28/2013","Payment","PAY","435.10","(435.10)"
"2810","1","0.00","0.00","0.00","0.00","0.00","0.00","1.10","0.00","0.00","0.00","1.10","0.00","0.00","7.16","Compound","14205","G:14205","Global","0.00","0.00","0.00","0.00","6.06","0.00","0.00","0.00","6.06","1","Partially Paid","0.00","0.00","0.00","06/27/2013","7.16","0.00","0.00","0.00","0.00","3039","1","","Open","0.00","0.00","0","6.06","Unknown","0","06/28/2013","Credit","CRED","6.06","(6.06)"
"2522","1","883.60","921.15","440.31","459.02","0.00","0.00","4.35","18.71","0.00","18.71","463.37","0.00","0.00","4.35","Compound","14206","G:14206","Global","443.29","462.13","0.00","0.00","0.00","18.84","0.00","18.84","462.13","1","Partially Paid","37.55","0.00","37.55","06/27/2013","925.50","0.00","0.00","0.00","0.00","2523","1","","Open","25.05","0.00","0","0.00","Unknown","0","06/27/2013","Payment","PAY","25.05","(25.05)","4150","1","","Open","437.08","0.00","0","0.00","Debit Card","0","08/28/2013","Payment","PAY","437.08","(437.08)"
"2838","1","1103.18","1150.07","675.91","704.64","0.00","0.00","18.27","28.73","0.00","28.73","722.91","0.00","0.00","18.27","Compound","14207","G:14207","Global","427.27","445.43","0.00","0.00","0.00","18.16","0.00","18.16","445.43","1","Partially Paid","46.89","0.00","46.89","06/27/2013","1168.34","0.00","0.00","0.00","0.00","2839","1","","Open","7.36","0.00","0","0.00","Unknown","0","06/27/2013","Payment","PAY","7.36","(7.36)","3571","1","","Open","438.07","0.00","0","0.00","Japan Credit Bureau (JCB)","0","07/28/2013","Payment","PAY","438.07","(438.07)"
"2524","1","0.00","0.00","0.00","0.00","0.00","0.00","8.20","0.00","0.00","0.00","8.20","0.00","0.00","8.20","Compound","14208","G:14208","Global","0.00","0.00","0.00","0.00","0.00","0.00","0.00","0.00","0.00","1","Unpaid","0.00","0.00","0.00","06/27/2013","8.20","0.00","0.00","0.00","0.00"
"2525","1","1548.67","1614.49","1126.51","1174.39","0.00","0.00","7.68","47.88","0.00","47.88","1182.07","0.00","0.00","7.68","Compound","14209","G:14209","Global","422.16","440.10","0.00","0.00","0.00","17.94","0.00","17.94","440.10","1","Partially Paid","65.82","0.00","65.82","06/27/2013","1622.17","0.00","0.00","0.00","0.00","5307","1","","Open","440.10","0.00","0","0.00","Other 1","0","10/28/2013","Payment","PAY","440.10","(440.10)"
"2580","1","1774.57","1849.99","1351.46","1408.90","0.00","0.00","12.43","57.44","0.00","57.44","1421.33","0.00","0.00","12.43","Compound","14210","G:14210","Global","423.11","441.09","0.00","0.00","0.00","17.98","0.00","17.98","441.09","1","Partially Paid","75.42","0.00","75.42","06/27/2013","1862.42","0.00","0.00","0.00","0.00","4730","1","","Open","441.09","0.00","0","0.00","Electronic Transfer","0","09/28/2013","Payment","PAY","441.09","(441.09)"
"2734","1","2002.57","2087.68","1578.51","1645.60","0.00","0.00","14.05","67.09","0.00","67.09","1659.65","0.00","0.00","14.05","Compound","14211","G:14211","Global","424.06","442.08","0.00","0.00","0.00","18.02","0.00","18.02","442.08","1","Partially Paid","85.11","0.00","85.11","06/27/2013","2101.73","0.00","0.00","0.00","0.00","4151","1","","Open","442.08","0.00","0","0.00","Debit Card","0","08/28/2013","Payment","PAY","442.08","(442.08)"
"2638","1","2232.67","2327.56","1783.63","1859.44","0.00","0.00","10.56","75.81","0.00","75.81","1870.00","0.00","0.00","10.56","Compound","14212","G:14212","Global","449.04","468.12","0.00","0.00","0.00","19.08","0.00","19.08","468.12","1","Partially Paid","94.89","0.00","94.89","06/27/2013","2338.12","0.00","0.00","0.00","0.00","2639","1","","Open","25.05","0.00","0","0.00","Unknown","0","06/27/2013","Payment","PAY","25.05","(25.05)","3572","1","","Open","443.07","0.00","0","0.00","Japan Credit Bureau (JCB)","0","07/28/2013","Payment","PAY","443.07","(443.07)"
"2735","1","2464.88","2569.64","1612.92","1681.47","0.00","0.00","1.51","68.55","0.00","68.55","1682.98","0.00","0.00","1.51","Compound","14213","G:14213","Global","851.96","888.17","0.00","0.00","0.00","36.21","0.00","36.21","888.17","1","Partially Paid","104.76","0.00","104.76","06/27/2013","2571.15","0.00","0.00","0.00","0.00","2986","1","","Open","444.06","0.00","0","0.00","Discover","0","06/28/2013","Payment","PAY","444.06","(444.06)","5877","0","","Open","444.11","0.00","0","0.00","Other 2","0","11/28/2013","Payment","PAY","444.11","(444.11)"
"2581","1","237.44","247.53","0.00","0.00","0.00","0.00","350.39","0.00","0.00","0.00","350.39","0.00","0.00","350.39","Compound","14214","G:14214","Global","237.44","247.53","0.00","0.00","0.00","10.09","0.00","10.09","247.53","1","Partially Paid","10.09","0.00","10.09","06/27/2013","597.92","0.00","0.00","0.00","0.00","3040","1","","Open","6.06","0.00","0","0.00","Unknown","0","06/28/2013","Credit","CRED","6.06","(6.06)","5308","1","","Open","241.47","0.00","0","0.00","Other 1","0","10/28/2013","Payment","PAY","445.10","(445.10)"
"2802","1","450.71","469.87","22.81","23.78","0.00","0.00","4.31","0.97","0.00","0.97","28.09","0.00","0.00","4.31","Compound","14215","G:14215","Global","427.90","446.09","0.00","0.00","0.00","18.19","0.00","18.19","446.09","1","Partially Paid","19.16","0.00","19.16","06/27/2013","474.18","0.00","0.00","0.00","0.00","4731","1","","Open","446.09","0.00","0","0.00","Electronic Transfer","0","09/28/2013","Payment","PAY","446.09","(446.09)"
"2709","1","0.00","0.00","0.00","0.00","0.00","0.00","5.30","0.00","0.00","0.00","5.30","0.00","0.00","5.30","Compound","14216","G:14216","Global","0.00","0.00","0.00","0.00","0.00","0.00","0.00","0.00","0.00","1","Unpaid","0.00","0.00","0.00","06/27/2013","5.30","0.00","0.00","0.00","0.00"
"2678","1","883.60","921.15","453.80","473.08","0.00","0.00","3.00","19.28","0.00","19.28","476.08","0.00","0.00","3.00","Compound","14217","G:14217","Global","429.80","448.07","0.00","0.00","0.00","18.27","0.00","18.27","448.07","1","Partially Paid","37.55","0.00","37.55","06/27/2013","924.15","0.00","0.00","0.00","0.00","3573","1","","Open","448.07","0.00","0","0.00","Japan Credit Bureau (JCB)","0","07/28/2013","Payment","PAY","448.07","(448.07)"
"2526","1","1103.18","1150.07","648.40","675.96","0.00","0.00","3.53","27.56","0.00","27.56","679.49","0.00","0.00","3.53","Compound","14218","G:14218","Global","454.78","474.11","0.00","0.00","0.00","19.33","0.00","19.33","474.11","1","Partially Paid","46.89","0.00","46.89","06/27/2013","1153.60","0.00","0.00","0.00","0.00","2527","1","","Open","25.05","0.00","0","0.00","Unknown","0","06/27/2013","Payment","PAY","25.05","(25.05)","2987","1","","Open","449.06","0.00","0","0.00","Discover","0","06/28/2013","Payment","PAY","449.06","(449.06)"
"2793","1","0.00","0.00","0.00","0.00","0.00","0.00","8.77","0.00","0.00","0.00","8.77","0.00","0.00","8.77","Compound","14219","G:14219","Global","0.00","0.00","0.00","0.00","0.00","0.00","0.00","0.00","0.00","1","Unpaid","0.00","0.00","0.00","06/27/2013","8.77","0.00","0.00","0.00","0.00"
"2873","1","1548.67","1614.49","1115.97","1163.40","0.00","0.00","10.28","47.43","0.00","47.43","1173.68","0.00","0.00","10.28","Compound","14220","G:14220","Global","432.70","451.09","0.00","0.00","0.00","18.39","0.00","18.39","451.09","1","Partially Paid","65.82","0.00","65.82","06/27/2013","1624.77","0.00","0.00","0.00","0.00","4732","1","","Open","451.09","0.00","0","0.00","Electronic Transfer","0","09/28/2013","Payment","PAY","451.09","(451.09)"
"3413","1","0.00","0.00","0.00","0.00","0.00","0.00","0.00","0.00","0.00","0.00","0.00","0.00","0.00","26.35","Compound","14221","G:14221","Global","0.00","0.00","0.00","0.00","26.35","0.00","0.00","0.00","26.35","1","Paid in Full","0.00","0.00","0.00","07/27/2013","26.35","0.00","0.00","0.00","0.00","3414","1","","Open","0.00","0.00","0","25.06","Unknown","0","07/27/2013","Payment","PAY","25.06","(25.06)","3584","1","","Open","0.00","0.00","0","1.29","Unknown","0","07/28/2013","Credit","CRED","7.07","(7.07)"
"3267","1","0.00","0.00","0.00","0.00","0.00","0.00","0.00","0.00","0.00","0.00","0.00","0.00","0.00","25.71","Compound","14222","G:14222","Global","0.00","0.00","0.00","0.00","25.71","0.00","0.00","0.00","25.71","1","Paid in Full","0.00","0.00","0.00","07/27/2013","25.71","0.00","0.00","0.00","0.00","3268","1","","Open","0.00","0.00","0","25.06","Unknown","0","07/27/2013","Payment","PAY","25.06","(25.06)","3585","1","","Open","0.00","0.00","0","0.65","Unknown","0","07/28/2013","Credit","CRED","7.07","(7.07)"
"3476","1","0.00","0.00","0.00","0.00","0.00","0.00","0.00","0.00","0.00","0.00","0.00","0.00","0.00","15.00","Compound","14223","G:14223","Global","0.00","0.00","0.00","0.00","15.00","0.00","0.00","0.00","15.00","1","Paid in Full","0.00","0.00","0.00","07/27/2013","15.00","0.00","0.00","0.00","0.00","3477","1","","Open","0.00","0.00","0","15.00","Unknown","0","07/27/2013","Payment","PAY","15.00","(15.00)"
"3118","1","163.97","170.94","146.75","152.99","0.00","0.00","0.00","6.24","0.00","6.24","152.99","0.00","0.00","14.18","Compound","14224","G:14224","Global","17.22","17.95","0.00","0.00","14.18","0.73","0.00","0.73","32.13","1","Partially Paid","6.97","0.00","6.97","07/27/2013","185.12","50.12","0.00","0.00","0.00","3119","1","","Open","10.88","0.00","0","14.18","Unknown","0","07/27/2013","Payment","PAY","25.06","(25.06)","3587","1","","Open","7.07","0.00","0","0.00","Unknown","0","07/28/2013","Credit","CRED","7.07","(7.07)"
"3043","1","0.00","0.00","0.00","0.00","0.00","0.00","0.00","0.00","0.00","0.00","0.00","0.00","0.00","9.97","Compound","14225","G:14225","Global","0.00","0.00","0.00","0.00","9.97","0.00","0.00","0.00","9.97","1","Paid in Full","0.00","0.00","0.00","07/27/2013","9.97","0.00","0.00","0.00","0.00","3044","1","","Open","0.00","0.00","0","9.97","Unknown","0","07/27/2013","Payment","PAY","9.97","(9.97)"
"3125","1","369.60","385.31","352.46","367.44","0.00","0.00","0.00","14.98","0.00","14.98","367.44","0.00","0.00","7.19","Compound","14226","G:14226","Global","17.14","17.87","0.00","0.00","7.19","0.73","0.00","0.73","25.06","1","Partially Paid","15.71","0.00","15.71","07/27/2013","392.50","50.12","0.00","0.00","0.00","3126","1","","Open","17.87","0.00","0","7.19","Unknown","0","07/27/2013","Payment","PAY","25.06","(25.06)"
"3327","1","1640.18","1709.89","1640.18","1709.89","287.89","299.41","33.27","69.71","11.52","81.23","2042.57","287.89","299.41","33.27","Compound","14227","G:14227","Global","0.00","0.00","0.00","0.00","0.00","0.00","0.00","0.00","0.00","1","Unpaid","69.71","11.52","81.23","07/27/2013","2042.57","0.00","89.43","51.23","0.00"
"3048","1","0.00","0.00","0.00","0.00","332.91","346.23","18.85","0.00","13.32","13.32","365.08","332.91","346.23","18.85","Compound","14228","G:14228","Global","0.00","0.00","0.00","0.00","0.00","0.00","0.00","0.00","0.00","1","Unpaid","0.00","13.32","13.32","07/27/2013","365.08","0.00","88.68","0.00","0.00"
"3297","1","0.00","0.00","0.00","0.00","1381.43","1436.69","46.93","0.00","55.26","55.26","1483.62","1381.43","1436.69","46.93","Compound","14229","G:14229","Global","0.00","0.00","0.00","0.00","0.00","0.00","0.00","0.00","0.00","1","Unpaid","0.00","55.26","55.26","07/27/2013","1483.62","0.00","66.84","0.00","0.00"
"3436","1","0.00","0.00","0.00","0.00","0.00","0.00","17.85","0.00","0.00","0.00","17.85","0.00","0.00","17.85","Compound","14230","G:14230","Global","0.00","0.00","0.00","0.00","0.00","0.00","0.00","0.00","0.00","1","Unpaid","0.00","0.00","0.00","07/27/2013","17.85","0.00","0.00","0.00","0.00"
"3428","1","0.00","0.00","0.00","0.00","0.00","0.00","16.75","0.00","0.00","0.00","16.75","0.00","0.00","23.82","Compound","14231","G:14231","Global","0.00","0.00","0.00","0.00","7.07","0.00","0.00","0.00","7.07","1","Partially Paid","0.00","0.00","0.00","07/27/2013","23.82","0.00","0.00","0.00","0.00","3589","1","","Open","0.00","0.00","0","7.07","Unknown","0","07/28/2013","Credit","CRED","7.07","(7.07)"
"3201","1","0.00","0.00","0.00","0.00","0.00","0.00","1.86","0.00","0.00","0.00","1.86","0.00","0.00","26.92","Compound","14232","G:14232","Global","0.00","0.00","0.00","0.00","25.06","0.00","0.00","0.00","25.06","1","Partially Paid","0.00","0.00","0.00","07/27/2013","26.92","0.00","0.00","0.00","0.00","3202","1","","Open","0.00","0.00","0","25.06","Unknown","0","07/27/2013","Payment","PAY","25.06","(25.06)"
"3203","1","0.00","0.00","0.00","0.00","0.00","0.00","25.33","0.00","0.00","0.00","25.33","0.00","0.00","25.33","Compound","14233","G:14233","Global","0.00","0.00","0.00","0.00","0.00","0.00","0.00","0.00","0.00","1","Unpaid","0.00","0.00","0.00","07/27/2013","25.33","0.00","0.00","0.00","0.00"
"3165","1","0.00","0.00","0.00","0.00","0.00","0.00","12.98","0.00","0.00","0.00","12.98","0.00","0.00","12.98","Compound","14234","G:14234","Global","0.00","0.00","0.00","0.00","0.00","0.00","0.00","0.00","0.00","1","Unpaid","0.00","0.00","0.00","07/27/2013","12.98","0.00","0.00","0.00","0.00"
"3269","1","0.00","0.00","0.00","0.00","0.00","0.00","11.52","0.00","0.00","0.00","11.52","0.00","0.00","11.52","Compound","14235","G:14235","Global","0.00","0.00","0.00","0.00","0.00","0.00","0.00","0.00","0.00","1","Unpaid","0.00","0.00","0.00","07/27/2013","11.52","0.00","0.00","0.00","0.00"
"3166","1","0.00","0.00","0.00","0.00","0.00","0.00","6.57","0.00","0.00","0.00","6.57","0.00","0.00","6.57","Compound","14236","G:14236","Global","0.00","0.00","0.00","0.00","0.00","0.00","0.00","0.00","0.00","1","Unpaid","0.00","0.00","0.00","07/27/2013","6.57","0.00","0.00","0.00","0.00"
"3463","1","0.00","0.00","0.00","0.00","0.00","0.00","6.06","0.00","0.00","0.00","6.06","0.00","0.00","6.06","Compound","14237","G:14237","Global","0.00","0.00","0.00","0.00","0.00","0.00","0.00","0.00","0.00","1","Unpaid","0.00","0.00","0.00","07/27/2013","6.06","0.00","0.00","0.00","0.00"
"3222","1","0.00","0.00","0.00","0.00","0.00","0.00","0.00","0.00","0.00","0.00","0.00","0.00","0.00","12.75","Compound","14238","G:14238","Global","0.00","0.00","0.00","0.00","12.75","0.00","0.00","0.00","12.75","1","Paid in Full","0.00","0.00","0.00","07/27/2013","12.75","0.00","0.00","0.00","0.00","3223","1","","Open","0.00","0.00","0","12.75","Unknown","0","07/27/2013","Payment","PAY","12.75","(12.75)"
"3400","1","0.00","0.00","0.00","0.00","0.00","0.00","13.28","0.00","0.00","0.00","13.28","0.00","0.00","13.28","Compound","14239","G:14239","Global","0.00","0.00","0.00","0.00","0.00","0.00","0.00","0.00","0.00","1","Unpaid","0.00","0.00","0.00","07/27/2013","13.28","0.00","0.00","0.00","0.00"
"3204","1","0.00","0.00","0.00","0.00","0.00","0.00","8.60","0.00","0.00","0.00","8.60","0.00","0.00","15.67","Compound","14240","G:14240","Global","0.00","0.00","0.00","0.00","7.07","0.00","0.00","0.00","7.07","1","Partially Paid","0.00","0.00","0.00","07/27/2013","15.67","0.00","0.00","0.00","0.00","3590","1","","Open","0.00","0.00","0","7.07","Unknown","0","07/28/2013","Credit","CRED","7.07","(7.07)"
"3445","1","0.00","0.00","0.00","0.00","0.00","0.00","26.37","0.00","0.00","0.00","26.37","0.00","0.00","26.37","Compound","14241","G:14241","Global","0.00","0.00","0.00","0.00","0.00","0.00","0.00","0.00","0.00","1","Unpaid","0.00","0.00","0.00","07/27/2013","26.37","0.00","0.00","0.00","0.00"
"3049","1","0.00","0.00","0.00","0.00","28.94","30.10","8.22","0.00","1.16","1.16","38.32","28.94","30.10","8.22","Compound","14242","G:14242","Global","0.00","0.00","0.00","0.00","0.00","0.00","0.00","0.00","0.00","1","Unpaid","0.00","1.16","1.16","07/27/2013","38.32","0.00","0.00","0.00","0.00"
"3120","1","0.00","0.00","0.00","0.00","410.25","426.66","10.68","0.00","16.41","16.41","437.34","410.25","426.66","10.68","Compound","14243","G:14243","Global","0.00","0.00","0.00","0.00","0.00","0.00","0.00","0.00","0.00","1","Unpaid","0.00","16.41","16.41","07/27/2013","437.34","0.00","0.00","0.00","0.00"
"3270","1","0.00","0.00","0.00","0.00","1541.89","1603.57","0.00","0.00","61.68","61.68","1603.57","1545.97","1607.81","20.82","Compound","14244","G:14244","Global","0.00","0.00","4.08","4.24","20.82","0.00","0.16","0.16","25.06","1","Partially Paid","0.00","61.84","61.84","07/27/2013","1628.63","0.00","0.00","0.00","0.00","3271","1","","Open","0.00","4.24","0","20.82","Unknown","0","07/27/2013","Payment","PAY","25.06","(25.06)"
"3050","1","0.00","0.00","0.00","0.00","0.00","0.00","0.00","0.00","0.00","0.00","0.00","0.00","0.00","11.11","Compound","14245","G:14245","Global","0.00","0.00","0.00","0.00","11.11","0.00","0.00","0.00","11.11","1","Paid in Full","0.00","0.00","0.00","07/27/2013","11.11","0.00","0.00","0.00","0.00","3051","1","","Open","0.00","0.00","0","11.11","Unknown","0","07/27/2013","Payment","PAY","11.11","(11.11)"
"3354","1","0.00","0.00","0.00","0.00","2643.87","2749.62","12.01","0.00","105.75","105.75","2761.63","2643.87","2749.62","12.01","Compound","14246","G:14246","Global","0.00","0.00","0.00","0.00","0.00","0.00","0.00","0.00","0.00","1","Unpaid","0.00","105.75","105.75","07/27/2013","2761.63","0.00","0.00","0.00","0.00"
"3429","1","0.00","0.00","0.00","0.00","362.48","376.98","14.98","0.00","14.50","14.50","391.96","362.48","376.98","14.98","Compound","14247","G:14247","Global","0.00","0.00","0.00","0.00","0.00","0.00","0.00","0.00","0.00","1","Unpaid","0.00","14.50","14.50","07/27/2013","391.96","0.00","0.00","0.00","0.00"
"3486","1","0.00","0.00","0.00","0.00","767.98","798.70","9.55","0.00","30.72","30.72","808.25","767.98","798.70","9.55","Compound","14248","G:14248","Global","0.00","0.00","0.00","0.00","0.00","0.00","0.00","0.00","0.00","1","Unpaid","0.00","30.72","30.72","07/27/2013","808.25","0.00","0.00","0.00","0.00"
"3224","1","0.00","0.00","0.00","0.00","403.49","419.63","34.27","0.00","16.14","16.14","453.90","403.49","419.63","41.34","Compound","14249","G:14249","Global","0.00","0.00","0.00","0.00","7.07","0.00","0.00","0.00","7.07","1","Partially Paid","0.00","16.14","16.14","07/27/2013","460.97","0.00","0.00","0.00","0.00","3591","1","","Open","0.00","0.00","0","7.07","Unknown","0","07/28/2013","Credit","CRED","7.07","(7.07)"
"3168","1","0.00","0.00","0.00","0.00","513.16","533.68","0.00","0.00","20.52","20.52","533.68","527.62","548.72","10.02","Compound","14250","G:14250","Global","0.00","0.00","14.46","15.04","10.02","0.00","0.58","0.58","25.06","1","Partially Paid","0.00","21.10","21.10","07/27/2013","558.74","0.00","0.00","0.00","0.00","3169","1","","Open","0.00","15.04","0","10.02","Unknown","0","07/27/2013","Payment","PAY","25.06","(25.06)"
"3045","1","0.00","0.00","0.00","0.00","587.26","610.75","2.97","0.00","23.49","23.49","613.72","587.26","610.75","13.78","Compound","14251","G:14251","Global","0.00","0.00","0.00","0.00","10.81","0.00","0.00","0.00","10.81","1","Partially Paid","0.00","23.49","23.49","07/27/2013","624.53","0.00","0.00","0.00","0.00","3046","1","","Open","0.00","0.00","0","10.81","Unknown","0","07/27/2013","Payment","PAY","10.81","(10.81)"
"3298","1","0.00","0.00","0.00","0.00","0.00","0.00","21.39","0.00","0.00","0.00","21.39","0.00","0.00","21.39","Compound","14252","G:14252","Global","0.00","0.00","0.00","0.00","0.00","0.00","0.00","0.00","0.00","1","Unpaid","0.00","0.00","0.00","07/27/2013","21.39","0.00","0.00","0.00","0.00"
"3225","1","0.00","0.00","0.00","0.00","915.34","951.95","19.85","0.00","36.61","36.61","971.80","915.34","951.95","21.92","Compound","14253","G:14253","Global","0.00","0.00","0.00","0.00","2.07","0.00","0.00","0.00","2.07","1","Partially Paid","0.00","36.61","36.61","07/27/2013","973.87","0.00","0.00","0.00","0.00","3489","1","","Open","0.00","0.00","0","2.07","Unknown","0","07/28/2013","Write Off","WOFF","2.07","(2.07)"
"3052","1","0.00","0.00","0.00","0.00","50.35","52.36","17.52","0.00","2.01","2.01","69.88","50.35","52.36","17.52","Compound","14254","G:14254","Global","0.00","0.00","0.00","0.00","0.00","0.00","0.00","0.00","0.00","1","Unpaid","0.00","2.01","2.01","07/27/2013","69.88","0.00","0.00","0.00","0.00"
"3272","1","0.00","0.00","0.00","0.00","1556.18","1618.43","22.09","0.00","62.25","62.25","1640.52","1556.18","1618.43","22.09","Compound","14255","G:14255","Global","0.00","0.00","0.00","0.00","0.00","0.00","0.00","0.00","0.00","1","Unpaid","0.00","62.25","62.25","07/27/2013","1640.52","0.00","0.00","0.00","0.00"
"3380","1","0.00","0.00","0.00","0.00","0.00","0.00","0.00","0.00","0.00","0.00","0.00","0.00","0.00","17.16","Compound","14256","G:14256","Global","0.00","0.00","0.00","0.00","17.16","0.00","0.00","0.00","17.16","1","Paid in Full","0.00","0.00","0.00","07/27/2013","17.16","0.00","0.00","0.00","0.00","3381","1","","Open","0.00","0.00","0","17.16","Unknown","0","07/27/2013","Payment","PAY","17.16","(17.16)"
"3433","1","0.00","0.00","0.00","0.00","3429.10","3566.26","5.19","0.00","137.16","137.16","3571.45","3429.10","3566.26","14.87","Compound","14257","G:14257","Global","0.00","0.00","0.00","0.00","9.68","0.00","0.00","0.00","9.68","1","Partially Paid","0.00","137.16","137.16","07/27/2013","3581.13","0.00","0.00","0.00","0.00","3434","1","","Open","0.00","0.00","0","9.68","Unknown","0","07/27/2013","Payment","PAY","9.68","(9.68)"
"3266","1","0.00","0.00","0.00","0.00","198.22","206.15","1.67","0.00","7.93","7.93","207.82","198.22","206.15","8.74","Compound","14258","G:14258","Global","0.00","0.00","0.00","0.00","7.07","0.00","0.00","0.00","7.07","1","Partially Paid","0.00","7.93","7.93","07/27/2013","214.89","0.00","0.00","0.00","0.00","3592","1","","Open","0.00","0.00","0","7.07","Unknown","0","07/28/2013","Credit","CRED","7.07","(7.07)"
"3328","1","0.00","0.00","0.00","0.00","475.62","494.64","6.48","0.00","19.02","19.02","501.12","475.62","494.64","6.48","Compound","14259","G:14259","Global","0.00","0.00","0.00","0.00","0.00","0.00","0.00","0.00","0.00","1","Unpaid","0.00","19.02","19.02","07/27/2013","501.12","0.00","0.00","0.00","0.00"
"3226","1","0.00","0.00","0.00","0.00","410.24","426.65","11.89","0.00","16.41","16.41","438.54","410.24","426.65","11.89","Compound","14260","G:14260","Global","0.00","0.00","0.00","0.00","0.00","0.00","0.00","0.00","0.00","1","Unpaid","0.00","16.41","16.41","07/27/2013","438.54","0.00","0.00","0.00","0.00"
"3395","1","0.00","0.00","0.00","0.00","657.26","683.55","11.25","0.00","26.29","26.29","694.80","657.26","683.55","11.25","Compound","14261","G:14261","Global","0.00","0.00","0.00","0.00","0.00","0.00","0.00","0.00","0.00","1","Unpaid","0.00","26.29","26.29","07/27/2013","694.80","0.00","0.00","0.00","0.00"
"3446","1","0.00","0.00","0.00","0.00","426.54","443.61","0.00","0.00","17.07","17.07","443.61","436.88","454.36","14.31","Compound","14262","G:14262","Global","0.00","0.00","10.34","10.75","14.31","0.00","0.41","0.41","25.06","1","Partially Paid","0.00","17.48","17.48","07/27/2013","468.67","0.00","0.00","0.00","0.00","3447","1","","Open","0.00","10.75","0","14.31","Unknown","0","07/27/2013","Payment","PAY","25.06","(25.06)"
"3401","1","0.00","0.00","0.00","0.00","0.00","0.00","11.57","0.00","0.00","0.00","11.57","0.00","0.00","18.01","Compound","14263","G:14263","Global","0.00","0.00","0.00","0.00","6.44","0.00","0.00","0.00","6.44","1","Partially Paid","0.00","0.00","0.00","07/27/2013","18.01","0.00","0.00","0.00","0.00","3402","1","","Open","0.00","0.00","0","6.44","Unknown","0","07/27/2013","Payment","PAY","6.44","(6.44)"
"3053","1","0.00","0.00","0.00","0.00","770.69","801.52","20.41","0.00","30.83","30.83","821.93","770.69","801.52","20.41","Compound","14264","G:14264","Global","0.00","0.00","0.00","0.00","0.00","0.00","0.00","0.00","0.00","1","Unpaid","0.00","30.83","30.83","07/27/2013","821.93","0.00","0.00","0.00","0.00"
"3399","1","0.00","0.00","0.00","0.00","886.01","921.45","23.49","0.00","35.44","35.44","944.94","886.01","921.45","23.49","Compound","14265","G:14265","Global","0.00","0.00","0.00","0.00","0.00","0.00","0.00","0.00","0.00","1","Unpaid","0.00","35.44","35.44","07/27/2013","944.94","0.00","0.00","0.00","0.00"
"3227","1","0.00","0.00","0.00","0.00","0.00","0.00","21.05","0.00","0.00","0.00","21.05","0.00","0.00","21.05","Compound","14266","G:14266","Global","0.00","0.00","0.00","0.00","0.00","0.00","0.00","0.00","0.00","1","Unpaid","0.00","0.00","0.00","07/27/2013","21.05","0.00","0.00","0.00","0.00"
"3424","1","0.00","0.00","0.00","0.00","0.00","0.00","0.00","0.00","0.00","0.00","0.00","0.00","0.00","2.72","Compound","14267","G:14267","Global","0.00","0.00","0.00","0.00","2.72","0.00","0.00","0.00","2.72","1","Paid in Full","0.00","0.00","0.00","07/27/2013","2.72","0.00","0.00","0.00","0.00","3593","1","","Open","0.00","0.00","0","2.72","Unknown","0","07/28/2013","Credit","CRED","7.07","(7.07)"
"3172","1","0.00","0.00","0.00","0.00","1223.34","1272.27","0.00","0.00","48.93","48.93","1272.27","1244.10","1293.86","4.69","Compound","14268","G:14268","Global","0.00","0.00","20.76","21.59","4.69","0.00","0.83","0.83","26.28","1","Partially Paid","0.00","49.76","49.76","07/27/2013","1298.55","0.00","0.00","0.00","0.00","3007","1","","Open","0.00","0.00","0","1.22","Unknown","0","06/28/2013","Credit","CRED","6.06","(6.06)","3173","1","","Open","0.00","21.59","0","3.47","Unknown","0","07/27/2013","Payment","PAY","25.06","(25.06)"
"3295","1","0.00","0.00","0.00","0.00","102.86","106.97","0.00","0.00","4.11","4.11","106.97","121.31","126.16","2.57","Compound","14269","G:14269","Global","0.00","0.00","18.45","19.19","2.57","0.00","0.74","0.74","21.76","1","Partially Paid","0.00","4.85","4.85","07/27/2013","128.73","0.00","0.00","0.00","0.00","3296","1","","Open","0.00","19.19","0","2.57","Unknown","0","07/27/2013","Payment","PAY","21.76","(21.76)"
"3382","1","0.00","0.00","0.00","0.00","215.82","224.45","0.00","0.00","8.63","8.63","224.45","224.62","233.60","5.04","Compound","14270","G:14270","Global","0.00","0.00","8.80","9.15","5.04","0.00","0.35","0.35","14.19","1","Partially Paid","0.00","8.98","8.98","07/27/2013","238.64","0.00","0.00","0.00","0.00","3383","1","","Open","0.00","9.15","0","5.04","Unknown","0","07/27/2013","Payment","PAY","14.19","(14.19)"
"3355","1","0.00","0.00","0.00","0.00","329.95","343.15","11.19","0.00","13.20","13.20","354.34","329.95","343.15","11.19","Compound","14271","G:14271","Global","0.00","0.00","0.00","0.00","0.00","0.00","0.00","0.00","0.00","1","Unpaid","0.00","13.20","13.20","07/27/2013","354.34","0.00","0.00","0.00","0.00"
"3273","1","0.00","0.00","0.00","0.00","657.94","684.26","11.22","0.00","26.32","26.32","695.48","657.94","684.26","11.22","Compound","14272","G:14272","Global","0.00","0.00","0.00","0.00","0.00","0.00","0.00","0.00","0.00","1","Unpaid","0.00","26.32","26.32","07/27/2013","695.48","0.00","0.00","0.00","0.00"
"3403","1","0.00","0.00","0.00","0.00","437.35","454.84","11.03","0.00","17.49","17.49","465.87","437.35","454.84","14.10","Compound","14273","G:14273","Global","0.00","0.00","0.00","0.00","3.07","0.00","0.00","0.00","3.07","1","Partially Paid","0.00","17.49","17.49","07/27/2013","468.94","0.00","0.00","0.00","0.00","3490","1","","Open","0.00","0.00","0","3.07","Unknown","0","07/28/2013","Write Off","WOFF","3.07","(3.07)"
"3174","1","0.00","0.00","0.00","0.00","0.00","0.00","0.00","0.00","0.00","0.00","0.00","0.00","0.00","17.42","Compound","14274","G:14274","Global","0.00","0.00","0.00","0.00","17.42","0.00","0.00","0.00","17.42","1","Paid in Full","0.00","0.00","0.00","07/27/2013","17.42","0.00","0.00","0.00","0.00","3175","1","","Open","0.00","0.00","0","17.42","Unknown","0","07/27/2013","Payment","PAY","17.42","(17.42)"
"3228","1","0.00","0.00","0.00","0.00","771.48","802.34","17.63","0.00","30.86","30.86","819.97","771.48","802.34","20.99","Compound","14275","G:14275","Global","0.00","0.00","0.00","0.00","3.36","0.00","0.00","0.00","3.36","1","Partially Paid","0.00","30.86","30.86","07/27/2013","823.33","0.00","0.00","0.00","0.00","3229","1","","Open","0.00","0.00","0","3.36","Unknown","0","07/27/2013","Payment","PAY","3.36","(3.36)"
"3448","1","0.00","0.00","0.00","0.00","886.91","922.39","16.38","0.00","35.48","35.48","938.77","886.91","922.39","23.45","Compound","14276","G:14276","Global","0.00","0.00","0.00","0.00","7.07","0.00","0.00","0.00","7.07","1","Partially Paid","0.00","35.48","35.48","07/27/2013","945.84","0.00","0.00","0.00","0.00","3594","1","","Open","0.00","0.00","0","7.07","Unknown","0","07/28/2013","Credit","CRED","7.07","(7.07)"
"3299","1","0.00","0.00","0.00","0.00","1004.36","1044.53","20.98","0.00","40.17","40.17","1065.51","1004.36","1044.53","20.98","Compound","14277","G:14277","Global","0.00","0.00","0.00","0.00","0.00","0.00","0.00","0.00","0.00","1","Unpaid","0.00","40.17","40.17","07/27/2013","1065.51","0.00","0.00","0.00","0.00"
"3387","1","0.00","0.00","0.00","0.00","0.00","0.00","13.26","0.00","0.00","0.00","13.26","0.00","0.00","13.26","Compound","14278","G:14278","Global","0.00","0.00","0.00","0.00","0.00","0.00","0.00","0.00","0.00","1","Unpaid","0.00","0.00","0.00","07/27/2013","13.26","0.00","0.00","0.00","0.00"
"3122","1","0.00","0.00","0.00","0.00","1245.33","1295.14","5.83","0.00","49.81","49.81","1300.97","1245.33","1295.14","5.83","Compound","14279","G:14279","Global","0.00","0.00","0.00","0.00","0.00","0.00","0.00","0.00","0.00","1","Unpaid","0.00","49.81","49.81","07/27/2013","1300.97","0.00","0.00","0.00","0.00"
"3054","1","0.00","0.00","0.00","0.00","103.15","107.28","0.00","0.00","4.13","4.13","107.28","121.44","126.30","6.04","Compound","14280","G:14280","Global","0.00","0.00","18.29","19.02","6.04","0.00","0.73","0.73","25.06","1","Partially Paid","0.00","4.86","4.86","07/27/2013","132.34","0.00","0.00","0.00","0.00","3055","1","","Open","0.00","19.02","0","6.04","Unknown","0","07/27/2013","Payment","PAY","25.06","(25.06)"
"3056","1","0.00","0.00","0.00","0.00","207.98","216.30","0.00","0.00","8.32","8.32","216.30","222.22","231.11","5.04","Compound","14281","G:14281","Global","0.00","0.00","14.24","14.81","5.04","0.00","0.57","0.57","19.85","1","Partially Paid","0.00","8.89","8.89","07/27/2013","236.15","0.00","0.00","0.00","0.00","3057","1","","Open","0.00","14.81","0","5.04","Unknown","0","07/27/2013","Payment","PAY","19.85","(19.85)"
"3058","1","0.00","0.00","0.00","0.00","326.46","339.52","11.08","0.00","13.06","13.06","350.60","326.46","339.52","11.08","Compound","14282","G:14282","Global","0.00","0.00","0.00","0.00","0.00","0.00","0.00","0.00","0.00","1","Unpaid","0.00","13.06","13.06","07/27/2013","350.60","0.00","0.00","0.00","0.00"
"3435","1","0.00","0.00","0.00","0.00","651.19","677.24","10.90","0.00","26.05","26.05","688.14","651.19","677.24","10.90","Compound","14283","G:14283","Global","0.00","0.00","0.00","0.00","0.00","0.00","0.00","0.00","0.00","1","Unpaid","0.00","26.05","26.05","07/27/2013","688.14","0.00","0.00","0.00","0.00"
"3149","1","0.00","0.00","0.00","0.00","432.77","450.08","77.99","0.00","17.31","17.31","528.07","432.77","450.08","77.99","Compound","14284","G:14284","Global","0.00","0.00","0.00","0.00","0.00","0.00","0.00","0.00","0.00","1","Unpaid","0.00","17.31","17.31","07/27/2013","528.07","0.00","0.00","0.00","0.00"
"3230","1","0.00","0.00","0.00","0.00","0.00","0.00","10.82","0.00","0.00","0.00","10.82","0.00","0.00","17.89","Compound","14285","G:14285","Global","0.00","0.00","0.00","0.00","7.07","0.00","0.00","0.00","7.07","1","Partially Paid","0.00","0.00","0.00","07/27/2013","17.89","0.00","0.00","0.00","0.00","3595","1","","Open","0.00","0.00","0","7.07","Unknown","0","07/28/2013","Credit","CRED","7.07","(7.07)"
"3356","1","0.00","0.00","0.00","0.00","723.57","752.52","0.00","0.00","28.95","28.95","752.52","727.63","756.74","20.84","Compound","14286","G:14286","Global","0.00","0.00","4.06","4.22","20.84","0.00","0.16","0.16","25.06","1","Partially Paid","0.00","29.11","29.11","07/27/2013","777.58","0.00","0.00","0.00","0.00","3357","1","","Open","0.00","4.22","0","20.84","Unknown","0","07/27/2013","Payment","PAY","25.06","(25.06)"
"3177","1","0.00","0.00","0.00","0.00","836.97","870.45","22.31","0.00","33.48","33.48","892.76","836.97","870.45","23.29","Compound","14287","G:14287","Global","0.00","0.00","0.00","0.00","0.98","0.00","0.00","0.00","0.98","1","Partially Paid","0.00","33.48","33.48","07/27/2013","893.74","0.00","0.00","0.00","0.00","3178","1","","Open","0.00","0.00","0","0.98","Unknown","0","07/27/2013","Payment","PAY","0.98","(0.98)"
"3274","1","0.00","0.00","0.00","0.00","966.74","1005.41","21.25","0.00","38.67","38.67","1026.66","966.74","1005.41","21.25","Compound","14288","G:14288","Global","0.00","0.00","0.00","0.00","0.00","0.00","0.00","0.00","0.00","1","Unpaid","0.00","38.67","38.67","07/27/2013","1026.66","0.00","0.00","0.00","0.00"
"3179","1","0.00","0.00","0.00","0.00","0.00","0.00","12.82","0.00","0.00","0.00","12.82","0.00","0.00","12.82","Compound","14289","G:14289","Global","0.00","0.00","0.00","0.00","0.00","0.00","0.00","0.00","0.00","1","Unpaid","0.00","0.00","0.00","07/27/2013","12.82","0.00","0.00","0.00","0.00"
"3059","1","0.00","0.00","0.00","0.00","1165.92","1212.56","6.31","0.00","46.64","46.64","1218.87","1165.92","1212.56","6.31","Compound","14290","G:14290","Global","0.00","0.00","0.00","0.00","0.00","0.00","0.00","0.00","0.00","1","Unpaid","0.00","46.64","46.64","07/27/2013","1218.87","0.00","0.00","0.00","0.00"
"3123","1","0.00","0.00","0.00","0.00","0.00","0.00","5.82","0.00","0.00","0.00","5.82","0.00","0.00","5.82","Compound","14291","G:14291","Global","0.00","0.00","0.00","0.00","0.00","0.00","0.00","0.00","0.00","1","Unpaid","0.00","0.00","0.00","07/27/2013","5.82","0.00","0.00","0.00","0.00"
"3329","1","0.00","0.00","0.00","0.00","205.35","213.57","0.00","0.00","8.22","8.22","213.57","224.66","233.65","4.98","Compound","14292","G:14292","Global","0.00","0.00","19.31","20.08","4.98","0.00","0.77","0.77","25.06","1","Partially Paid","0.00","8.99","8.99","07/27/2013","238.63","0.00","0.00","0.00","0.00","3330","1","","Open","0.00","20.08","0","4.98","Unknown","0","07/27/2013","Payment","PAY","25.06","(25.06)"
"3466","1","0.00","0.00","0.00","0.00","324.63","337.62","0.00","0.00","12.99","12.99","337.62","336.42","349.88","6.29","Compound","14293","G:14293","Global","0.00","0.00","11.79","12.26","6.29","0.00","0.47","0.47","18.55","1","Partially Paid","0.00","13.46","13.46","07/27/2013","356.17","0.00","0.00","0.00","0.00","3467","1","","Open","0.00","12.26","0","6.29","Unknown","0","07/27/2013","Payment","PAY","18.55","(18.55)"
"3358","1","0.00","0.00","0.00","0.00","639.33","664.90","0.00","0.00","25.57","25.57","664.90","639.47","665.05","6.92","Compound","14294","G:14294","Global","0.00","0.00","0.14","0.15","6.92","0.00","0.01","0.01","7.07","1","Partially Paid","0.00","25.58","25.58","07/27/2013","671.97","0.00","0.00","0.00","0.00","3596","1","","Open","0.00","0.15","0","6.92","Unknown","0","07/28/2013","Credit","CRED","7.07","(7.07)"
"3180","1","0.00","0.00","0.00","0.00","437.43","454.93","30.19","0.00","17.50","17.50","485.12","437.43","454.93","30.19","Compound","14295","G:14295","Global","0.00","0.00","0.00","0.00","0.00","0.00","0.00","0.00","0.00","1","Unpaid","0.00","17.50","17.50","07/27/2013","485.12","0.00","0.00","0.00","0.00"
"3449","1","0.00","0.00","0.00","0.00","0.00","0.00","18.49","0.00","0.00","0.00","18.49","0.00","0.00","18.49","Compound","14296","G:14296","Global","0.00","0.00","0.00","0.00","0.00","0.00","0.00","0.00","0.00","1","Unpaid","0.00","0.00","0.00","07/27/2013","18.49","0.00","0.00","0.00","0.00"
"3468","1","0.00","0.00","0.00","0.00","735.62","765.04","21.38","0.00","29.42","29.42","786.42","735.62","765.04","21.38","Compound","14297","G:14297","Global","0.00","0.00","0.00","0.00","0.00","0.00","0.00","0.00","0.00","1","Unpaid","0.00","29.42","29.42","07/27/2013","786.42","0.00","0.00","0.00","0.00"
"3231","1","0.00","0.00","0.00","0.00","861.40","895.86","0.00","0.00","34.46","34.46","895.86","862.48","896.98","23.94","Compound","14298","G:14298","Global","0.00","0.00","1.08","1.12","23.94","0.00","0.04","0.04","25.06","1","Partially Paid","0.00","34.50","34.50","07/27/2013","920.92","0.00","0.00","0.00","0.00","3232","1","","Open","0.00","1.12","0","23.94","Unknown","0","07/27/2013","Payment","PAY","25.06","(25.06)"
"3359","1","0.00","0.00","0.00","0.00","949.35","987.32","18.47","0.00","37.97","37.97","1005.79","949.35","987.32","21.03","Compound","14299","G:14299","Global","0.00","0.00","0.00","0.00","2.56","0.00","0.00","0.00","2.56","1","Partially Paid","0.00","37.97","37.97","07/27/2013","1008.35","0.00","0.00","0.00","0.00","3360","1","","Open","0.00","0.00","0","2.56","Unknown","0","07/27/2013","Payment","PAY","2.56","(2.56)"
"3300","1","0.00","0.00","0.00","0.00","0.00","0.00","13.17","0.00","0.00","0.00","13.17","0.00","0.00","13.17","Compound","14300","G:14300","Global","0.00","0.00","0.00","0.00","0.00","0.00","0.00","0.00","0.00","1","Unpaid","0.00","0.00","0.00","07/27/2013","13.17","0.00","0.00","0.00","0.00"
"3257","1","0.00","0.00","0.00","0.00","1747.31","1817.20","8.50","0.00","69.89","69.89","1825.70","1747.31","1817.20","8.50","Compound","14301","G:14301","Global","0.00","0.00","0.00","0.00","0.00","0.00","0.00","0.00","0.00","1","Unpaid","0.00","69.89","69.89","07/27/2013","1825.70","0.00","0.00","0.00","0.00"
"3301","1","0.00","0.00","0.00","0.00","231.62","240.88","9.81","0.00","9.26","9.26","250.69","231.62","240.88","9.81","Compound","14302","G:14302","Global","0.00","0.00","0.00","0.00","0.00","0.00","0.00","0.00","0.00","1","Unpaid","0.00","9.26","9.26","07/27/2013","250.69","0.00","0.00","0.00","0.00"
"3404","1","0.00","0.00","0.00","0.00","611.67","636.14","0.95","0.00","24.47","24.47","637.09","611.67","636.14","8.02","Compound","14303","G:14303","Global","0.00","0.00","0.00","0.00","7.07","0.00","0.00","0.00","7.07","1","Partially Paid","0.00","24.47","24.47","07/27/2013","644.16","0.00","0.00","0.00","0.00","3597","1","","Open","0.00","0.00","0","7.07","Unknown","0","07/28/2013","Credit","CRED","7.07","(7.07)"
"3066","1","0.00","0.00","0.00","0.00","564.28","586.86","0.00","0.00","22.58","22.58","586.86","892.93","928.65","14.38","Compound","14304","G:14304","Global","0.00","0.00","328.65","341.79","14.38","0.00","13.14","13.14","356.17","1","Partially Paid","0.00","35.72","35.72","07/27/2013","943.03","0.00","0.00","0.00","0.00","2345","1","","Open","0.00","132.67","0","14.38","Master Card","0","05/28/2013","Payment","PAY","184.05","(184.05)","2930","1","","Open","0.00","184.06","0","0.00","Discover","0","06/28/2013","Payment","PAY","184.06","(184.06)","3067","1","","Open","0.00","25.06","0","0.00","Unknown","0","07/27/2013","Payment","PAY","25.06","(25.06)"
"3064","1","0.00","0.00","0.00","0.00","797.91","829.83","0.00","0.00","31.92","31.92","829.83","818.71","851.46","12.56","Compound","14305","G:14305","Global","0.00","0.00","20.80","21.63","12.56","0.00","0.83","0.83","34.19","1","Partially Paid","0.00","32.75","32.75","07/27/2013","864.02","0.00","0.00","0.00","0.00","2989","1","","Open","0.00","0.00","0","11.06","Unknown","0","06/28/2013","Payment","PAY","11.06","(11.06)","3065","1","","Open","0.00","21.63","0","1.50","Unknown","0","07/27/2013","Payment","PAY","23.13","(23.13)"
"3062","1","0.00","0.00","0.00","0.00","0.00","0.00","0.00","0.00","0.00","0.00","0.00","59.05","61.41","5.36","Compound","14306","G:14306","Global","0.00","0.00","59.05","61.41","5.36","0.00","2.36","2.36","66.77","1","Paid in Full","0.00","2.36","2.36","07/27/2013","66.77","0.00","0.00","0.00","0.00","3063","1","","Open","0.00","61.41","0","5.36","Unknown","0","07/27/2013","Payment","PAY","66.77","(66.77)"
"3450","1","0.00","0.00","0.00","0.00","0.00","0.00","26.26","0.00","0.00","0.00","26.26","0.00","0.00","26.26","Compound","14307","G:14307","Global","0.00","0.00","0.00","0.00","0.00","0.00","0.00","0.00","0.00","1","Unpaid","0.00","0.00","0.00","07/27/2013","26.26","0.00","0.00","0.00","0.00"
"3060","1","0.00","0.00","0.00","0.00","86.98","90.46","15.98","0.00","3.48","3.48","106.44","86.98","90.46","15.98","Compound","14308","G:14308","Global","0.00","0.00","0.00","0.00","0.00","0.00","0.00","0.00","0.00","1","Unpaid","0.00","3.48","3.48","07/27/2013","106.44","0.00","0.00","0.00","0.00"
"3405","1","0.00","0.00","0.00","0.00","2296.74","2388.61","31.68","0.00","91.87","91.87","2420.29","2296.74","2388.61","31.68","Compound","14309","G:14309","Global","0.00","0.00","0.00","0.00","0.00","0.00","0.00","0.00","0.00","1","Unpaid","0.00","91.87","91.87","07/27/2013","2420.29","0.00","0.00","0.00","0.00"
"3437","1","0.00","0.00","0.00","0.00","2842.75","2956.46","0.00","0.00","113.71","113.71","2956.46","2843.72","2957.47","24.05","Compound","14310","G:14310","Global","0.00","0.00","0.97","1.01","24.05","0.00","0.04","0.04","25.06","1","Partially Paid","0.00","113.75","113.75","07/27/2013","2981.52","0.00","0.00","0.00","0.00","3438","1","","Open","0.00","1.01","0","24.05","Unknown","0","07/27/2013","Payment","PAY","25.06","(25.06)"
"3157","1","0.00","0.00","0.00","0.00","0.00","0.00","0.47","0.00","0.00","0.00","0.47","0.00","0.00","12.55","Compound","14311","G:14311","Global","0.00","0.00","0.00","0.00","12.08","0.00","0.00","0.00","12.08","1","Partially Paid","0.00","0.00","0.00","07/27/2013","12.55","0.00","0.00","0.00","0.00","3158","1","","Open","0.00","0.00","0","12.08","Unknown","0","07/27/2013","Payment","PAY","12.08","(12.08)"
"3181","1","0.00","0.00","0.00","0.00","1041.80","1083.47","0.00","0.00","41.67","41.67","1083.47","1042.94","1084.66","5.88","Compound","14312","G:14312","Global","0.00","0.00","1.14","1.19","5.88","0.00","0.05","0.05","7.07","1","Partially Paid","0.00","41.72","41.72","07/27/2013","1090.54","0.00","0.00","0.00","0.00","3598","1","","Open","0.00","1.19","0","5.88","Unknown","0","07/28/2013","Credit","CRED","7.07","(7.07)"
"3331","1","0.00","0.00","0.00","0.00","261.76","272.23","10.88","0.00","10.47","10.47","283.11","261.76","272.23","10.88","Compound","14313","G:14313","Global","0.00","0.00","0.00","0.00","0.00","0.00","0.00","0.00","0.00","1","Unpaid","0.00","10.47","10.47","07/27/2013","283.11","0.00","0.00","0.00","0.00"
"3386","1","0.00","0.00","0.00","0.00","578.91","602.07","6.89","0.00","23.16","23.16","608.96","578.91","602.07","6.89","Compound","14314","G:14314","Global","0.00","0.00","0.00","0.00","0.00","0.00","0.00","0.00","0.00","1","Unpaid","0.00","23.16","23.16","07/27/2013","608.96","0.00","0.00","0.00","0.00"
"3469","1","0.00","0.00","0.00","0.00","1069.28","1112.05","18.14","0.00","42.77","42.77","1130.19","1069.28","1112.05","18.14","Compound","14315","G:14315","Global","0.00","0.00","0.00","0.00","0.00","0.00","0.00","0.00","0.00","1","Unpaid","0.00","42.77","42.77","07/27/2013","1130.19","0.00","0.00","0.00","0.00"
"3470","1","0.00","0.00","0.00","0.00","0.00","0.00","1.34","0.00","0.00","0.00","1.34","0.00","0.00","26.40","Compound","14316","G:14316","Global","0.00","0.00","0.00","0.00","25.06","0.00","0.00","0.00","25.06","1","Partially Paid","0.00","0.00","0.00","07/27/2013","26.40","0.00","0.00","0.00","0.00","3471","1","","Open","0.00","0.00","0","25.06","Unknown","0","07/27/2013","Payment","PAY","25.06","(25.06)"
"3439","1","0.00","0.00","0.00","0.00","1302.71","1354.82","29.26","0.00","52.11","52.11","1384.08","1302.71","1354.82","29.26","Compound","14317","G:14317","Global","0.00","0.00","0.00","0.00","0.00","0.00","0.00","0.00","0.00","1","Unpaid","0.00","52.11","52.11","07/27/2013","1384.08","0.00","0.00","0.00","0.00"
"3200","1","0.00","0.00","0.00","0.00","0.00","0.00","10.05","0.00","0.00","0.00","10.05","0.00","0.00","10.05","Compound","14318","G:14318","Global","0.00","0.00","0.00","0.00","0.00","0.00","0.00","0.00","0.00","1","Unpaid","0.00","0.00","0.00","07/27/2013","10.05","0.00","0.00","0.00","0.00"
"3150","1","0.00","0.00","0.00","0.00","490.97","510.61","117.85","0.00","19.64","19.64","628.46","490.97","510.61","117.85","Compound","14319","G:14319","Global","0.00","0.00","0.00","0.00","0.00","0.00","0.00","0.00","0.00","1","Unpaid","0.00","19.64","19.64","07/27/2013","628.46","0.00","0.00","0.00","0.00"
"3361","1","0.00","0.00","0.00","0.00","1977.84","2056.95","50.30","0.00","79.11","79.11","2107.25","1977.84","2056.95","50.30","Compound","14320","G:14320","Global","0.00","0.00","0.00","0.00","0.00","0.00","0.00","0.00","0.00","1","Unpaid","0.00","79.11","79.11","07/27/2013","2107.25","0.00","0.00","0.00","0.00"
"3265","1","0.00","0.00","0.00","0.00","1002.89","1043.01","15.09","0.00","40.12","40.12","1058.10","1002.89","1043.01","22.16","Compound","14321","G:14321","Global","0.00","0.00","0.00","0.00","7.07","0.00","0.00","0.00","7.07","1","Partially Paid","0.00","40.12","40.12","07/27/2013","1065.17","0.00","0.00","0.00","0.00","3599","1","","Open","0.00","0.00","0","7.07","Unknown","0","07/28/2013","Credit","CRED","7.07","(7.07)"
"3362","1","0.00","0.00","0.00","0.00","0.00","0.00","0.00","0.00","0.00","0.00","0.00","0.00","0.00","14.53","Compound","14322","G:14322","Global","0.00","0.00","0.00","0.00","14.53","0.00","0.00","0.00","14.53","1","Paid in Full","0.00","0.00","0.00","07/27/2013","14.53","0.00","0.00","0.00","0.00","3363","1","","Open","0.00","0.00","0","14.53","Unknown","0","07/27/2013","Payment","PAY","14.53","(14.53)"
"3461","1","0.00","0.00","0.00","0.00","1234.57","1283.95","0.00","0.00","49.38","49.38","1283.95","1243.54","1293.28","7.73","Compound","14323","G:14323","Global","0.00","0.00","8.97","9.33","7.73","0.00","0.36","0.36","17.06","1","Partially Paid","0.00","49.74","49.74","07/27/2013","1301.01","0.00","0.00","0.00","0.00","3462","1","","Open","0.00","9.33","0","7.73","Unknown","0","07/27/2013","Payment","PAY","17.06","(17.06)"
"3205","1","0.00","0.00","0.00","0.00","121.25","126.10","6.26","0.00","4.85","4.85","132.36","121.25","126.10","6.26","Compound","14324","G:14324","Global","0.00","0.00","0.00","0.00","0.00","0.00","0.00","0.00","0.00","1","Unpaid","0.00","4.85","4.85","07/27/2013","132.36","0.00","0.00","0.00","0.00"
"3303","1","0.00","0.00","0.00","0.00","224.51","233.49","4.75","0.00","8.98","8.98","238.24","224.51","233.49","4.75","Compound","14325","G:14325","Global","0.00","0.00","0.00","0.00","0.00","0.00","0.00","0.00","0.00","1","Unpaid","0.00","8.98","8.98","07/27/2013","238.24","0.00","0.00","0.00","0.00"
"3186","1","0.00","0.00","0.00","0.00","329.79","342.98","10.96","0.00","13.19","13.19","353.94","329.79","342.98","10.96","Compound","14326","G:14326","Global","0.00","0.00","0.00","0.00","0.00","0.00","0.00","0.00","0.00","1","Unpaid","0.00","13.19","13.19","07/27/2013","353.94","0.00","0.00","0.00","0.00"
"3332","1","0.00","0.00","0.00","0.00","657.63","683.94","10.99","0.00","26.31","26.31","694.93","657.63","683.94","10.99","Compound","14327","G:14327","Global","0.00","0.00","0.00","0.00","0.00","0.00","0.00","0.00","0.00","1","Unpaid","0.00","26.31","26.31","07/27/2013","694.93","0.00","0.00","0.00","0.00"
"3068","1","0.00","0.00","0.00","0.00","426.55","443.62","0.00","0.00","17.07","17.07","443.62","437.14","454.63","14.05","Compound","14328","G:14328","Global","0.00","0.00","10.59","11.01","14.05","0.00","0.42","0.42","25.06","1","Partially Paid","0.00","17.49","17.49","07/27/2013","468.68","0.00","0.00","0.00","0.00","3069","1","","Open","0.00","11.01","0","14.05","Unknown","0","07/27/2013","Payment","PAY","25.06","(25.06)"
"3464","1","0.00","0.00","0.00","0.00","0.00","0.00","10.16","0.00","0.00","0.00","10.16","0.00","0.00","16.88","Compound","14329","G:14329","Global","0.00","0.00","0.00","0.00","6.72","0.00","0.00","0.00","6.72","1","Partially Paid","0.00","0.00","0.00","07/27/2013","16.88","0.00","0.00","0.00","0.00","3465","1","","Open","0.00","0.00","0","6.72","Unknown","0","07/27/2013","Payment","PAY","6.72","(6.72)"
"3233","1","0.00","0.00","0.00","0.00","771.12","801.96","13.68","0.00","30.84","30.84","815.64","771.12","801.96","20.75","Compound","14330","G:14330","Global","0.00","0.00","0.00","0.00","7.07","0.00","0.00","0.00","7.07","1","Partially Paid","0.00","30.84","30.84","07/27/2013","822.71","0.00","0.00","0.00","0.00","3600","1","","Open","0.00","0.00","0","7.07","Unknown","0","07/28/2013","Credit","CRED","7.07","(7.07)"
"3070","1","0.00","0.00","0.00","0.00","886.50","921.96","23.19","0.00","35.46","35.46","945.15","886.50","921.96","23.19","Compound","14331","G:14331","Global","0.00","0.00","0.00","0.00","0.00","0.00","0.00","0.00","0.00","1","Unpaid","0.00","35.46","35.46","07/27/2013","945.15","0.00","0.00","0.00","0.00"
"3071","1","0.00","0.00","0.00","0.00","1003.90","1044.06","20.76","0.00","40.16","40.16","1064.82","1003.90","1044.06","20.76","Compound","14332","G:14332","Global","0.00","0.00","0.00","0.00","0.00","0.00","0.00","0.00","0.00","1","Unpaid","0.00","40.16","40.16","07/27/2013","1064.82","0.00","0.00","0.00","0.00"
"3124","1","0.00","0.00","0.00","0.00","0.00","0.00","13.04","0.00","0.00","0.00","13.04","0.00","0.00","13.04","Compound","14333","G:14333","Global","0.00","0.00","0.00","0.00","0.00","0.00","0.00","0.00","0.00","1","Unpaid","0.00","0.00","0.00","07/27/2013","13.04","0.00","0.00","0.00","0.00"
"3163","1","0.00","0.00","0.00","0.00","1225.94","1274.98","0.00","0.00","49.04","49.04","1274.98","1244.77","1294.56","5.48","Compound","14334","G:14334","Global","0.00","0.00","18.83","19.58","5.48","0.00","0.75","0.75","25.06","1","Partially Paid","0.00","49.79","49.79","07/27/2013","1300.04","0.00","0.00","0.00","0.00","3164","1","","Open","0.00","19.58","0","5.48","Unknown","0","07/27/2013","Payment","PAY","25.06","(25.06)"
"3207","1","0.00","0.00","0.00","0.00","108.59","112.94","0.00","0.00","4.35","4.35","112.94","121.38","126.24","5.78","Compound","14335","G:14335","Global","0.00","0.00","12.79","13.30","5.78","0.00","0.51","0.51","19.08","1","Partially Paid","0.00","4.86","4.86","07/27/2013","132.02","0.00","0.00","0.00","0.00","3208","1","","Open","0.00","13.30","0","5.78","Unknown","0","07/27/2013","Payment","PAY","19.08","(19.08)"
"3304","1","0.00","0.00","0.00","0.00","214.59","223.17","0.00","0.00","8.58","8.58","223.17","224.75","233.74","4.77","Compound","14336","G:14336","Global","0.00","0.00","10.16","10.57","4.77","0.00","0.41","0.41","15.34","1","Partially Paid","0.00","8.99","8.99","07/27/2013","238.51","0.00","0.00","0.00","0.00","3305","1","","Open","0.00","10.57","0","4.77","Unknown","0","07/27/2013","Payment","PAY","15.34","(15.34)"
"3072","1","0.00","0.00","0.00","0.00","330.14","343.35","9.58","0.00","13.21","13.21","352.93","330.14","343.35","9.58","Compound","14337","G:14337","Global","0.00","0.00","0.00","0.00","0.00","0.00","0.00","0.00","0.00","1","Unpaid","0.00","13.21","13.21","07/27/2013","352.93","0.00","0.00","0.00","0.00"
"3406","1","0.00","0.00","0.00","0.00","658.32","684.65","9.50","0.00","26.33","26.33","694.15","658.32","684.65","9.50","Compound","14338","G:14338","Global","0.00","0.00","0.00","0.00","0.00","0.00","0.00","0.00","0.00","1","Unpaid","0.00","26.33","26.33","07/27/2013","694.15","0.00","0.00","0.00","0.00"
"3333","1","0.00","0.00","0.00","0.00","437.60","455.10","5.92","0.00","17.50","17.50","461.02","437.60","455.10","12.99","Compound","14339","G:14339","Global","0.00","0.00","0.00","0.00","7.07","0.00","0.00","0.00","7.07","1","Partially Paid","0.00","17.50","17.50","07/27/2013","468.09","0.00","0.00","0.00","0.00","3601","1","","Open","0.00","0.00","0","7.07","Unknown","0","07/28/2013","Credit","CRED","7.07","(7.07)"
"3073","1","0.00","0.00","0.00","0.00","0.00","0.00","0.00","0.00","0.00","0.00","0.00","0.00","0.00","17.74","Compound","14340","G:14340","Global","0.00","0.00","0.00","0.00","17.74","0.00","0.00","0.00","17.74","1","Paid in Full","0.00","0.00","0.00","07/27/2013","17.74","0.00","0.00","0.00","0.00","3074","1","","Open","0.00","0.00","0","17.74","Unknown","0","07/27/2013","Payment","PAY","17.74","(17.74)"
"3130","1","0.00","0.00","0.00","0.00","0.00","0.00","16.12","0.00","0.00","0.00","16.12","0.00","0.00","20.25","Compound","14341","G:14341","Global","0.00","0.00","0.00","0.00","4.13","0.00","0.00","0.00","4.13","1","Partially Paid","0.00","0.00","0.00","07/27/2013","20.25","0.00","0.00","0.00","0.00","3131","1","","Open","0.00","0.00","0","4.13","Unknown","0","07/27/2013","Payment","PAY","4.13","(4.13)"
"3407","1","0.00","0.00","0.00","0.00","836.56","870.02","14.15","0.00","33.46","33.46","884.17","836.56","870.02","14.15","Compound","14342","G:14342","Global","0.00","0.00","0.00","0.00","0.00","0.00","0.00","0.00","0.00","1","Unpaid","0.00","33.46","33.46","07/27/2013","884.17","0.00","0.00","0.00","0.00"
"3408","1","0.00","0.00","0.00","0.00","966.28","1004.93","10.09","0.00","38.65","38.65","1015.02","966.28","1004.93","10.09","Compound","14343","G:14343","Global","0.00","0.00","0.00","0.00","0.00","0.00","0.00","0.00","0.00","1","Unpaid","0.00","38.65","38.65","07/27/2013","1015.02","0.00","0.00","0.00","0.00"
"3075","1","0.00","0.00","0.00","0.00","0.00","0.00","11.07","0.00","0.00","0.00","11.07","0.00","0.00","11.07","Compound","14344","G:14344","Global","0.00","0.00","0.00","0.00","0.00","0.00","0.00","0.00","0.00","1","Unpaid","0.00","0.00","0.00","07/27/2013","11.07","0.00","0.00","0.00","0.00"
"3209","1","0.00","0.00","0.00","0.00","1165.36","1211.97","3.75","0.00","46.61","46.61","1215.72","1165.36","1211.97","3.75","Compound","14345","G:14345","Global","0.00","0.00","0.00","0.00","0.00","0.00","0.00","0.00","0.00","1","Unpaid","0.00","46.61","46.61","07/27/2013","1215.72","0.00","0.00","0.00","0.00"
"3451","1","0.00","0.00","0.00","0.00","103.04","107.16","0.00","0.00","4.12","4.12","107.16","121.27","126.12","6.10","Compound","14346","G:14346","Global","0.00","0.00","18.23","18.96","6.10","0.00","0.73","0.73","25.06","1","Partially Paid","0.00","4.85","4.85","07/27/2013","132.22","0.00","0.00","0.00","0.00","3452","1","","Open","0.00","18.96","0","6.10","Unknown","0","07/27/2013","Payment","PAY","25.06","(25.06)"
"3076","1","0.00","0.00","0.00","0.00","210.51","218.93","0.00","0.00","8.42","8.42","218.93","224.55","233.53","5.14","Compound","14347","G:14347","Global","0.00","0.00","14.04","14.60","5.14","0.00","0.56","0.56","19.74","1","Partially Paid","0.00","8.98","8.98","07/27/2013","238.67","0.00","0.00","0.00","0.00","3077","1","","Open","0.00","14.60","0","5.14","Unknown","0","07/27/2013","Payment","PAY","19.74","(19.74)"
"3302","1","0.00","0.00","0.00","0.00","336.26","349.71","4.08","0.00","13.45","13.45","353.79","336.26","349.71","11.15","Compound","14348","G:14348","Global","0.00","0.00","0.00","0.00","7.07","0.00","0.00","0.00","7.07","1","Partially Paid","0.00","13.45","13.45","07/27/2013","360.86","0.00","0.00","0.00","0.00","3602","1","","Open","0.00","0.00","0","7.07","Unknown","0","07/28/2013","Credit","CRED","7.07","(7.07)"
"3176","1","0.00","0.00","0.00","0.00","524.67","545.66","0.00","0.00","20.99","20.99","545.66","639.16","664.73","10.93","Compound","14349","G:14349","Global","0.00","0.00","114.49","119.07","10.93","0.00","4.58","4.58","130.00","1","Partially Paid","0.00","25.57","25.57","07/27/2013","675.66","0.00","0.00","0.00","0.00","2940","1","","Open","0.00","119.07","0","10.93","Discover","0","06/28/2013","Payment","PAY","229.06","(229.06)"
"3182","1","0.00","0.00","0.00","0.00","437.22","454.71","13.30","0.00","17.49","17.49","468.01","437.22","454.71","13.30","Compound","14350","G:14350","Global","0.00","0.00","0.00","0.00","0.00","0.00","0.00","0.00","0.00","1","Unpaid","0.00","17.49","17.49","07/27/2013","468.01","0.00","0.00","0.00","0.00"
"3364","1","0.00","0.00","0.00","0.00","0.00","0.00","17.41","0.00","0.00","0.00","17.41","0.00","0.00","17.41","Compound","14351","G:14351","Global","0.00","0.00","0.00","0.00","0.00","0.00","0.00","0.00","0.00","1","Unpaid","0.00","0.00","0.00","07/27/2013","17.41","0.00","0.00","0.00","0.00"
"3127","1","0.00","0.00","0.00","0.00","730.79","760.02","0.00","0.00","29.23","29.23","760.02","735.26","764.67","20.41","Compound","14352","G:14352","Global","0.00","0.00","4.47","4.65","20.41","0.00","0.18","0.18","25.06","1","Partially Paid","0.00","29.41","29.41","07/27/2013","785.08","0.00","0.00","0.00","0.00","3128","1","","Open","0.00","4.65","0","20.41","Unknown","0","07/27/2013","Payment","PAY","25.06","(25.06)"
"3409","1","0.00","0.00","0.00","0.00","862.07","896.55","22.73","0.00","34.48","34.48","919.28","862.07","896.55","22.73","Compound","14353","G:14353","Global","0.00","0.00","0.00","0.00","0.00","0.00","0.00","0.00","0.00","1","Unpaid","0.00","34.48","34.48","07/27/2013","919.28","0.00","0.00","0.00","0.00"
"3234","1","0.00","0.00","0.00","0.00","948.89","986.85","154.68","0.00","37.96","37.96","1141.53","948.89","986.85","154.68","Compound","14354","G:14354","Global","0.00","0.00","0.00","0.00","0.00","0.00","0.00","0.00","0.00","1","Unpaid","0.00","37.96","37.96","07/27/2013","1141.53","0.00","0.00","0.00","0.00"
"3235","1","0.00","0.00","0.00","0.00","0.00","0.00","13.46","0.00","0.00","0.00","13.46","0.00","0.00","13.46","Compound","14355","G:14355","Global","0.00","0.00","0.00","0.00","0.00","0.00","0.00","0.00","0.00","1","Unpaid","0.00","0.00","0.00","07/27/2013","13.46","0.00","0.00","0.00","0.00"
"3275","1","0.00","0.00","0.00","0.00","1132.99","1178.31","6.67","0.00","45.32","45.32","1184.98","1132.99","1178.31","6.67","Compound","14356","G:14356","Global","0.00","0.00","0.00","0.00","0.00","0.00","0.00","0.00","0.00","1","Unpaid","0.00","45.32","45.32","07/27/2013","1184.98","0.00","0.00","0.00","0.00"
"3078","1","0.00","0.00","0.00","0.00","121.68","126.54","0.00","0.00","4.86","4.86","126.54","122.60","127.50","6.11","Compound","14357","G:14357","Global","0.00","0.00","0.92","0.96","6.11","0.00","0.04","0.04","7.07","1","Partially Paid","0.00","4.90","4.90","07/27/2013","133.61","0.00","0.00","0.00","0.00","3603","1","","Open","0.00","0.96","0","6.11","Unknown","0","07/28/2013","Credit","CRED","7.07","(7.07)"
"3276","1","0.00","0.00","0.00","0.00","211.79","220.27","0.00","0.00","8.48","8.48","220.27","231.40","240.66","5.28","Compound","14358","G:14358","Global","0.00","0.00","19.61","20.39","5.28","0.00","0.78","0.78","25.67","1","Partially Paid","0.00","9.26","9.26","07/27/2013","245.94","0.00","0.00","0.00","0.00","3017","1","","Open","0.00","0.00","0","0.61","Unknown","0","06/28/2013","Credit","CRED","6.06","(6.06)","3277","1","","Open","0.00","20.39","0","4.67","Unknown","0","07/27/2013","Payment","PAY","25.06","(25.06)"
"3278","1","0.00","0.00","0.00","0.00","330.21","343.42","10.30","0.00","13.21","13.21","353.72","330.21","343.42","10.30","Compound","14359","G:14359","Global","0.00","0.00","0.00","0.00","0.00","0.00","0.00","0.00","0.00","1","Unpaid","0.00","13.21","13.21","07/27/2013","353.72","0.00","0.00","0.00","0.00"
"3210","1","0.00","0.00","0.00","0.00","646.04","671.88","10.42","0.00","25.84","25.84","682.30","646.04","671.88","10.42","Compound","14360","G:14360","Global","0.00","0.00","0.00","0.00","0.00","0.00","0.00","0.00","0.00","1","Unpaid","0.00","25.84","25.84","07/27/2013","682.30","0.00","0.00","0.00","0.00"
"3279","1","0.00","0.00","0.00","0.00","735.04","764.44","18.81","0.00","29.40","29.40","783.25","735.04","764.44","18.81","Compound","14361","G:14361","Global","0.00","0.00","0.00","0.00","0.00","0.00","0.00","0.00","0.00","1","Unpaid","0.00","29.40","29.40","07/27/2013","783.25","0.00","0.00","0.00","0.00"
"3365","1","0.00","0.00","0.00","0.00","0.00","0.00","22.90","0.00","0.00","0.00","22.90","0.00","0.00","22.90","Compound","14362","G:14362","Global","0.00","0.00","0.00","0.00","0.00","0.00","0.00","0.00","0.00","1","Unpaid","0.00","0.00","0.00","07/27/2013","22.90","0.00","0.00","0.00","0.00"
"3079","1","0.00","0.00","0.00","0.00","165.82","172.45","16.26","0.00","6.63","6.63","188.71","165.82","172.45","16.26","Compound","14363","G:14363","Global","0.00","0.00","0.00","0.00","0.00","0.00","0.00","0.00","0.00","1","Unpaid","0.00","6.63","6.63","07/27/2013","188.71","0.00","0.00","0.00","0.00"
"3334","1","0.00","0.00","0.00","0.00","1812.53","1885.03","3.01","0.00","72.50","72.50","1888.04","1812.53","1885.03","28.07","Compound","14364","G:14364","Global","0.00","0.00","0.00","0.00","25.06","0.00","0.00","0.00","25.06","1","Partially Paid","0.00","72.50","72.50","07/27/2013","1913.10","0.00","0.00","0.00","0.00","3335","1","","Open","0.00","0.00","0","25.06","Unknown","0","07/27/2013","Payment","PAY","25.06","(25.06)"
"3417","1","0.00","0.00","0.00","0.00","2668.46","2775.20","23.39","0.00","106.74","106.74","2798.59","2668.46","2775.20","23.39","Compound","14365","G:14365","Global","0.00","0.00","0.00","0.00","0.00","0.00","0.00","0.00","0.00","1","Unpaid","0.00","106.74","106.74","07/27/2013","2798.59","0.00","0.00","0.00","0.00"
"3412","1","0.00","0.00","0.00","0.00","0.00","0.00","10.11","0.00","0.00","0.00","10.11","0.00","0.00","17.18","Compound","14366","G:14366","Global","0.00","0.00","0.00","0.00","7.07","0.00","0.00","0.00","7.07","1","Partially Paid","0.00","0.00","0.00","07/27/2013","17.18","0.00","0.00","0.00","0.00","3604","1","","Open","0.00","0.00","0","7.07","Unknown","0","07/28/2013","Credit","CRED","7.07","(7.07)"
"3236","1","0.00","0.00","0.00","0.00","1535.18","1596.59","6.40","0.00","61.41","61.41","1602.99","1535.18","1596.59","6.40","Compound","14367","G:14367","Global","0.00","0.00","0.00","0.00","0.00","0.00","0.00","0.00","0.00","1","Unpaid","0.00","61.41","61.41","07/27/2013","1602.99","0.00","0.00","0.00","0.00"
"3132","1","0.00","0.00","0.00","0.00","70.90","73.74","3.44","0.00","2.84","2.84","77.18","70.90","73.74","3.44","Compound","14368","G:14368","Global","0.00","0.00","0.00","0.00","0.00","0.00","0.00","0.00","0.00","1","Unpaid","0.00","2.84","2.84","07/27/2013","77.18","0.00","0.00","0.00","0.00"
"3306","1","0.00","0.00","0.00","0.00","433.60","450.94","1.64","0.00","17.34","17.34","452.58","433.60","450.94","1.64","Compound","14369","G:14369","Global","0.00","0.00","0.00","0.00","0.00","0.00","0.00","0.00","0.00","1","Unpaid","0.00","17.34","17.34","07/27/2013","452.58","0.00","0.00","0.00","0.00"
"3134","1","0.00","0.00","0.00","0.00","178.64","185.79","0.00","0.00","7.15","7.15","185.79","195.52","203.34","7.51","Compound","14370","G:14370","Global","0.00","0.00","16.88","17.55","7.51","0.00","0.67","0.67","25.06","1","Partially Paid","0.00","7.82","7.82","07/27/2013","210.85","0.00","0.00","0.00","0.00","3135","1","","Open","0.00","17.55","0","7.51","Unknown","0","07/27/2013","Payment","PAY","25.06","(25.06)"
"3237","1","0.00","0.00","0.00","0.00","856.28","890.53","12.82","0.00","34.25","34.25","903.35","856.28","890.53","12.82","Compound","14371","G:14371","Global","0.00","0.00","0.00","0.00","0.00","0.00","0.00","0.00","0.00","1","Unpaid","0.00","34.25","34.25","07/27/2013","903.35","0.00","0.00","0.00","0.00"
"3136","1","0.00","0.00","0.00","0.00","260.90","271.34","6.05","0.00","10.44","10.44","277.39","260.90","271.34","10.25","Compound","14372","G:14372","Global","0.00","0.00","0.00","0.00","4.20","0.00","0.00","0.00","4.20","1","Partially Paid","0.00","10.44","10.44","07/27/2013","281.59","0.00","0.00","0.00","0.00","3137","1","","Open","0.00","0.00","0","4.20","Unknown","0","07/27/2013","Payment","PAY","4.20","(4.20)"
"3211","1","0.00","0.00","0.00","0.00","0.00","0.00","17.81","0.00","0.00","0.00","17.81","0.00","0.00","17.81","Compound","14373","G:14373","Global","0.00","0.00","0.00","0.00","0.00","0.00","0.00","0.00","0.00","1","Unpaid","0.00","0.00","0.00","07/27/2013","17.81","0.00","0.00","0.00","0.00"
"3080","1","0.00","0.00","0.00","0.00","173.81","180.76","15.22","0.00","6.95","6.95","195.98","173.81","180.76","15.22","Compound","14374","G:14374","Global","0.00","0.00","0.00","0.00","0.00","0.00","0.00","0.00","0.00","1","Unpaid","0.00","6.95","6.95","07/27/2013","195.98","0.00","0.00","0.00","0.00"
"3423","1","0.00","0.00","0.00","0.00","2428.43","2525.57","25.90","0.00","97.14","97.14","2551.47","2428.43","2525.57","32.97","Compound","14375","G:14375","Global","0.00","0.00","0.00","0.00","7.07","0.00","0.00","0.00","7.07","1","Partially Paid","0.00","97.14","97.14","07/27/2013","2558.54","0.00","0.00","0.00","0.00","3605","1","","Open","0.00","0.00","0","7.07","Unknown","0","07/28/2013","Credit","CRED","7.07","(7.07)"
"3170","1","0.00","0.00","0.00","0.00","788.19","819.72","0.00","0.00","31.53","31.53","819.72","792.67","824.38","20.40","Compound","14376","G:14376","Global","0.00","0.00","4.48","4.66","20.40","0.00","0.18","0.18","25.06","1","Partially Paid","0.00","31.71","31.71","07/27/2013","844.78","0.00","0.00","0.00","0.00","3171","1","","Open","0.00","4.66","0","20.40","Unknown","0","07/27/2013","Payment","PAY","25.06","(25.06)"
"3289","1","0.00","0.00","0.00","0.00","0.00","0.00","14.69","0.00","0.00","0.00","14.69","0.00","0.00","14.69","Compound","14377","G:14377","Global","0.00","0.00","0.00","0.00","0.00","0.00","0.00","0.00","0.00","1","Unpaid","0.00","0.00","0.00","07/27/2013","14.69","0.00","0.00","0.00","0.00"
"3212","1","0.00","0.00","0.00","0.00","1323.62","1376.56","6.60","0.00","52.94","52.94","1383.16","1323.62","1376.56","6.60","Compound","14378","G:14378","Global","0.00","0.00","0.00","0.00","0.00","0.00","0.00","0.00","0.00","1","Unpaid","0.00","52.94","52.94","07/27/2013","1383.16","0.00","0.00","0.00","0.00"
"3116","1","0.00","0.00","0.00","0.00","56.63","58.90","1.80","0.00","2.27","2.27","60.70","56.63","58.90","1.80","Compound","14379","G:14379","Global","0.00","0.00","0.00","0.00","0.00","0.00","0.00","0.00","0.00","1","Unpaid","0.00","2.27","2.27","07/27/2013","60.70","0.00","0.00","0.00","0.00"
"3308","1","0.00","0.00","0.00","0.00","440.44","458.06","6.27","0.00","17.62","17.62","464.33","440.44","458.06","6.27","Compound","14380","G:14380","Global","0.00","0.00","0.00","0.00","0.00","0.00","0.00","0.00","0.00","1","Unpaid","0.00","17.62","17.62","07/27/2013","464.33","0.00","0.00","0.00","0.00"
"3081","1","0.00","0.00","0.00","0.00","329.63","342.82","10.72","0.00","13.19","13.19","353.54","329.63","342.82","10.72","Compound","14381","G:14381","Global","0.00","0.00","0.00","0.00","0.00","0.00","0.00","0.00","0.00","1","Unpaid","0.00","13.19","13.19","07/27/2013","353.54","0.00","0.00","0.00","0.00"
"3213","1","0.00","0.00","0.00","0.00","643.65","669.39","0.00","0.00","25.74","25.74","669.39","657.32","683.61","10.84","Compound","14382","G:14382","Global","0.00","0.00","13.67","14.22","10.84","0.00","0.55","0.55","25.06","1","Partially Paid","0.00","26.29","26.29","07/27/2013","694.45","0.00","0.00","0.00","0.00","3214","1","","Open","0.00","14.22","0","10.84","Unknown","0","07/27/2013","Payment","PAY","25.06","(25.06)"
"3322","1","0.00","0.00","0.00","0.00","436.93","454.41","2.89","0.00","17.48","17.48","457.30","436.93","454.41","13.74","Compound","14383","G:14383","Global","0.00","0.00","0.00","0.00","10.85","0.00","0.00","0.00","10.85","1","Partially Paid","0.00","17.48","17.48","07/27/2013","468.15","0.00","0.00","0.00","0.00","3323","1","","Open","0.00","0.00","0","10.85","Unknown","0","07/27/2013","Payment","PAY","10.85","(10.85)"
"3336","1","0.00","0.00","0.00","0.00","0.00","0.00","9.29","0.00","0.00","0.00","9.29","0.00","0.00","16.36","Compound","14384","G:14384","Global","0.00","0.00","0.00","0.00","7.07","0.00","0.00","0.00","7.07","1","Partially Paid","0.00","0.00","0.00","07/27/2013","16.36","0.00","0.00","0.00","0.00","3606","1","","Open","0.00","0.00","0","7.07","Unknown","0","07/28/2013","Credit","CRED","7.07","(7.07)"
"3385","1","0.00","0.00","0.00","0.00","770.76","801.59","20.46","0.00","30.83","30.83","822.05","770.76","801.59","20.46","Compound","14385","G:14385","Global","0.00","0.00","0.00","0.00","0.00","0.00","0.00","0.00","0.00","1","Unpaid","0.00","30.83","30.83","07/27/2013","822.05","0.00","0.00","0.00","0.00"
"3337","1","0.00","0.00","0.00","0.00","886.09","921.53","22.91","0.00","35.44","35.44","944.44","886.09","921.53","22.91","Compound","14386","G:14386","Global","0.00","0.00","0.00","0.00","0.00","0.00","0.00","0.00","0.00","1","Unpaid","0.00","35.44","35.44","07/27/2013","944.44","0.00","0.00","0.00","0.00"
"3366","1","0.00","0.00","0.00","0.00","1003.44","1043.58","20.49","0.00","40.14","40.14","1064.07","1003.44","1043.58","20.49","Compound","14387","G:14387","Global","0.00","0.00","0.00","0.00","0.00","0.00","0.00","0.00","0.00","1","Unpaid","0.00","40.14","40.14","07/27/2013","1064.07","0.00","0.00","0.00","0.00"
"3338","1","0.00","0.00","0.00","0.00","0.00","0.00","0.00","0.00","0.00","0.00","0.00","0.00","0.00","12.86","Compound","14388","G:14388","Global","0.00","0.00","0.00","0.00","12.86","0.00","0.00","0.00","12.86","1","Paid in Full","0.00","0.00","0.00","07/27/2013","12.86","0.00","0.00","0.00","0.00","3339","1","","Open","0.00","0.00","0","12.86","Unknown","0","07/27/2013","Payment","PAY","12.86","(12.86)"
"3473","1","0.00","0.00","0.00","0.00","1244.21","1293.98","174.91","0.00","49.77","49.77","1468.89","1244.21","1293.98","174.91","Compound","14389","G:14389","Global","0.00","0.00","0.00","0.00","0.00","0.00","0.00","0.00","0.00","1","Unpaid","0.00","49.77","49.77","07/27/2013","1468.89","0.00","0.00","0.00","0.00"
"3280","1","0.00","0.00","0.00","0.00","121.32","126.17","6.17","0.00","4.85","4.85","132.34","121.32","126.17","6.17","Compound","14390","G:14390","Global","0.00","0.00","0.00","0.00","0.00","0.00","0.00","0.00","0.00","1","Unpaid","0.00","4.85","4.85","07/27/2013","132.34","0.00","0.00","0.00","0.00"
"3367","1","0.00","0.00","0.00","0.00","0.00","0.00","5.19","0.00","0.00","0.00","5.19","0.00","0.00","5.19","Compound","14391","G:14391","Global","0.00","0.00","0.00","0.00","0.00","0.00","0.00","0.00","0.00","1","Unpaid","0.00","0.00","0.00","07/27/2013","5.19","0.00","0.00","0.00","0.00"
"3453","1","0.00","0.00","0.00","0.00","329.98","343.18","7.61","0.00","13.20","13.20","350.79","329.98","343.18","7.61","Compound","14392","G:14392","Global","0.00","0.00","0.00","0.00","0.00","0.00","0.00","0.00","0.00","1","Unpaid","0.00","13.20","13.20","07/27/2013","350.79","0.00","0.00","0.00","0.00"
"3474","1","0.00","0.00","0.00","0.00","658.01","684.33","4.34","0.00","26.32","26.32","688.67","658.01","684.33","11.41","Compound","14393","G:14393","Global","0.00","0.00","0.00","0.00","7.07","0.00","0.00","0.00","7.07","1","Partially Paid","0.00","26.32","26.32","07/27/2013","695.74","0.00","0.00","0.00","0.00","3607","1","","Open","0.00","0.00","0","7.07","Unknown","0","07/28/2013","Credit","CRED","7.07","(7.07)"
"3281","1","0.00","0.00","0.00","0.00","422.43","439.33","0.00","0.00","16.90","16.90","439.33","437.39","454.89","9.50","Compound","14394","G:14394","Global","0.00","0.00","14.96","15.56","9.50","0.00","0.60","0.60","25.06","1","Partially Paid","0.00","17.50","17.50","07/27/2013","464.39","0.00","0.00","0.00","0.00","3282","1","","Open","0.00","15.56","0","9.50","Unknown","0","07/27/2013","Payment","PAY","25.06","(25.06)"
"3368","1","0.00","0.00","0.00","0.00","0.00","0.00","17.39","0.00","0.00","0.00","17.39","0.00","0.00","17.39","Compound","14395","G:14395","Global","0.00","0.00","0.00","0.00","0.00","0.00","0.00","0.00","0.00","1","Unpaid","0.00","0.00","0.00","07/27/2013","17.39","0.00","0.00","0.00","0.00"
"3391","1","0.00","0.00","0.00","0.00","771.55","802.41","20.42","0.00","30.86","30.86","822.83","771.55","802.41","20.42","Compound","14396","G:14396","Global","0.00","0.00","0.00","0.00","0.00","0.00","0.00","0.00","0.00","1","Unpaid","0.00","30.86","30.86","07/27/2013","822.83","0.00","0.00","0.00","0.00"
"3369","1","0.00","0.00","0.00","0.00","886.99","922.47","22.87","0.00","35.48","35.48","945.34","886.99","922.47","22.87","Compound","14397","G:14397","Global","0.00","0.00","0.00","0.00","0.00","0.00","0.00","0.00","0.00","1","Unpaid","0.00","35.48","35.48","07/27/2013","945.34","0.00","0.00","0.00","0.00"
"3393","1","0.00","0.00","0.00","0.00","1004.46","1044.64","20.45","0.00","40.18","40.18","1065.09","1004.46","1044.64","20.45","Compound","14398","G:14398","Global","0.00","0.00","0.00","0.00","0.00","0.00","0.00","0.00","0.00","1","Unpaid","0.00","40.18","40.18","07/27/2013","1065.09","0.00","0.00","0.00","0.00"
"3283","1","0.00","0.00","0.00","0.00","0.00","0.00","11.57","0.00","0.00","0.00","11.57","0.00","0.00","11.57","Compound","14399","G:14399","Global","0.00","0.00","0.00","0.00","0.00","0.00","0.00","0.00","0.00","1","Unpaid","0.00","0.00","0.00","07/27/2013","11.57","0.00","0.00","0.00","0.00"
"3309","1","0.00","0.00","0.00","0.00","1227.22","1276.31","0.00","0.00","49.09","49.09","1276.31","1245.44","1295.26","6.11","Compound","14400","G:14400","Global","0.00","0.00","18.22","18.95","6.11","0.00","0.73","0.73","25.06","1","Partially Paid","0.00","49.82","49.82","07/27/2013","1301.37","0.00","0.00","0.00","0.00","3310","1","","Open","0.00","18.95","0","6.11","Unknown","0","07/27/2013","Payment","PAY","25.06","(25.06)"
"3307","1","0.00","0.00","0.00","0.00","121.21","126.06","5.35","0.00","4.85","4.85","131.41","121.21","126.06","5.35","Compound","14401","G:14401","Global","0.00","0.00","0.00","0.00","0.00","0.00","0.00","0.00","0.00","1","Unpaid","0.00","4.85","4.85","07/27/2013","131.41","0.00","0.00","0.00","0.00"
"3410","1","0.00","0.00","0.00","0.00","206.63","214.90","0.00","0.00","8.27","8.27","214.90","224.44","233.42","4.48","Compound","14402","G:14402","Global","0.00","0.00","17.81","18.52","4.48","0.00","0.71","0.71","23.00","1","Partially Paid","0.00","8.98","8.98","07/27/2013","237.90","0.00","0.00","0.00","0.00","3411","1","","Open","0.00","11.45","0","4.48","Unknown","0","07/27/2013","Payment","PAY","15.93","(15.93)","3608","1","","Open","0.00","7.07","0","0.00","Unknown","0","07/28/2013","Credit","CRED","7.07","(7.07)"
"3138","1","0.00","0.00","0.00","0.00","336.10","349.54","10.48","0.00","13.44","13.44","360.02","336.10","349.54","10.48","Compound","14403","G:14403","Global","0.00","0.00","0.00","0.00","0.00","0.00","0.00","0.00","0.00","1","Unpaid","0.00","13.44","13.44","07/27/2013","360.02","0.00","0.00","0.00","0.00"
"3340","1","0.00","0.00","0.00","0.00","638.85","664.40","9.11","0.00","25.55","25.55","673.51","638.85","664.40","9.11","Compound","14404","G:14404","Global","0.00","0.00","0.00","0.00","0.00","0.00","0.00","0.00","0.00","1","Unpaid","0.00","25.55","25.55","07/27/2013","673.51","0.00","0.00","0.00","0.00"
"3284","1","0.00","0.00","0.00","0.00","437.01","454.49","13.07","0.00","17.48","17.48","467.56","437.01","454.49","13.07","Compound","14405","G:14405","Global","0.00","0.00","0.00","0.00","0.00","0.00","0.00","0.00","0.00","1","Unpaid","0.00","17.48","17.48","07/27/2013","467.56","0.00","0.00","0.00","0.00"
"3238","1","0.00","0.00","0.00","0.00","0.00","0.00","0.00","0.00","0.00","0.00","0.00","0.00","0.00","17.29","Compound","14406","G:14406","Global","0.00","0.00","0.00","0.00","17.29","0.00","0.00","0.00","17.29","1","Paid in Full","0.00","0.00","0.00","07/27/2013","17.29","0.00","0.00","0.00","0.00","3239","1","","Open","0.00","0.00","0","17.29","Unknown","0","07/27/2013","Payment","PAY","17.29","(17.29)"
"3370","1","0.00","0.00","0.00","0.00","734.90","764.30","20.08","0.00","29.40","29.40","784.38","734.90","764.30","20.08","Compound","14407","G:14407","Global","0.00","0.00","0.00","0.00","0.00","0.00","0.00","0.00","0.00","1","Unpaid","0.00","29.40","29.40","07/27/2013","784.38","0.00","0.00","0.00","0.00"
"3240","1","0.00","0.00","0.00","0.00","861.66","896.13","22.50","0.00","34.47","34.47","918.63","861.66","896.13","22.50","Compound","14408","G:14408","Global","0.00","0.00","0.00","0.00","0.00","0.00","0.00","0.00","0.00","1","Unpaid","0.00","34.47","34.47","07/27/2013","918.63","0.00","0.00","0.00","0.00"
"3396","1","0.00","0.00","0.00","0.00","948.43","986.37","19.24","0.00","37.94","37.94","1005.61","948.43","986.37","19.24","Compound","14409","G:14409","Global","0.00","0.00","0.00","0.00","0.00","0.00","0.00","0.00","0.00","1","Unpaid","0.00","37.94","37.94","07/27/2013","1005.61","0.00","0.00","0.00","0.00"
"3183","1","0.00","0.00","0.00","0.00","0.00","0.00","12.67","0.00","0.00","0.00","12.67","0.00","0.00","12.67","Compound","14410","G:14410","Global","0.00","0.00","0.00","0.00","0.00","0.00","0.00","0.00","0.00","1","Unpaid","0.00","0.00","0.00","07/27/2013","12.67","0.00","0.00","0.00","0.00"
"3082","1","0.00","0.00","0.00","0.00","1131.28","1176.53","0.00","0.00","45.25","45.25","1176.53","1132.43","1177.73","5.87","Compound","14411","G:14411","Global","0.00","0.00","1.15","1.20","5.87","0.00","0.05","0.05","7.07","1","Partially Paid","0.00","45.30","45.30","07/27/2013","1183.60","0.00","0.00","0.00","0.00","3609","1","","Open","0.00","1.20","0","5.87","Unknown","0","07/28/2013","Credit","CRED","7.07","(7.07)"
"3184","1","0.00","0.00","0.00","0.00","103.62","107.76","0.00","0.00","4.14","4.14","107.76","122.54","127.44","5.38","Compound","14412","G:14412","Global","0.00","0.00","18.92","19.68","5.38","0.00","0.76","0.76","25.06","1","Partially Paid","0.00","4.90","4.90","07/27/2013","132.82","0.00","0.00","0.00","0.00","3185","1","","Open","0.00","19.68","0","5.38","Unknown","0","07/27/2013","Payment","PAY","25.06","(25.06)"
"3140","1","0.00","0.00","0.00","0.00","215.33","223.94","0.00","0.00","8.61","8.61","223.94","231.29","240.54","4.45","Compound","14413","G:14413","Global","0.00","0.00","15.96","16.60","4.45","0.00","0.64","0.64","21.05","1","Partially Paid","0.00","9.25","9.25","07/27/2013","244.99","0.00","0.00","0.00","0.00","3141","1","","Open","0.00","16.60","0","4.45","Unknown","0","07/27/2013","Payment","PAY","21.05","(21.05)"
"3100","1","0.00","0.00","0.00","0.00","330.05","343.25","9.26","0.00","13.20","13.20","352.51","330.05","343.25","9.26","Compound","14414","G:14414","Global","0.00","0.00","0.00","0.00","0.00","0.00","0.00","0.00","0.00","1","Unpaid","0.00","13.20","13.20","07/27/2013","352.51","0.00","0.00","0.00","0.00"
"3156","1","0.00","0.00","0.00","0.00","645.73","671.56","10.19","0.00","25.83","25.83","681.75","645.73","671.56","10.19","Compound","14415","G:14415","Global","0.00","0.00","0.00","0.00","0.00","0.00","0.00","0.00","0.00","1","Unpaid","0.00","25.83","25.83","07/27/2013","681.75","0.00","0.00","0.00","0.00"
"3326","1","0.00","0.00","0.00","0.00","0.00","0.00","13.18","0.00","0.00","0.00","13.18","0.00","0.00","13.18","Compound","14416","G:14416","Global","0.00","0.00","0.00","0.00","0.00","0.00","0.00","0.00","0.00","1","Unpaid","0.00","0.00","0.00","07/27/2013","13.18","0.00","0.00","0.00","0.00"
"3440","1","0.00","0.00","0.00","0.00","0.00","0.00","10.43","0.00","0.00","0.00","10.43","0.00","0.00","10.43","Compound","14417","G:14417","Global","0.00","0.00","0.00","0.00","0.00","0.00","0.00","0.00","0.00","1","Unpaid","0.00","0.00","0.00","07/27/2013","10.43","0.00","0.00","0.00","0.00"
"3285","1","0.00","0.00","0.00","0.00","733.20","762.53","11.19","0.00","29.33","29.33","773.72","757.30","787.59","11.19","Compound","14418","G:14418","Global","0.00","0.00","24.10","25.06","0.00","0.00","0.96","0.96","25.06","1","Partially Paid","0.00","30.29","30.29","07/27/2013","798.78","0.00","0.00","0.00","0.00","3286","1","","Open","0.00","25.06","0","0.00","Unknown","0","07/27/2013","Payment","PAY","25.06","(25.06)"
"3431","1","0.00","0.00","0.00","0.00","846.16","880.01","16.19","0.00","33.85","33.85","896.20","846.16","880.01","16.19","Compound","14419","G:14419","Global","0.00","0.00","0.00","0.00","0.00","0.00","0.00","0.00","0.00","1","Unpaid","0.00","33.85","33.85","07/27/2013","896.20","0.00","0.00","0.00","0.00"
"3133","1","0.00","0.00","0.00","0.00","951.84","989.92","19.40","0.00","38.08","38.08","1009.32","958.64","996.99","19.40","Compound","14420","G:14420","Global","0.00","0.00","6.80","7.07","0.00","0.00","0.27","0.27","7.07","1","Partially Paid","0.00","38.35","38.35","07/27/2013","1016.39","0.00","0.00","0.00","0.00","3610","1","","Open","0.00","7.07","0","0.00","Unknown","0","07/28/2013","Credit","CRED","7.07","(7.07)"
"3475","1","0.00","0.00","0.00","0.00","0.00","0.00","18.17","0.00","0.00","0.00","18.17","0.00","0.00","18.17","Compound","14421","G:14421","Global","0.00","0.00","0.00","0.00","0.00","0.00","0.00","0.00","0.00","1","Unpaid","0.00","0.00","0.00","07/27/2013","18.17","0.00","0.00","0.00","0.00"
"3241","1","0.00","0.00","0.00","0.00","1579.42","1642.60","7.35","0.00","63.18","63.18","1649.95","1579.42","1642.60","7.35","Compound","14422","G:14422","Global","0.00","0.00","0.00","0.00","0.00","0.00","0.00","0.00","0.00","1","Unpaid","0.00","63.18","63.18","07/27/2013","1649.95","0.00","0.00","0.00","0.00"
"3139","1","0.00","0.00","0.00","0.00","76.84","79.91","3.44","0.00","3.07","3.07","83.35","76.84","79.91","3.44","Compound","14423","G:14423","Global","0.00","0.00","0.00","0.00","0.00","0.00","0.00","0.00","0.00","1","Unpaid","0.00","3.07","3.07","07/27/2013","83.35","0.00","0.00","0.00","0.00"
"3187","1","0.00","0.00","0.00","0.00","191.59","199.26","208.06","0.00","7.67","7.67","407.32","215.69","224.32","208.06","Compound","14424","G:14424","Global","0.00","0.00","24.10","25.06","0.00","0.00","0.96","0.96","25.06","1","Partially Paid","0.00","8.63","8.63","07/27/2013","432.38","0.00","0.00","0.00","0.00","3188","1","","Open","0.00","25.06","0","0.00","Unknown","0","07/27/2013","Payment","PAY","25.06","(25.06)"
"3342","1","0.00","0.00","0.00","0.00","726.56","755.62","15.16","0.00","29.06","29.06","770.78","726.56","755.62","15.16","Compound","14425","G:14425","Global","0.00","0.00","0.00","0.00","0.00","0.00","0.00","0.00","0.00","1","Unpaid","0.00","29.06","29.06","07/27/2013","770.78","0.00","0.00","0.00","0.00"
"3341","1","0.00","0.00","0.00","0.00","1401.57","1457.63","19.34","0.00","56.06","56.06","1476.97","1401.57","1457.63","19.34","Compound","14426","G:14426","Global","0.00","0.00","0.00","0.00","0.00","0.00","0.00","0.00","0.00","1","Unpaid","0.00","56.06","56.06","07/27/2013","1476.97","0.00","0.00","0.00","0.00"
"3426","1","0.00","0.00","0.00","0.00","1256.09","1306.33","28.79","0.00","50.24","50.24","1335.12","1256.09","1306.33","28.79","Compound","14427","G:14427","Global","0.00","0.00","0.00","0.00","0.00","0.00","0.00","0.00","0.00","1","Unpaid","0.00","50.24","50.24","07/27/2013","1335.12","0.00","0.00","0.00","0.00"
"3371","1","0.00","0.00","0.00","0.00","0.00","0.00","23.74","0.00","0.00","0.00","23.74","0.00","0.00","23.74","Compound","14428","G:14428","Global","0.00","0.00","0.00","0.00","0.00","0.00","0.00","0.00","0.00","1","Unpaid","0.00","0.00","0.00","07/27/2013","23.74","0.00","0.00","0.00","0.00"
"3142","1","0.00","0.00","0.00","0.00","183.47","190.81","14.12","0.00","7.34","7.34","204.93","475.85","494.88","14.12","Compound","14429","G:14429","Global","0.00","0.00","292.38","304.07","0.00","0.00","11.69","11.69","304.07","1","Partially Paid","0.00","19.03","19.03","07/27/2013","509.00","0.00","0.00","0.00","0.00","2956","1","","Open","0.00","297.00","0","0.00","Discover","0","06/28/2013","Payment","PAY","309.06","(309.06)","3611","1","","Open","0.00","7.07","0","0.00","Unknown","0","07/28/2013","Credit","CRED","7.07","(7.07)"
"3144","1","0.00","0.00","0.00","0.00","1596.92","1660.80","26.36","0.00","63.88","63.88","1687.16","1632.62","1697.92","26.36","Compound","14430","G:14430","Global","0.00","0.00","35.70","37.12","0.00","0.00","1.42","1.42","37.12","1","Partially Paid","0.00","65.30","65.30","07/27/2013","1724.28","0.00","0.00","0.00","0.00","2991","1","","Open","0.00","12.06","0","0.00","Unknown","0","06/28/2013","Payment","PAY","12.06","(12.06)","3145","1","","Open","0.00","25.06","0","0.00","Unknown","0","07/27/2013","Payment","PAY","25.06","(25.06)"
"3148","1","0.00","0.00","0.00","0.00","3138.21","3263.74","23.85","0.00","125.53","125.53","3287.59","3138.21","3263.74","23.85","Compound","14431","G:14431","Global","0.00","0.00","0.00","0.00","0.00","0.00","0.00","0.00","0.00","1","Unpaid","0.00","125.53","125.53","07/27/2013","3287.59","0.00","0.00","0.00","0.00"
"3143","1","0.00","0.00","0.00","0.00","0.00","0.00","13.55","0.00","0.00","0.00","13.55","0.00","0.00","13.55","Compound","14432","G:14432","Global","0.00","0.00","0.00","0.00","0.00","0.00","0.00","0.00","0.00","1","Unpaid","0.00","0.00","0.00","07/27/2013","13.55","0.00","0.00","0.00","0.00"
"3146","1","0.00","0.00","0.00","0.00","1450.06","1508.05","7.14","0.00","57.99","57.99","1515.19","2263.86","2354.41","7.14","Compound","14433","G:14433","Global","0.00","0.00","813.80","846.36","0.00","0.00","32.56","32.56","846.36","1","Partially Paid","0.00","90.55","90.55","07/27/2013","2361.55","0.00","0.00","0.00","0.00","3147","1","","Open","0.00","668.10","0","0.00","Unknown","0","07/27/2013","Payment","PAY","668.10","(668.10)","3544","1","","Open","0.00","178.26","0","0.00","Japan Credit Bureau (JCB)","0","07/28/2013","Payment","PAY","313.07","(313.07)"
"3083","1","0.00","0.00","0.00","0.00","32.57","33.87","0.45","0.00","1.30","1.30","34.32","32.57","33.87","0.45","Compound","14434","G:14434","Global","0.00","0.00","0.00","0.00","0.00","0.00","0.00","0.00","0.00","1","Unpaid","0.00","1.30","1.30","07/27/2013","34.32","0.00","0.00","0.00","0.00"
"3242","1","0.00","0.00","0.00","0.00","312.73","325.24","4.99","0.00","12.51","12.51","330.23","312.73","325.24","4.99","Compound","14435","G:14435","Global","0.00","0.00","0.00","0.00","0.00","0.00","0.00","0.00","0.00","1","Unpaid","0.00","12.51","12.51","07/27/2013","330.23","0.00","0.00","0.00","0.00"
"3243","1","0.00","0.00","0.00","0.00","434.01","451.37","11.74","0.00","17.36","17.36","463.11","458.11","476.43","11.74","Compound","14436","G:14436","Global","0.00","0.00","24.10","25.06","0.00","0.00","0.96","0.96","25.06","1","Partially Paid","0.00","18.32","18.32","07/27/2013","488.17","0.00","0.00","0.00","0.00","3244","1","","Open","0.00","25.06","0","0.00","Unknown","0","07/27/2013","Payment","PAY","25.06","(25.06)"
"3189","1","0.00","0.00","0.00","0.00","614.85","639.44","9.93","0.00","24.59","24.59","649.37","614.85","639.44","9.93","Compound","14437","G:14437","Global","0.00","0.00","0.00","0.00","0.00","0.00","0.00","0.00","0.00","1","Unpaid","0.00","24.59","24.59","07/27/2013","649.37","0.00","0.00","0.00","0.00"
"3479","1","0.00","0.00","0.00","0.00","1434.56","1491.94","31.16","0.00","57.38","57.38","1523.10","1441.36","1499.01","31.16","Compound","14438","G:14438","Global","0.00","0.00","6.80","7.07","0.00","0.00","0.27","0.27","7.07","1","Partially Paid","0.00","57.65","57.65","07/27/2013","1530.17","0.00","0.00","0.00","0.00","3612","1","","Open","0.00","7.07","0","0.00","Unknown","0","07/28/2013","Credit","CRED","7.07","(7.07)"
"3372","1","0.00","0.00","0.00","0.00","0.00","0.00","21.54","0.00","0.00","0.00","21.54","0.00","0.00","21.54","Compound","14439","G:14439","Global","0.00","0.00","0.00","0.00","0.00","0.00","0.00","0.00","0.00","1","Unpaid","0.00","0.00","0.00","07/27/2013","21.54","0.00","0.00","0.00","0.00"
"3373","1","0.00","0.00","0.00","0.00","1815.84","1888.47","27.08","0.00","72.63","72.63","1915.55","1815.84","1888.47","27.08","Compound","14440","G:14440","Global","0.00","0.00","0.00","0.00","0.00","0.00","0.00","0.00","0.00","1","Unpaid","0.00","72.63","72.63","07/27/2013","1915.55","0.00","0.00","0.00","0.00"
"3441","1","0.00","0.00","0.00","0.00","0.00","0.00","22.48","0.00","0.00","0.00","22.48","0.00","0.00","22.48","Compound","14441","G:14441","Global","0.00","0.00","0.00","0.00","0.00","0.00","0.00","0.00","0.00","1","Unpaid","0.00","0.00","0.00","07/27/2013","22.48","0.00","0.00","0.00","0.00"
"3084","1","0.00","0.00","0.00","0.00","978.88","1018.04","10.59","0.00","39.16","39.16","1028.63","1002.98","1043.10","10.59","Compound","14442","G:14442","Global","0.00","0.00","24.10","25.06","0.00","0.00","0.96","0.96","25.06","1","Partially Paid","0.00","40.12","40.12","07/27/2013","1053.69","0.00","0.00","0.00","0.00","3085","1","","Open","0.00","25.06","0","0.00","Unknown","0","07/27/2013","Payment","PAY","25.06","(25.06)"
"3190","1","0.00","0.00","0.00","0.00","0.00","0.00","11.30","0.00","0.00","0.00","11.30","0.00","0.00","11.30","Compound","14443","G:14443","Global","0.00","0.00","0.00","0.00","0.00","0.00","0.00","0.00","0.00","1","Unpaid","0.00","0.00","0.00","07/27/2013","11.30","0.00","0.00","0.00","0.00"
"3454","1","0.00","0.00","0.00","0.00","1243.65","1293.40","3.03","0.00","49.75","49.75","1296.43","1243.65","1293.40","3.03","Compound","14444","G:14444","Global","0.00","0.00","0.00","0.00","0.00","0.00","0.00","0.00","0.00","1","Unpaid","0.00","49.75","49.75","07/27/2013","1296.43","0.00","0.00","0.00","0.00"
"3151","1","0.00","0.00","0.00","0.00","121.26","126.11","3.13","0.00","4.85","4.85","129.24","121.26","126.11","3.13","Compound","14445","G:14445","Global","0.00","0.00","0.00","0.00","0.00","0.00","0.00","0.00","0.00","1","Unpaid","0.00","4.85","4.85","07/27/2013","129.24","0.00","0.00","0.00","0.00"
"3245","1","0.00","0.00","0.00","0.00","177.35","184.44","4.25","0.00","7.09","7.09","188.69","224.53","233.51","4.25","Compound","14446","G:14446","Global","0.00","0.00","47.18","49.07","0.00","0.00","1.89","1.89","49.07","1","Partially Paid","0.00","8.98","8.98","07/27/2013","237.76","0.00","0.00","0.00","0.00","3493","1","","Open","0.00","49.07","0","0.00","Unknown","0","07/28/2013","Discount","DISC","49.07","(49.07)"
"3086","1","0.00","0.00","0.00","0.00","323.02","335.94","10.43","0.00","12.92","12.92","346.37","329.82","343.01","10.43","Compound","14447","G:14447","Global","0.00","0.00","6.80","7.07","0.00","0.00","0.27","0.27","7.07","1","Partially Paid","0.00","13.19","13.19","07/27/2013","353.44","0.00","0.00","0.00","0.00","3613","1","","Open","0.00","7.07","0","0.00","Unknown","0","07/28/2013","Credit","CRED","7.07","(7.07)"
"3262","1","0.00","0.00","0.00","0.00","633.60","658.95","10.52","0.00","25.35","25.35","669.47","657.70","684.01","10.52","Compound","14448","G:14448","Global","0.00","0.00","24.10","25.06","0.00","0.00","0.96","0.96","25.06","1","Partially Paid","0.00","26.31","26.31","07/27/2013","694.53","0.00","0.00","0.00","0.00","3263","1","","Open","0.00","25.06","0","0.00","Unknown","0","07/27/2013","Payment","PAY","25.06","(25.06)"
"3345","1","0.00","0.00","0.00","0.00","565.69","588.32","15.84","0.00","22.63","22.63","604.16","572.69","595.60","15.84","Compound","14449","G:14449","Global","0.00","0.00","7.00","7.28","0.00","0.00","0.28","0.28","7.28","1","Partially Paid","0.00","22.91","22.91","07/27/2013","611.44","0.00","0.00","0.00","0.00","3346","1","","Open","0.00","7.28","0","0.00","Unknown","0","07/27/2013","Payment","PAY","7.28","(7.28)"
"3047","1","0.00","0.00","0.00","0.00","0.00","0.00","17.16","0.00","0.00","0.00","17.16","0.00","0.00","17.16","Compound","14450","G:14450","Global","0.00","0.00","0.00","0.00","0.00","0.00","0.00","0.00","0.00","1","Unpaid","0.00","0.00","0.00","07/27/2013","17.16","0.00","0.00","0.00","0.00"
"3415","1","0.00","0.00","0.00","0.00","771.19","802.04","20.17","0.00","30.85","30.85","822.21","771.19","802.04","20.17","Compound","14451","G:14451","Global","0.00","0.00","0.00","0.00","0.00","0.00","0.00","0.00","0.00","1","Unpaid","0.00","30.85","30.85","07/27/2013","822.21","0.00","0.00","0.00","0.00"
"3215","1","0.00","0.00","0.00","0.00","886.58","922.04","22.64","0.00","35.46","35.46","944.68","886.58","922.04","22.64","Compound","14452","G:14452","Global","0.00","0.00","0.00","0.00","0.00","0.00","0.00","0.00","0.00","1","Unpaid","0.00","35.46","35.46","07/27/2013","944.68","0.00","0.00","0.00","0.00"
"3129","1","0.00","0.00","0.00","0.00","1004.00","1044.16","20.22","0.00","40.16","40.16","1064.38","1004.00","1044.16","20.22","Compound","14453","G:14453","Global","0.00","0.00","0.00","0.00","0.00","0.00","0.00","0.00","0.00","1","Unpaid","0.00","40.16","40.16","07/27/2013","1064.38","0.00","0.00","0.00","0.00"
"3191","1","0.00","0.00","0.00","0.00","0.00","0.00","0.00","0.00","0.00","0.00","0.00","0.00","0.00","11.22","Compound","14454","G:14454","Global","0.00","0.00","0.00","0.00","11.22","0.00","0.00","0.00","11.22","1","Paid in Full","0.00","0.00","0.00","07/27/2013","11.22","0.00","0.00","0.00","0.00","3192","1","","Open","0.00","0.00","0","11.22","Unknown","0","07/27/2013","Payment","PAY","11.22","(11.22)"
"3167","1","0.00","0.00","0.00","0.00","1244.88","1294.68","5.76","0.00","49.80","49.80","1300.44","1244.88","1294.68","5.76","Compound","14455","G:14455","Global","0.00","0.00","0.00","0.00","0.00","0.00","0.00","0.00","0.00","1","Unpaid","0.00","49.80","49.80","07/27/2013","1300.44","0.00","0.00","0.00","0.00"
"3117","1","0.00","0.00","0.00","0.00","114.59","119.18","5.18","0.00","4.59","4.59","124.36","121.39","126.25","5.18","Compound","14456","G:14456","Global","0.00","0.00","6.80","7.07","0.00","0.00","0.27","0.27","7.07","1","Partially Paid","0.00","4.86","4.86","07/27/2013","131.43","0.00","0.00","0.00","0.00","3614","1","","Open","0.00","7.07","0","0.00","Unknown","0","07/28/2013","Credit","CRED","7.07","(7.07)"
"3087","1","0.00","0.00","0.00","0.00","223.09","232.01","4.17","0.00","8.92","8.92","236.18","224.77","233.76","4.17","Compound","14457","G:14457","Global","0.00","0.00","1.68","1.75","0.00","0.00","0.07","0.07","1.75","1","Partially Paid","0.00","8.99","8.99","07/27/2013","237.93","0.00","0.00","0.00","0.00","3028","1","","Open","0.00","1.75","0","0.00","Unknown","0","06/28/2013","Credit","CRED","6.06","(6.06)"
"3478","1","0.00","0.00","0.00","0.00","330.18","343.39","10.35","0.00","13.21","13.21","353.74","330.18","343.39","10.35","Compound","14458","G:14458","Global","0.00","0.00","0.00","0.00","0.00","0.00","0.00","0.00","0.00","1","Unpaid","0.00","13.21","13.21","07/27/2013","353.74","0.00","0.00","0.00","0.00"
"3416","1","0.00","0.00","0.00","0.00","658.38","684.72","248.98","0.00","26.34","26.34","933.70","658.38","684.72","248.98","Compound","14459","G:14459","Global","0.00","0.00","0.00","0.00","0.00","0.00","0.00","0.00","0.00","1","Unpaid","0.00","26.34","26.34","07/27/2013","933.70","0.00","0.00","0.00","0.00"
"3418","1","0.00","0.00","0.00","0.00","413.54","430.09","14.44","0.00","16.55","16.55","444.53","437.64","455.15","14.44","Compound","14460","G:14460","Global","0.00","0.00","24.10","25.06","0.00","0.00","0.96","0.96","25.06","1","Partially Paid","0.00","17.51","17.51","07/27/2013","469.59","0.00","0.00","0.00","0.00","3419","1","","Open","0.00","25.06","0","0.00","Unknown","0","07/27/2013","Payment","PAY","25.06","(25.06)"
"3246","1","0.00","0.00","0.00","0.00","0.00","0.00","17.93","0.00","0.00","0.00","17.93","0.00","0.00","17.93","Compound","14461","G:14461","Global","0.00","0.00","0.00","0.00","0.00","0.00","0.00","0.00","0.00","1","Unpaid","0.00","0.00","0.00","07/27/2013","17.93","0.00","0.00","0.00","0.00"
"3455","1","0.00","0.00","0.00","0.00","734.54","763.92","20.80","0.00","29.38","29.38","784.72","734.54","763.92","20.80","Compound","14462","G:14462","Global","0.00","0.00","0.00","0.00","0.00","0.00","0.00","0.00","0.00","1","Unpaid","0.00","29.38","29.38","07/27/2013","784.72","0.00","0.00","0.00","0.00"
"3392","1","0.00","0.00","0.00","0.00","861.25","895.70","23.25","0.00","34.45","34.45","918.95","861.25","895.70","23.25","Compound","14463","G:14463","Global","0.00","0.00","0.00","0.00","0.00","0.00","0.00","0.00","0.00","1","Unpaid","0.00","34.45","34.45","07/27/2013","918.95","0.00","0.00","0.00","0.00"
"3420","1","0.00","0.00","0.00","0.00","947.97","985.89","19.76","0.00","37.92","37.92","1005.65","947.97","985.89","19.76","Compound","14464","G:14464","Global","0.00","0.00","0.00","0.00","0.00","0.00","0.00","0.00","0.00","1","Unpaid","0.00","37.92","37.92","07/27/2013","1005.65","0.00","0.00","0.00","0.00"
"3480","1","0.00","0.00","0.00","0.00","0.00","0.00","5.36","0.00","0.00","0.00","5.36","0.00","0.00","12.43","Compound","14465","G:14465","Global","0.00","0.00","0.00","0.00","7.07","0.00","0.00","0.00","7.07","1","Partially Paid","0.00","0.00","0.00","07/27/2013","12.43","0.00","0.00","0.00","0.00","3615","1","","Open","0.00","0.00","0","7.07","Unknown","0","07/28/2013","Credit","CRED","7.07","(7.07)"
"3311","1","0.00","0.00","0.00","0.00","0.00","0.00","0.00","0.00","0.00","0.00","0.00","0.00","0.00","5.70","Compound","14466","G:14466","Global","0.00","0.00","0.00","0.00","5.70","0.00","0.00","0.00","5.70","1","Paid in Full","0.00","0.00","0.00","07/27/2013","5.70","0.00","0.00","0.00","0.00","3312","1","","Open","0.00","0.00","0","5.70","Unknown","0","07/27/2013","Payment","PAY","5.70","(5.70)"
"3481","1","0.00","0.00","0.00","0.00","0.00","0.00","3.21","0.00","0.00","0.00","3.21","122.48","127.38","3.21","Compound","14467","G:14467","Global","0.00","0.00","122.48","127.38","0.00","0.00","4.90","4.90","127.38","1","Partially Paid","0.00","4.90","4.90","07/27/2013","130.59","0.00","0.00","0.00","0.00","3482","1","","Open","0.00","23.57","0","0.00","Unknown","0","07/27/2013","Payment","PAY","23.57","(23.57)","4131","1","","Open","0.00","103.81","0","0.00","Debit Card","0","08/28/2013","Payment","PAY","347.08","(347.08)"
"3388","1","0.00","0.00","0.00","0.00","(0.01)","0.00","0.00","0.00","0.01","0.01","0.00","231.18","240.43","0.44","Compound","14468","G:14468","Global","0.00","0.00","231.19","240.43","0.44","0.00","9.24","9.24","240.87","1","Paid in Full","0.00","9.25","9.25","07/27/2013","240.87","0.00","0.00","0.00","0.00","1858","1","","Open","0.00","2.70","0","0.00","Unknown","0","04/28/2013","Credit","CRED","4.04","(4.04)","3389","1","","Open","0.00","25.04","0","0.00","Unknown","0","07/27/2013","Payment","PAY","25.04","(25.04)","3551","1","","Open","0.00","212.69","0","0.44","Japan Credit Bureau (JCB)","0","07/28/2013","Payment","PAY","348.07","(348.07)"
"3152","1","0.00","0.00","0.00","0.00","329.89","343.09","8.78","0.00","13.20","13.20","351.87","329.89","343.09","8.78","Compound","14469","G:14469","Global","0.00","0.00","0.00","0.00","0.00","0.00","0.00","0.00","0.00","1","Unpaid","0.00","13.20","13.20","07/27/2013","351.87","0.00","0.00","0.00","0.00"
"3483","1","0.00","0.00","0.00","0.00","645.42","671.24","6.35","0.00","25.82","25.82","677.59","645.42","671.24","6.35","Compound","14470","G:14470","Global","0.00","0.00","0.00","0.00","0.00","0.00","0.00","0.00","0.00","1","Unpaid","0.00","25.82","25.82","07/27/2013","677.59","0.00","0.00","0.00","0.00"
"3421","1","0.00","0.00","0.00","0.00","424.66","441.65","12.91","0.00","16.99","16.99","454.56","424.66","441.65","12.91","Compound","14471","G:14471","Global","0.00","0.00","0.00","0.00","0.00","0.00","0.00","0.00","0.00","1","Unpaid","0.00","16.99","16.99","07/27/2013","454.56","0.00","0.00","0.00","0.00"
"3347","1","0.00","0.00","0.00","0.00","0.00","0.00","0.00","0.00","0.00","0.00","0.00","0.00","0.00","16.91","Compound","14472","G:14472","Global","0.00","0.00","0.00","0.00","16.91","0.00","0.00","0.00","16.91","1","Paid in Full","0.00","0.00","0.00","07/27/2013","16.91","0.00","0.00","0.00","0.00","3348","1","","Open","0.00","0.00","0","16.91","Unknown","0","07/27/2013","Payment","PAY","16.91","(16.91)"
"3193","1","0.00","0.00","0.00","0.00","756.94","787.22","19.66","0.00","30.28","30.28","806.88","756.94","787.22","19.66","Compound","14473","G:14473","Global","0.00","0.00","0.00","0.00","0.00","0.00","0.00","0.00","0.00","1","Unpaid","0.00","30.28","30.28","07/27/2013","806.88","0.00","0.00","0.00","0.00"
"3349","1","0.00","0.00","0.00","0.00","838.95","872.51","20.60","0.00","33.56","33.56","893.11","845.75","879.58","20.60","Compound","14474","G:14474","Global","0.00","0.00","6.80","7.07","0.00","0.00","0.27","0.27","7.07","1","Partially Paid","0.00","33.83","33.83","07/27/2013","900.18","0.00","0.00","0.00","0.00","3616","1","","Open","0.00","7.07","0","0.00","Unknown","0","07/28/2013","Credit","CRED","7.07","(7.07)"
"3194","1","0.00","0.00","0.00","0.00","958.18","996.51","20.07","0.00","38.33","38.33","1016.58","958.18","996.51","20.07","Compound","14475","G:14475","Global","0.00","0.00","0.00","0.00","0.00","0.00","0.00","0.00","0.00","1","Unpaid","0.00","38.33","38.33","07/27/2013","1016.58","0.00","0.00","0.00","0.00"
"3088","1","0.00","0.00","0.00","0.00","0.00","0.00","12.40","0.00","0.00","0.00","12.40","0.00","0.00","12.40","Compound","14476","G:14476","Global","0.00","0.00","0.00","0.00","0.00","0.00","0.00","0.00","0.00","1","Unpaid","0.00","0.00","0.00","07/27/2013","12.40","0.00","0.00","0.00","0.00"
"3247","1","0.00","0.00","0.00","0.00","1144.30","1190.07","5.61","0.00","45.77","45.77","1195.68","1144.30","1190.07","5.61","Compound","14477","G:14477","Global","0.00","0.00","0.00","0.00","0.00","0.00","0.00","0.00","0.00","1","Unpaid","0.00","45.77","45.77","07/27/2013","1195.68","0.00","0.00","0.00","0.00"
"3350","1","0.00","0.00","0.00","0.00","102.12","106.21","5.10","0.00","4.09","4.09","111.31","126.22","131.27","5.10","Compound","14478","G:14478","Global","0.00","0.00","24.10","25.06","0.00","0.00","0.96","0.96","25.06","1","Partially Paid","0.00","5.05","5.05","07/27/2013","136.37","0.00","0.00","0.00","0.00","3351","1","","Open","0.00","25.06","0","0.00","Unknown","0","07/27/2013","Payment","PAY","25.06","(25.06)"
"3343","1","0.00","0.00","0.00","0.00","207.03","215.31","2.65","0.00","8.28","8.28","217.96","227.02","236.10","2.65","Compound","14479","G:14479","Global","0.00","0.00","19.99","20.79","0.00","0.00","0.80","0.80","20.79","1","Partially Paid","0.00","9.08","9.08","07/27/2013","238.75","0.00","0.00","0.00","0.00","3344","1","","Open","0.00","20.79","0","0.00","Unknown","0","07/27/2013","Payment","PAY","20.79","(20.79)"
"3153","1","0.00","0.00","0.00","0.00","333.44","346.78","10.10","0.00","13.34","13.34","356.88","333.44","346.78","10.10","Compound","14480","G:14480","Global","0.00","0.00","0.00","0.00","0.00","0.00","0.00","0.00","0.00","1","Unpaid","0.00","13.34","13.34","07/27/2013","356.88","0.00","0.00","0.00","0.00"
"3442","1","0.00","0.00","0.00","0.00","0.00","0.00","24.03","0.00","0.00","0.00","24.03","0.00","0.00","24.03","Compound","14481","G:14481","Global","0.00","0.00","0.00","0.00","0.00","0.00","0.00","0.00","0.00","1","Unpaid","0.00","0.00","0.00","07/27/2013","24.03","0.00","0.00","0.00","0.00"
"3324","1","0.00","0.00","0.00","0.00","180.69","187.92","25.91","0.00","7.23","7.23","213.83","180.69","187.92","25.91","Compound","14482","G:14482","Global","0.00","0.00","0.00","0.00","0.00","0.00","0.00","0.00","0.00","1","Unpaid","0.00","7.23","7.23","07/27/2013","213.83","0.00","0.00","0.00","0.00"
"3154","1","0.00","0.00","0.00","0.00","0.00","0.00","8.45","0.00","0.00","0.00","8.45","0.00","0.00","15.52","Compound","14483","G:14483","Global","0.00","0.00","0.00","0.00","7.07","0.00","0.00","0.00","7.07","1","Partially Paid","0.00","0.00","0.00","07/27/2013","15.52","0.00","0.00","0.00","0.00","3617","1","","Open","0.00","0.00","0","7.07","Unknown","0","07/28/2013","Credit","CRED","7.07","(7.07)"
"3374","1","0.00","0.00","0.00","0.00","0.00","0.00","0.43","0.00","0.00","0.00","0.43","0.00","0.00","25.49","Compound","14484","G:14484","Global","0.00","0.00","0.00","0.00","25.06","0.00","0.00","0.00","25.06","1","Partially Paid","0.00","0.00","0.00","07/27/2013","25.49","0.00","0.00","0.00","0.00","3375","1","","Open","0.00","0.00","0","25.06","Unknown","0","07/27/2013","Payment","PAY","25.06","(25.06)"
"3484","1","0.00","0.00","0.00","0.00","0.00","0.00","35.19","0.00","0.00","0.00","35.19","0.00","0.00","35.19","Compound","14485","G:14485","Global","0.00","0.00","0.00","0.00","0.00","0.00","0.00","0.00","0.00","1","Unpaid","0.00","0.00","0.00","07/27/2013","35.19","0.00","0.00","0.00","0.00"
"3376","1","0.00","0.00","0.00","0.00","0.00","0.00","22.28","0.00","0.00","0.00","22.28","0.00","0.00","22.28","Compound","14486","G:14486","Global","0.00","0.00","0.00","0.00","0.00","0.00","0.00","0.00","0.00","1","Unpaid","0.00","0.00","0.00","07/27/2013","22.28","0.00","0.00","0.00","0.00"
"3155","1","0.00","0.00","0.00","0.00","0.00","0.00","11.65","0.00","0.00","0.00","11.65","0.00","0.00","11.65","Compound","14487","G:14487","Global","0.00","0.00","0.00","0.00","0.00","0.00","0.00","0.00","0.00","1","Unpaid","0.00","0.00","0.00","07/27/2013","11.65","0.00","0.00","0.00","0.00"
"3195","1","0.00","0.00","0.00","0.00","0.00","0.00","5.55","0.00","0.00","0.00","5.55","0.00","0.00","5.55","Compound","14488","G:14488","Global","0.00","0.00","0.00","0.00","0.00","0.00","0.00","0.00","0.00","1","Unpaid","0.00","0.00","0.00","07/27/2013","5.55","0.00","0.00","0.00","0.00"
"3287","1","0.00","0.00","0.00","0.00","0.00","0.00","6.93","0.00","0.00","0.00","6.93","0.00","0.00","6.93","Compound","14489","G:14489","Global","0.00","0.00","0.00","0.00","0.00","0.00","0.00","0.00","0.00","1","Unpaid","0.00","0.00","0.00","07/27/2013","6.93","0.00","0.00","0.00","0.00"
"3216","1","0.00","0.00","0.00","0.00","0.00","0.00","0.00","0.00","0.00","0.00","0.00","0.00","0.00","4.48","Compound","14490","G:14490","Global","0.00","0.00","0.00","0.00","4.48","0.00","0.00","0.00","4.48","1","Paid in Full","0.00","0.00","0.00","07/27/2013","4.48","0.00","0.00","0.00","0.00","3217","1","","Open","0.00","0.00","0","4.48","Unknown","0","07/27/2013","Payment","PAY","4.48","(4.48)"
"3248","1","0.00","0.00","0.00","0.00","0.00","0.00","11.52","0.00","0.00","0.00","11.52","0.00","0.00","11.52","Compound","14491","G:14491","Global","0.00","0.00","0.00","0.00","0.00","0.00","0.00","0.00","0.00","1","Unpaid","0.00","0.00","0.00","07/27/2013","11.52","0.00","0.00","0.00","0.00"
"3089","1","0.00","0.00","0.00","0.00","0.00","0.00","0.00","0.00","0.00","0.00","0.00","0.00","0.00","0.59","Compound","14492","G:14492","Global","0.00","0.00","0.00","0.00","0.59","0.00","0.00","0.00","0.59","1","Paid in Full","0.00","0.00","0.00","07/27/2013","0.59","0.00","0.00","0.00","0.00","3090","1","","Open","0.00","0.00","0","0.59","Unknown","0","07/27/2013","Payment","PAY","0.59","(0.59)"
"3472","1","0.00","0.00","0.00","0.00","0.00","0.00","23.68","0.00","0.00","0.00","23.68","0.00","0.00","23.68","Compound","14493","G:14493","Global","0.00","0.00","0.00","0.00","0.00","0.00","0.00","0.00","0.00","1","Unpaid","0.00","0.00","0.00","07/27/2013","23.68","0.00","0.00","0.00","0.00"
"3384","1","0.00","0.00","0.00","0.00","0.00","0.00","286.06","0.00","0.00","0.00","286.06","0.00","0.00","286.06","Compound","14494","G:14494","Global","0.00","0.00","0.00","0.00","0.00","0.00","0.00","0.00","0.00","1","Unpaid","0.00","0.00","0.00","07/27/2013","286.06","0.00","0.00","0.00","0.00"
"3093","1","0.00","0.00","0.00","0.00","0.00","0.00","15.69","0.00","0.00","0.00","15.69","0.00","0.00","15.69","Compound","14495","G:14495","Global","0.00","0.00","0.00","0.00","0.00","0.00","0.00","0.00","0.00","1","Unpaid","0.00","0.00","0.00","07/27/2013","15.69","0.00","0.00","0.00","0.00"
"3091","1","0.00","0.00","0.00","0.00","0.00","0.00","0.00","0.00","0.00","0.00","0.00","0.00","0.00","19.34","Compound","14496","G:14496","Global","0.00","0.00","0.00","0.00","19.34","0.00","0.00","0.00","19.34","1","Paid in Full","0.00","0.00","0.00","07/27/2013","19.34","0.00","0.00","0.00","0.00","3092","1","","Open","0.00","0.00","0","19.34","Unknown","0","07/27/2013","Payment","PAY","19.34","(19.34)"
"3288","1","0.00","0.00","0.00","0.00","0.00","0.00","22.33","0.00","0.00","0.00","22.33","0.00","0.00","22.33","Compound","14497","G:14497","Global","0.00","0.00","0.00","0.00","0.00","0.00","0.00","0.00","0.00","1","Unpaid","0.00","0.00","0.00","07/27/2013","22.33","0.00","0.00","0.00","0.00"
"3249","1","0.00","0.00","0.00","0.00","0.00","0.00","14.55","0.00","0.00","0.00","14.55","0.00","0.00","14.55","Compound","14498","G:14498","Global","0.00","0.00","0.00","0.00","0.00","0.00","0.00","0.00","0.00","1","Unpaid","0.00","0.00","0.00","07/27/2013","14.55","0.00","0.00","0.00","0.00"
"3094","1","0.00","0.00","0.00","0.00","0.00","0.00","2.32","0.00","0.00","0.00","2.32","0.00","0.00","2.32","Compound","14499","G:14499","Global","0.00","0.00","0.00","0.00","0.00","0.00","0.00","0.00","0.00","1","Unpaid","0.00","0.00","0.00","07/27/2013","2.32","0.00","0.00","0.00","0.00"
"3250","1","0.00","0.00","0.00","0.00","0.00","0.00","7.03","0.00","0.00","0.00","7.03","0.00","0.00","7.03","Compound","14500","G:14500","Global","0.00","0.00","0.00","0.00","0.00","0.00","0.00","0.00","0.00","1","Unpaid","0.00","0.00","0.00","07/27/2013","7.03","0.00","0.00","0.00","0.00"
"3115","1","0.00","0.00","0.00","0.00","0.00","0.00","0.00","0.00","0.00","0.00","0.00","0.00","0.00","4.01","Compound","14501","G:14501","Global","0.00","0.00","0.00","0.00","4.01","0.00","0.00","0.00","4.01","1","Paid in Full","0.00","0.00","0.00","07/27/2013","4.01","0.00","0.00","0.00","0.00","3619","1","","Open","0.00","0.00","0","4.01","Unknown","0","07/28/2013","Credit","CRED","7.07","(7.07)"
"3251","1","0.00","0.00","0.00","0.00","0.00","0.00","0.00","0.00","0.00","0.00","0.00","0.00","0.00","10.26","Compound","14502","G:14502","Global","0.00","0.00","0.00","0.00","10.26","0.00","0.00","0.00","10.26","1","Paid in Full","0.00","0.00","0.00","07/27/2013","10.26","0.00","0.00","0.00","0.00","3252","1","","Open","0.00","0.00","0","10.26","Unknown","0","07/27/2013","Payment","PAY","10.26","(10.26)"
"3159","1","0.00","0.00","0.00","0.00","0.00","0.00","10.19","0.00","0.00","0.00","10.19","0.00","0.00","10.19","Compound","14503","G:14503","Global","0.00","0.00","0.00","0.00","0.00","0.00","0.00","0.00","0.00","1","Unpaid","0.00","0.00","0.00","07/27/2013","10.19","0.00","0.00","0.00","0.00"
"3394","1","0.00","0.00","0.00","0.00","0.00","0.00","11.55","0.00","0.00","0.00","11.55","0.00","0.00","11.55","Compound","14504","G:14504","Global","0.00","0.00","0.00","0.00","0.00","0.00","0.00","0.00","0.00","1","Unpaid","0.00","0.00","0.00","07/27/2013","11.55","0.00","0.00","0.00","0.00"
"3377","1","0.00","0.00","0.00","0.00","0.00","0.00","16.91","0.00","0.00","0.00","16.91","0.00","0.00","16.91","Compound","14505","G:14505","Global","0.00","0.00","0.00","0.00","0.00","0.00","0.00","0.00","0.00","1","Unpaid","0.00","0.00","0.00","07/27/2013","16.91","0.00","0.00","0.00","0.00"
"3290","1","0.00","0.00","0.00","0.00","0.00","0.00","19.91","0.00","0.00","0.00","19.91","0.00","0.00","19.91","Compound","14506","G:14506","Global","0.00","0.00","0.00","0.00","0.00","0.00","0.00","0.00","0.00","1","Unpaid","0.00","0.00","0.00","07/27/2013","19.91","0.00","0.00","0.00","0.00"
"3253","1","0.00","0.00","0.00","0.00","0.00","0.00","22.38","0.00","0.00","0.00","22.38","0.00","0.00","22.38","Compound","14507","G:14507","Global","0.00","0.00","0.00","0.00","0.00","0.00","0.00","0.00","0.00","1","Unpaid","0.00","0.00","0.00","07/27/2013","22.38","0.00","0.00","0.00","0.00"
"3291","1","0.00","0.00","0.00","0.00","0.00","0.00","0.00","0.00","0.00","0.00","0.00","0.00","0.00","20.05","Compound","14508","G:14508","Global","0.00","0.00","0.00","0.00","20.05","0.00","0.00","0.00","20.05","1","Paid in Full","0.00","0.00","0.00","07/27/2013","20.05","0.00","0.00","0.00","0.00","3292","1","","Open","0.00","0.00","0","20.05","Unknown","0","07/27/2013","Payment","PAY","20.05","(20.05)"
"3196","1","0.00","0.00","0.00","0.00","0.00","0.00","10.66","0.00","0.00","0.00","10.66","0.00","0.00","10.66","Compound","14509","G:14509","Global","0.00","0.00","0.00","0.00","0.00","0.00","0.00","0.00","0.00","1","Unpaid","0.00","0.00","0.00","07/27/2013","10.66","0.00","0.00","0.00","0.00"
"3259","1","0.00","0.00","0.00","0.00","0.00","0.00","0.00","0.00","0.00","0.00","0.00","0.00","0.00","5.53","Compound","14510","G:14510","Global","0.00","0.00","0.00","0.00","5.53","0.00","0.00","0.00","5.53","1","Paid in Full","0.00","0.00","0.00","07/27/2013","5.53","0.00","0.00","0.00","0.00","3620","1","","Open","0.00","0.00","0","5.53","Unknown","0","07/28/2013","Credit","CRED","7.07","(7.07)"
"3325","1","0.00","0.00","0.00","0.00","0.00","0.00","4.93","0.00","0.00","0.00","4.93","0.00","0.00","4.93","Compound","14511","G:14511","Global","0.00","0.00","0.00","0.00","0.00","0.00","0.00","0.00","0.00","1","Unpaid","0.00","0.00","0.00","07/27/2013","4.93","0.00","0.00","0.00","0.00"
"3485","1","0.00","0.00","0.00","0.00","0.00","0.00","3.94","0.00","0.00","0.00","3.94","0.00","0.00","3.94","Compound","14512","G:14512","Global","0.00","0.00","0.00","0.00","0.00","0.00","0.00","0.00","0.00","1","Unpaid","0.00","0.00","0.00","07/27/2013","3.94","0.00","0.00","0.00","0.00"
"3487","1","0.00","0.00","0.00","0.00","0.00","0.00","10.12","0.00","0.00","0.00","10.12","0.00","0.00","10.12","Compound","14513","G:14513","Global","0.00","0.00","0.00","0.00","0.00","0.00","0.00","0.00","0.00","1","Unpaid","0.00","0.00","0.00","07/27/2013","10.12","0.00","0.00","0.00","0.00"
"3218","1","0.00","0.00","0.00","0.00","0.00","0.00","0.00","0.00","0.00","0.00","0.00","0.00","0.00","8.64","Compound","14514","G:14514","Global","0.00","0.00","0.00","0.00","8.64","0.00","0.00","0.00","8.64","1","Paid in Full","0.00","0.00","0.00","07/27/2013","8.64","0.00","0.00","0.00","0.00","3219","1","","Open","0.00","0.00","0","8.64","Unknown","0","07/27/2013","Payment","PAY","8.64","(8.64)"
"3313","1","0.00","0.00","0.00","0.00","0.00","0.00","1.73","0.00","0.00","0.00","1.73","0.00","0.00","13.17","Compound","14515","G:14515","Global","0.00","0.00","0.00","0.00","11.44","0.00","0.00","0.00","11.44","1","Partially Paid","0.00","0.00","0.00","07/27/2013","13.17","0.00","0.00","0.00","0.00","3314","1","","Open","0.00","0.00","0","11.44","Unknown","0","07/27/2013","Payment","PAY","11.44","(11.44)"
"3443","1","0.00","0.00","0.00","0.00","0.00","0.00","16.87","0.00","0.00","0.00","16.87","0.00","0.00","16.87","Compound","14516","G:14516","Global","0.00","0.00","0.00","0.00","0.00","0.00","0.00","0.00","0.00","1","Unpaid","0.00","0.00","0.00","07/27/2013","16.87","0.00","0.00","0.00","0.00"
"3264","1","0.00","0.00","0.00","0.00","0.00","0.00","12.26","0.00","0.00","0.00","12.26","0.00","0.00","12.26","Compound","14517","G:14517","Global","0.00","0.00","0.00","0.00","0.00","0.00","0.00","0.00","0.00","1","Unpaid","0.00","0.00","0.00","07/27/2013","12.26","0.00","0.00","0.00","0.00"
"3352","1","0.00","0.00","0.00","0.00","0.00","0.00","12.73","0.00","0.00","0.00","12.73","0.00","0.00","12.73","Compound","14518","G:14518","Global","0.00","0.00","0.00","0.00","0.00","0.00","0.00","0.00","0.00","1","Unpaid","0.00","0.00","0.00","07/27/2013","12.73","0.00","0.00","0.00","0.00"
"3220","1","0.00","0.00","0.00","0.00","0.00","0.00","10.68","0.00","0.00","0.00","10.68","0.00","0.00","17.75","Compound","14519","G:14519","Global","0.00","0.00","0.00","0.00","7.07","0.00","0.00","0.00","7.07","1","Partially Paid","0.00","0.00","0.00","07/27/2013","17.75","0.00","0.00","0.00","0.00","3621","1","","Open","0.00","0.00","0","7.07","Unknown","0","07/28/2013","Credit","CRED","7.07","(7.07)"
"3457","1","0.00","0.00","0.00","0.00","0.00","0.00","0.00","0.00","0.00","0.00","0.00","0.00","0.00","10.88","Compound","14520","G:14520","Global","0.00","0.00","0.00","0.00","10.88","0.00","0.00","0.00","10.88","1","Paid in Full","0.00","0.00","0.00","07/27/2013","10.88","0.00","0.00","0.00","0.00","3458","1","","Open","0.00","0.00","0","10.88","Unknown","0","07/27/2013","Payment","PAY","10.88","(10.88)"
"3315","1","0.00","0.00","0.00","0.00","0.00","0.00","5.37","0.00","0.00","0.00","5.37","0.00","0.00","5.37","Compound","14521","G:14521","Global","0.00","0.00","0.00","0.00","0.00","0.00","0.00","0.00","0.00","1","Unpaid","0.00","0.00","0.00","07/27/2013","5.37","0.00","0.00","0.00","0.00"
"3160","1","0.00","0.00","0.00","0.00","0.00","0.00","4.82","0.00","0.00","0.00","4.82","0.00","0.00","4.82","Compound","14522","G:14522","Global","0.00","0.00","0.00","0.00","0.00","0.00","0.00","0.00","0.00","1","Unpaid","0.00","0.00","0.00","07/27/2013","4.82","0.00","0.00","0.00","0.00"
"3254","1","0.00","0.00","0.00","0.00","0.00","0.00","3.90","0.00","0.00","0.00","3.90","0.00","0.00","3.90","Compound","14523","G:14523","Global","0.00","0.00","0.00","0.00","0.00","0.00","0.00","0.00","0.00","1","Unpaid","0.00","0.00","0.00","07/27/2013","3.90","0.00","0.00","0.00","0.00"
"3255","1","0.00","0.00","0.00","0.00","0.00","0.00","8.33","0.00","0.00","0.00","8.33","0.00","0.00","8.33","Compound","14524","G:14524","Global","0.00","0.00","0.00","0.00","0.00","0.00","0.00","0.00","0.00","1","Unpaid","0.00","0.00","0.00","07/27/2013","8.33","0.00","0.00","0.00","0.00"
"3316","1","0.00","0.00","0.00","0.00","0.00","0.00","9.73","0.00","0.00","0.00","9.73","0.00","0.00","9.73","Compound","14525","G:14525","Global","0.00","0.00","0.00","0.00","0.00","0.00","0.00","0.00","0.00","1","Unpaid","0.00","0.00","0.00","07/27/2013","9.73","0.00","0.00","0.00","0.00"
"3095","1","0.00","0.00","0.00","0.00","0.00","0.00","0.00","0.00","0.00","0.00","0.00","0.00","0.00","12.79","Compound","14526","G:14526","Global","0.00","0.00","0.00","0.00","12.79","0.00","0.00","0.00","12.79","1","Paid in Full","0.00","0.00","0.00","07/27/2013","12.79","0.00","0.00","0.00","0.00","3096","1","","Open","0.00","0.00","0","12.79","Unknown","0","07/27/2013","Payment","PAY","12.79","(12.79)"
"3425","1","0.00","0.00","0.00","0.00","0.00","0.00","14.06","0.00","0.00","0.00","14.06","0.00","0.00","21.13","Compound","14527","G:14527","Global","0.00","0.00","0.00","0.00","7.07","0.00","0.00","0.00","7.07","1","Partially Paid","0.00","0.00","0.00","07/27/2013","21.13","0.00","0.00","0.00","0.00","3622","0","","Open","0.00","0.00","0","7.07","Unknown","0","07/28/2013","Credit","CRED","7.07","(7.07)"
"3097","1","0.00","0.00","0.00","0.00","0.00","0.00","330.10","0.00","0.00","0.00","330.10","0.00","0.00","330.10","Compound","14528","G:14528","Global","0.00","0.00","0.00","0.00","0.00","0.00","0.00","0.00","0.00","1","Unpaid","0.00","0.00","0.00","07/27/2013","330.10","0.00","0.00","0.00","0.00"
"3444","1","0.00","0.00","0.00","0.00","0.00","0.00","21.13","0.00","0.00","0.00","21.13","0.00","0.00","21.13","Compound","14529","G:14529","Global","0.00","0.00","0.00","0.00","0.00","0.00","0.00","0.00","0.00","1","Unpaid","0.00","0.00","0.00","07/27/2013","21.13","0.00","0.00","0.00","0.00"
"3098","1","0.00","0.00","0.00","0.00","0.00","0.00","13.47","0.00","0.00","0.00","13.47","0.00","0.00","13.47","Compound","14530","G:14530","Global","0.00","0.00","0.00","0.00","0.00","0.00","0.00","0.00","0.00","1","Unpaid","0.00","0.00","0.00","07/27/2013","13.47","0.00","0.00","0.00","0.00"
"3197","1","0.00","0.00","0.00","0.00","0.00","0.00","0.00","0.00","0.00","0.00","0.00","0.00","0.00","6.78","Compound","14531","G:14531","Global","0.00","0.00","0.00","0.00","6.78","0.00","0.00","0.00","6.78","1","Paid in Full","0.00","0.00","0.00","07/27/2013","6.78","0.00","0.00","0.00","0.00","3198","1","","Open","0.00","0.00","0","6.78","Unknown","0","07/27/2013","Payment","PAY","6.78","(6.78)"
"3121","1","0.00","0.00","0.00","0.00","0.00","0.00","6.08","0.00","0.00","0.00","6.08","0.00","0.00","6.08","Compound","14532","G:14532","Global","0.00","0.00","0.00","0.00","0.00","0.00","0.00","0.00","0.00","1","Unpaid","0.00","0.00","0.00","07/27/2013","6.08","0.00","0.00","0.00","0.00"
"3427","1","0.00","0.00","0.00","0.00","0.00","0.00","3.42","0.00","0.00","0.00","3.42","0.00","0.00","3.42","Compound","14533","G:14533","Global","0.00","0.00","0.00","0.00","0.00","0.00","0.00","0.00","0.00","1","Unpaid","0.00","0.00","0.00","07/27/2013","3.42","0.00","0.00","0.00","0.00"
"3293","1","0.00","0.00","0.00","0.00","0.00","0.00","9.88","0.00","0.00","0.00","9.88","0.00","0.00","9.88","Compound","14534","G:14534","Global","0.00","0.00","0.00","0.00","0.00","0.00","0.00","0.00","0.00","1","Unpaid","0.00","0.00","0.00","07/27/2013","9.88","0.00","0.00","0.00","0.00"
"3256","1","0.00","0.00","0.00","0.00","0.00","0.00","9.81","0.00","0.00","0.00","9.81","0.00","0.00","9.81","Compound","14535","G:14535","Global","0.00","0.00","0.00","0.00","0.00","0.00","0.00","0.00","0.00","1","Unpaid","0.00","0.00","0.00","07/27/2013","9.81","0.00","0.00","0.00","0.00"
"3430","1","0.00","0.00","0.00","0.00","0.00","0.00","5.62","0.00","0.00","0.00","5.62","0.00","0.00","12.69","Compound","14536","G:14536","Global","0.00","0.00","0.00","0.00","7.07","0.00","0.00","0.00","7.07","1","Partially Paid","0.00","0.00","0.00","07/27/2013","12.69","0.00","0.00","0.00","0.00","3623","1","","Open","0.00","0.00","0","7.07","Unknown","0","07/28/2013","Credit","CRED","7.07","(7.07)"
"3459","1","0.00","0.00","0.00","0.00","0.00","0.00","0.00","0.00","0.00","0.00","0.00","0.00","0.00","16.65","Compound","14537","G:14537","Global","0.00","0.00","0.00","0.00","16.65","0.00","0.00","0.00","16.65","1","Paid in Full","0.00","0.00","0.00","07/27/2013","16.65","0.00","0.00","0.00","0.00","3460","1","","Open","0.00","0.00","0","16.65","Unknown","0","07/27/2013","Payment","PAY","16.65","(16.65)"
"3199","1","0.00","0.00","0.00","0.00","0.00","0.00","17.69","0.00","0.00","0.00","17.69","0.00","0.00","17.69","Compound","14538","G:14538","Global","0.00","0.00","0.00","0.00","0.00","0.00","0.00","0.00","0.00","1","Unpaid","0.00","0.00","0.00","07/27/2013","17.69","0.00","0.00","0.00","0.00"
"3353","1","0.00","0.00","0.00","0.00","0.00","0.00","21.81","0.00","0.00","0.00","21.81","0.00","0.00","21.81","Compound","14539","G:14539","Global","0.00","0.00","0.00","0.00","0.00","0.00","0.00","0.00","0.00","1","Unpaid","0.00","0.00","0.00","07/27/2013","21.81","0.00","0.00","0.00","0.00"
"3104","1","0.00","0.00","0.00","0.00","0.00","0.00","0.00","0.00","0.00","0.00","0.00","0.00","0.00","13.95","Compound","14540","G:14540","Global","0.00","0.00","0.00","0.00","13.95","0.00","0.00","0.00","13.95","1","Paid in Full","0.00","0.00","0.00","07/27/2013","13.95","0.00","0.00","0.00","0.00","2980","1","","Open","0.00","0.00","0","13.95","Discover","0","06/28/2013","Payment","PAY","421.06","(421.06)"
"3108","1","0.00","0.00","0.00","0.00","0.00","0.00","0.00","0.00","0.00","0.00","0.00","0.00","0.00","6.57","Compound","14541","G:14541","Global","0.00","0.00","0.00","0.00","6.57","0.00","0.00","0.00","6.57","1","Paid in Full","0.00","0.00","0.00","07/27/2013","6.57","0.00","0.00","0.00","0.00","2396","1","","Open","0.00","0.00","0","6.57","Master Card","0","05/28/2013","Payment","PAY","422.05","(422.05)"
"3105","1","0.00","0.00","0.00","0.00","0.00","0.00","5.63","0.00","0.00","0.00","5.63","0.00","0.00","5.63","Compound","14542","G:14542","Global","0.00","0.00","0.00","0.00","0.00","0.00","0.00","0.00","0.00","1","Unpaid","0.00","0.00","0.00","07/27/2013","5.63","0.00","0.00","0.00","0.00"
"3106","1","0.00","0.00","0.00","0.00","0.00","0.00","0.00","0.00","0.00","0.00","0.00","0.00","0.00","2.71","Compound","14543","G:14543","Global","0.00","0.00","0.00","0.00","2.71","0.00","0.00","0.00","2.71","1","Paid in Full","0.00","0.00","0.00","07/27/2013","2.71","0.00","0.00","0.00","0.00","3107","1","","Open","0.00","0.00","0","2.71","Unknown","0","07/27/2013","Payment","PAY","2.71","(2.71)"
"3101","1","0.00","0.00","0.00","0.00","0.00","0.00","0.00","0.00","0.00","0.00","0.00","0.00","0.00","2.78","Compound","14544","G:14544","Global","0.00","0.00","0.00","0.00","2.78","0.00","0.00","0.00","2.78","1","Paid in Full","0.00","0.00","0.00","07/27/2013","2.78","0.00","0.00","0.00","0.00","3102","1","","Open","0.00","0.00","0","2.78","Unknown","0","07/27/2013","Payment","PAY","2.78","(2.78)"
"3103","1","0.00","0.00","0.00","0.00","0.00","0.00","2.03","0.00","0.00","0.00","2.03","0.00","0.00","9.10","Compound","14545","G:14545","Global","0.00","0.00","0.00","0.00","7.07","0.00","0.00","0.00","7.07","1","Partially Paid","0.00","0.00","0.00","07/27/2013","9.10","0.00","0.00","0.00","0.00","3624","1","","Open","0.00","0.00","0","7.07","Unknown","0","07/28/2013","Credit","CRED","7.07","(7.07)"
"3109","1","0.00","0.00","0.00","0.00","0.00","0.00","11.73","0.00","0.00","0.00","11.73","0.00","0.00","17.98","Compound","14546","G:14546","Global","0.00","0.00","0.00","0.00","6.25","0.00","0.00","0.00","6.25","1","Partially Paid","0.00","0.00","0.00","07/27/2013","17.98","0.00","0.00","0.00","0.00","3110","1","","Open","0.00","0.00","0","6.25","Unknown","0","07/27/2013","Payment","PAY","6.25","(6.25)"
"3258","1","0.00","0.00","0.00","0.00","0.00","0.00","16.60","0.00","0.00","0.00","16.60","0.00","0.00","16.60","Compound","14547","G:14547","Global","0.00","0.00","0.00","0.00","0.00","0.00","0.00","0.00","0.00","1","Unpaid","0.00","0.00","0.00","07/27/2013","16.60","0.00","0.00","0.00","0.00"
"3099","1","0.00","0.00","0.00","0.00","0.00","0.00","12.16","0.00","0.00","0.00","12.16","0.00","0.00","12.16","Compound","14548","G:14548","Global","0.00","0.00","0.00","0.00","0.00","0.00","0.00","0.00","0.00","1","Unpaid","0.00","0.00","0.00","07/27/2013","12.16","0.00","0.00","0.00","0.00"
"3317","1","0.00","0.00","0.00","0.00","0.00","0.00","0.00","0.00","0.00","0.00","0.00","0.00","0.00","24.51","Compound","14549","G:14549","Global","0.00","0.00","0.00","0.00","24.51","0.00","0.00","0.00","24.51","1","Paid in Full","0.00","0.00","0.00","07/27/2013","24.51","0.00","0.00","0.00","0.00","3318","1","","Open","0.00","0.00","0","24.51","Unknown","0","07/27/2013","Payment","PAY","24.51","(24.51)"
"3061","1","0.00","0.00","0.00","0.00","0.00","0.00","17.00","0.00","0.00","0.00","17.00","0.00","0.00","17.00","Compound","14550","G:14550","Global","0.00","0.00","0.00","0.00","0.00","0.00","0.00","0.00","0.00","1","Unpaid","0.00","0.00","0.00","07/27/2013","17.00","0.00","0.00","0.00","0.00"
"3206","1","0.00","0.00","0.00","0.00","0.00","0.00","19.93","0.00","0.00","0.00","19.93","0.00","0.00","19.93","Compound","14551","G:14551","Global","0.00","0.00","0.00","0.00","0.00","0.00","0.00","0.00","0.00","1","Unpaid","0.00","0.00","0.00","07/27/2013","19.93","0.00","0.00","0.00","0.00"
"3432","1","0.00","0.00","0.00","0.00","0.00","0.00","16.82","0.00","0.00","0.00","16.82","0.00","0.00","16.82","Compound","14552","G:14552","Global","0.00","0.00","0.00","0.00","0.00","0.00","0.00","0.00","0.00","1","Unpaid","0.00","0.00","0.00","07/27/2013","16.82","0.00","0.00","0.00","0.00"
"3488","1","0.00","0.00","0.00","0.00","0.00","0.00","13.58","0.00","0.00","0.00","13.58","0.00","0.00","13.58","Compound","14553","G:14553","Global","0.00","0.00","0.00","0.00","0.00","0.00","0.00","0.00","0.00","1","Unpaid","0.00","0.00","0.00","07/27/2013","13.58","0.00","0.00","0.00","0.00"
"3378","1","0.00","0.00","0.00","0.00","0.00","0.00","4.55","0.00","0.00","0.00","4.55","0.00","0.00","11.62","Compound","14554","G:14554","Global","0.00","0.00","0.00","0.00","7.07","0.00","0.00","0.00","7.07","1","Partially Paid","0.00","0.00","0.00","07/27/2013","11.62","0.00","0.00","0.00","0.00","3625","1","","Open","0.00","0.00","0","7.07","Unknown","0","07/28/2013","Credit","CRED","7.07","(7.07)"
"3397","1","0.00","0.00","0.00","0.00","0.00","0.00","0.00","0.00","0.00","0.00","0.00","0.00","0.00","6.94","Compound","14555","G:14555","Global","0.00","0.00","0.00","0.00","6.94","0.00","0.00","0.00","6.94","1","Paid in Full","0.00","0.00","0.00","07/27/2013","6.94","0.00","0.00","0.00","0.00","3398","1","","Open","0.00","0.00","0","6.94","Unknown","0","07/27/2013","Payment","PAY","6.94","(6.94)"
"3111","1","0.00","0.00","0.00","0.00","0.00","0.00","7.91","0.00","0.00","0.00","7.91","0.00","0.00","7.91","Compound","14556","G:14556","Global","0.00","0.00","0.00","0.00","0.00","0.00","0.00","0.00","0.00","1","Unpaid","0.00","0.00","0.00","07/27/2013","7.91","0.00","0.00","0.00","0.00"
"3422","1","0.00","0.00","0.00","0.00","0.00","0.00","22.45","0.00","0.00","0.00","22.45","0.00","0.00","22.45","Compound","14557","G:14557","Global","0.00","0.00","0.00","0.00","0.00","0.00","0.00","0.00","0.00","1","Unpaid","0.00","0.00","0.00","07/27/2013","22.45","0.00","0.00","0.00","0.00"
"3112","1","0.00","0.00","0.00","0.00","0.00","0.00","6.16","0.00","0.00","0.00","6.16","0.00","0.00","6.16","Compound","14558","G:14558","Global","0.00","0.00","0.00","0.00","0.00","0.00","0.00","0.00","0.00","1","Unpaid","0.00","0.00","0.00","07/27/2013","6.16","0.00","0.00","0.00","0.00"
"3113","1","0.00","0.00","0.00","0.00","0.00","0.00","14.09","0.00","0.00","0.00","14.09","0.00","0.00","14.09","Compound","14559","G:14559","Global","0.00","0.00","0.00","0.00","0.00","0.00","0.00","0.00","0.00","1","Unpaid","0.00","0.00","0.00","07/27/2013","14.09","0.00","0.00","0.00","0.00"
"3161","1","0.00","0.00","0.00","0.00","0.00","0.00","19.68","0.00","0.00","0.00","19.68","0.00","0.00","19.68","Compound","14560","G:14560","Global","0.00","0.00","0.00","0.00","0.00","0.00","0.00","0.00","0.00","1","Unpaid","0.00","0.00","0.00","07/27/2013","19.68","0.00","0.00","0.00","0.00"
"3319","1","0.00","0.00","0.00","0.00","0.00","0.00","0.00","0.00","0.00","0.00","0.00","0.00","0.00","22.24","Compound","14561","G:14561","Global","0.00","0.00","0.00","0.00","22.24","0.00","0.00","0.00","22.24","1","Paid in Full","0.00","0.00","0.00","07/27/2013","22.24","0.00","0.00","0.00","0.00","3320","1","","Open","0.00","0.00","0","22.24","Unknown","0","07/27/2013","Payment","PAY","22.24","(22.24)"
"3221","1","0.00","0.00","0.00","0.00","0.00","0.00","19.72","0.00","0.00","0.00","19.72","0.00","0.00","19.72","Compound","14562","G:14562","Global","0.00","0.00","0.00","0.00","0.00","0.00","0.00","0.00","0.00","1","Unpaid","0.00","0.00","0.00","07/27/2013","19.72","0.00","0.00","0.00","0.00"
"3321","1","0.00","0.00","0.00","0.00","0.00","0.00","348.12","0.00","0.00","0.00","348.12","0.00","0.00","355.19","Compound","14563","G:14563","Global","0.00","0.00","0.00","0.00","7.07","0.00","0.00","0.00","7.07","1","Partially Paid","0.00","0.00","0.00","07/27/2013","355.19","0.00","0.00","0.00","0.00","3626","1","","Open","0.00","0.00","0","7.07","Unknown","0","07/28/2013","Credit","CRED","7.07","(7.07)"
"3162","1","0.00","0.00","0.00","0.00","0.00","0.00","6.69","0.00","0.00","0.00","6.69","0.00","0.00","6.69","Compound","14564","G:14564","Global","0.00","0.00","0.00","0.00","0.00","0.00","0.00","0.00","0.00","1","Unpaid","0.00","0.00","0.00","07/27/2013","6.69","0.00","0.00","0.00","0.00"
"3390","1","0.00","0.00","0.00","0.00","0.00","0.00","6.12","0.00","0.00","0.00","6.12","0.00","0.00","6.12","Compound","14565","G:14565","Global","0.00","0.00","0.00","0.00","0.00","0.00","0.00","0.00","0.00","1","Unpaid","0.00","0.00","0.00","07/27/2013","6.12","0.00","0.00","0.00","0.00"
"3294","1","0.00","0.00","0.00","0.00","0.00","0.00","5.15","0.00","0.00","0.00","5.15","0.00","0.00","5.15","Compound","14566","G:14566","Global","0.00","0.00","0.00","0.00","0.00","0.00","0.00","0.00","0.00","1","Unpaid","0.00","0.00","0.00","07/27/2013","5.15","0.00","0.00","0.00","0.00"
"3260","1","0.00","0.00","0.00","0.00","0.00","0.00","0.00","0.00","0.00","0.00","0.00","0.00","0.00","6.70","Compound","14567","G:14567","Global","0.00","0.00","0.00","0.00","6.70","0.00","0.00","0.00","6.70","1","Paid in Full","0.00","0.00","0.00","07/27/2013","6.70","0.00","0.00","0.00","0.00","3261","1","","Open","0.00","0.00","0","6.70","Unknown","0","07/27/2013","Payment","PAY","6.70","(6.70)"
"3114","1","0.00","0.00","0.00","0.00","0.00","0.00","6.21","0.00","0.00","0.00","6.21","0.00","0.00","6.21","Compound","14568","G:14568","Global","0.00","0.00","0.00","0.00","0.00","0.00","0.00","0.00","0.00","1","Unpaid","0.00","0.00","0.00","07/27/2013","6.21","0.00","0.00","0.00","0.00"
"3379","1","0.00","0.00","0.00","0.00","0.00","0.00","8.52","0.00","0.00","0.00","8.52","0.00","0.00","8.52","Compound","14569","G:14569","Global","0.00","0.00","0.00","0.00","0.00","0.00","0.00","0.00","0.00","1","Unpaid","0.00","0.00","0.00","07/27/2013","8.52","0.00","0.00","0.00","0.00"
"3456","1","0.00","0.00","0.00","0.00","0.00","0.00","16.62","0.00","0.00","0.00","16.62","0.00","0.00","16.62","Compound","14570","G:14570","Global","0.00","0.00","0.00","0.00","0.00","0.00","0.00","0.00","0.00","1","Unpaid","0.00","0.00","0.00","07/27/2013","16.62","0.00","0.00","0.00","0.00"
"3989","1","0.00","0.00","0.00","0.00","713.03","741.55","0.00","0.00","28.52","28.52","741.55","734.47","763.85","26.73","Compound","14571","G:14571","Global","0.00","0.00","21.44","22.30","26.73","0.00","0.86","0.86","49.03","1","Partially Paid","0.00","29.38","29.38","08/27/2013","790.58","0.00","0.00","0.00","0.00","3584","1","","Open","0.00","0.00","0","5.78","Unknown","0","07/28/2013","Credit","CRED","7.07","(7.07)","3990","1","","Open","0.00","4.12","0","20.95","Unknown","0","08/27/2013","Payment","PAY","25.07","(25.07)","4163","1","","Open","0.00","8.08","0","0.00","Unknown","0","08/28/2013","Credit","CRED","8.08","(8.08)","5320","1","","Open","0.00","10.10","0","0.00","Unknown","0","10/28/2013","Credit","CRED","10.10","(10.10)"
"3849","1","0.00","0.00","0.00","0.00","848.15","882.08","0.00","0.00","33.93","33.93","882.08","861.16","895.61","26.04","Compound","14572","G:14572","Global","0.00","0.00","13.01","13.53","26.04","0.00","0.52","0.52","39.57","1","Partially Paid","0.00","34.45","34.45","08/27/2013","921.65","0.00","0.00","0.00","0.00","3585","1","","Open","0.00","0.00","0","6.42","Unknown","0","07/28/2013","Credit","CRED","7.07","(7.07)","3850","1","","Open","0.00","5.45","0","19.62","Unknown","0","08/27/2013","Payment","PAY","25.07","(25.07)","4164","1","","Open","0.00","8.08","0","0.00","Unknown","0","08/28/2013","Credit","CRED","8.08","(8.08)"
"4055","1","0.00","0.00","0.00","0.00","911.79","948.27","0.00","0.00","36.48","36.48","948.27","947.88","985.80","14.90","Compound","14573","G:14573","Global","0.00","0.00","36.09","37.53","14.90","0.00","1.44","1.44","52.43","1","Partially Paid","0.00","37.92","37.92","08/27/2013","1000.70","0.00","0.00","0.00","0.00","4056","1","","Open","0.00","29.45","0","14.90","Unknown","0","08/27/2013","Payment","PAY","44.35","(44.35)","4165","1","","Open","0.00","8.08","0","0.00","Unknown","0","08/28/2013","Credit","CRED","8.08","(8.08)"
"3706","1","163.97","170.94","146.27","152.49","0.00","0.00","0.00","6.22","0.00","6.22","152.49","0.00","0.00","14.70","Compound","14574","G:14574","Global","17.70","18.45","0.00","0.00","14.70","0.75","0.00","0.75","33.15","1","Partially Paid","6.97","0.00","6.97","08/27/2013","185.64","50.12","0.00","0.00","0.00","3707","1","","Open","10.37","0.00","0","14.70","Unknown","0","08/27/2013","Payment","PAY","25.07","(25.07)","4166","1","","Open","8.08","0.00","0","0.00","Unknown","0","08/28/2013","Credit","CRED","8.08","(8.08)"
"3629","1","0.00","0.00","0.00","0.00","1094.62","1138.41","0.00","0.00","43.79","43.79","1138.41","1131.76","1177.03","9.62","Compound","14575","G:14575","Global","0.00","0.00","37.14","38.62","9.62","0.00","1.48","1.48","48.24","1","Partially Paid","0.00","45.27","45.27","08/27/2013","1186.65","0.00","0.00","0.00","0.00","3630","1","","Open","0.00","30.54","0","9.62","Unknown","0","08/27/2013","Payment","PAY","40.16","(40.16)","4167","1","","Open","0.00","8.08","0","0.00","Unknown","0","08/28/2013","Credit","CRED","8.08","(8.08)"
"3717","1","369.60","385.31","369.60","385.31","122.47","127.37","8.99","15.71","4.90","20.61","521.67","122.47","127.37","8.99","Compound","14576","G:14576","Global","0.00","0.00","0.00","0.00","0.00","0.00","0.00","0.00","0.00","1","Unpaid","15.71","4.90","20.61","08/27/2013","521.67","50.12","0.00","0.00","0.00"
"3907","1","1640.18","1709.89","1640.18","1709.89","519.04","539.80","43.05","69.71","20.76","90.47","2292.74","519.04","539.80","43.05","Compound","14577","G:14577","Global","0.00","0.00","0.00","0.00","0.00","0.00","0.00","0.00","0.00","1","Unpaid","69.71","20.76","90.47","08/27/2013","2292.74","0.00","89.43","51.23","0.00"
"3633","1","0.00","0.00","0.00","0.00","662.77","689.28","20.57","0.00","26.51","26.51","709.85","662.77","689.28","20.57","Compound","14578","G:14578","Global","0.00","0.00","0.00","0.00","0.00","0.00","0.00","0.00","0.00","1","Unpaid","0.00","26.51","26.51","08/27/2013","709.85","0.00","88.68","0.00","0.00"
"3879","1","0.00","0.00","0.00","0.00","2026.79","2107.86","54.79","0.00","81.07","81.07","2162.65","2026.79","2107.86","54.79","Compound","14579","G:14579","Global","0.00","0.00","0.00","0.00","0.00","0.00","0.00","0.00","0.00","1","Unpaid","0.00","81.07","81.07","08/27/2013","2162.65","0.00","66.84","0.00","0.00"
"4016","1","0.00","0.00","0.00","0.00","424.62","441.60","10.44","0.00","16.98","16.98","452.04","424.62","441.60","18.52","Compound","14580","G:14580","Global","0.00","0.00","0.00","0.00","8.08","0.00","0.00","0.00","8.08","1","Partially Paid","0.00","16.98","16.98","08/27/2013","460.12","0.00","0.00","0.00","0.00","4168","1","","Open","0.00","0.00","0","8.08","Unknown","0","08/28/2013","Credit","CRED","8.08","(8.08)"
"4007","1","0.00","0.00","0.00","0.00","0.00","0.00","0.00","0.00","0.00","0.00","0.00","0.00","0.00","24.69","Compound","14581","G:14581","Global","0.00","0.00","0.00","0.00","24.69","0.00","0.00","0.00","24.69","1","Paid in Full","0.00","0.00","0.00","08/27/2013","24.69","0.00","0.00","0.00","0.00","4008","1","","Open","0.00","0.00","0","24.69","Unknown","0","08/27/2013","Payment","PAY","24.69","(24.69)"
"3782","1","0.00","0.00","0.00","0.00","756.86","787.13","27.82","0.00","30.27","30.27","814.95","756.86","787.13","27.82","Compound","14582","G:14582","Global","0.00","0.00","0.00","0.00","0.00","0.00","0.00","0.00","0.00","1","Unpaid","0.00","30.27","30.27","08/27/2013","814.95","0.00","0.00","0.00","0.00"
"3783","1","0.00","0.00","0.00","0.00","845.67","879.50","25.80","0.00","33.83","33.83","905.30","845.67","879.50","25.80","Compound","14583","G:14583","Global","0.00","0.00","0.00","0.00","0.00","0.00","0.00","0.00","0.00","1","Unpaid","0.00","33.83","33.83","08/27/2013","905.30","0.00","0.00","0.00","0.00"
"3752","1","0.00","0.00","0.00","0.00","958.09","996.41","13.47","0.00","38.32","38.32","1009.88","958.09","996.41","13.47","Compound","14584","G:14584","Global","0.00","0.00","0.00","0.00","0.00","0.00","0.00","0.00","0.00","1","Unpaid","0.00","38.32","38.32","08/27/2013","1009.88","0.00","0.00","0.00","0.00"
"3851","1","0.00","0.00","0.00","0.00","0.00","0.00","11.95","0.00","0.00","0.00","11.95","0.00","0.00","11.95","Compound","14585","G:14585","Global","0.00","0.00","0.00","0.00","0.00","0.00","0.00","0.00","0.00","1","Unpaid","0.00","0.00","0.00","08/27/2013","11.95","0.00","0.00","0.00","0.00"
"3753","1","0.00","0.00","0.00","0.00","1144.19","1189.96","6.82","0.00","45.77","45.77","1196.78","1144.19","1189.96","6.82","Compound","14586","G:14586","Global","0.00","0.00","0.00","0.00","0.00","0.00","0.00","0.00","0.00","1","Unpaid","0.00","45.77","45.77","08/27/2013","1196.78","0.00","0.00","0.00","0.00"
"4041","1","0.00","0.00","0.00","0.00","108.14","112.47","0.00","0.00","4.33","4.33","112.47","126.20","131.25","6.29","Compound","14587","G:14587","Global","0.00","0.00","18.06","18.78","6.29","0.00","0.72","0.72","25.07","1","Partially Paid","0.00","5.05","5.05","08/27/2013","137.54","0.00","0.00","0.00","0.00","4042","1","","Open","0.00","18.78","0","6.29","Unknown","0","08/27/2013","Payment","PAY","25.07","(25.07)"
"3802","1","0.00","0.00","0.00","0.00","227.00","236.08","0.37","0.00","9.08","9.08","236.45","227.00","236.08","12.68","Compound","14588","G:14588","Global","0.00","0.00","0.00","0.00","12.31","0.00","0.00","0.00","12.31","1","Partially Paid","0.00","9.08","9.08","08/27/2013","248.76","0.00","0.00","0.00","0.00","3803","1","","Open","0.00","0.00","0","12.31","Unknown","0","08/27/2013","Payment","PAY","12.31","(12.31)"
"3975","1","0.00","0.00","0.00","0.00","333.41","346.75","5.70","0.00","13.34","13.34","352.45","333.41","346.75","13.78","Compound","14589","G:14589","Global","0.00","0.00","0.00","0.00","8.08","0.00","0.00","0.00","8.08","1","Partially Paid","0.00","13.34","13.34","08/27/2013","360.53","0.00","0.00","0.00","0.00","4169","1","","Open","0.00","0.00","0","8.08","Unknown","0","08/28/2013","Credit","CRED","8.08","(8.08)"
"3784","1","0.00","0.00","0.00","0.00","0.00","0.00","16.22","0.00","0.00","0.00","16.22","0.00","0.00","16.22","Compound","14590","G:14590","Global","0.00","0.00","0.00","0.00","0.00","0.00","0.00","0.00","0.00","1","Unpaid","0.00","0.00","0.00","08/27/2013","16.22","0.00","0.00","0.00","0.00"
"4026","1","0.00","0.00","0.00","0.00","1331.44","1384.70","27.36","0.00","53.26","53.26","1412.06","1331.44","1384.70","27.36","Compound","14591","G:14591","Global","0.00","0.00","0.00","0.00","0.00","0.00","0.00","0.00","0.00","1","Unpaid","0.00","53.26","53.26","08/27/2013","1412.06","0.00","0.00","0.00","0.00"
"3634","1","0.00","0.00","0.00","0.00","0.00","0.00","8.65","0.00","0.00","0.00","8.65","0.00","0.00","8.65","Compound","14592","G:14592","Global","0.00","0.00","0.00","0.00","0.00","0.00","0.00","0.00","0.00","1","Unpaid","0.00","0.00","0.00","08/27/2013","8.65","0.00","0.00","0.00","0.00"
"3708","1","0.00","0.00","0.00","0.00","348.01","361.93","0.00","0.00","13.92","13.92","361.93","360.22","374.63","12.37","Compound","14593","G:14593","Global","0.00","0.00","12.21","12.70","12.37","0.00","0.49","0.49","25.07","1","Partially Paid","0.00","14.41","14.41","08/27/2013","387.00","0.00","0.00","0.00","0.00","3709","1","","Open","0.00","12.70","0","12.37","Unknown","0","08/27/2013","Payment","PAY","25.07","(25.07)"
"3852","1","0.00","0.00","0.00","0.00","1377.93","1433.05","28.33","0.00","55.12","55.12","1461.38","1377.93","1433.05","28.33","Compound","14594","G:14594","Global","0.00","0.00","0.00","0.00","0.00","0.00","0.00","0.00","0.00","1","Unpaid","0.00","55.12","55.12","08/27/2013","1461.38","0.00","0.00","0.00","0.00"
"3635","1","0.00","0.00","0.00","0.00","46.46","48.32","9.02","0.00","1.86","1.86","57.34","46.46","48.32","11.48","Compound","14595","G:14595","Global","0.00","0.00","0.00","0.00","2.46","0.00","0.00","0.00","2.46","1","Partially Paid","0.00","1.86","1.86","08/27/2013","59.80","0.00","0.00","0.00","0.00","3636","1","","Open","0.00","0.00","0","2.46","Unknown","0","08/27/2013","Payment","PAY","2.46","(2.46)"
"3931","1","0.00","0.00","0.00","0.00","0.00","0.00","24.13","0.00","0.00","0.00","24.13","0.00","0.00","24.13","Compound","14596","G:14596","Global","0.00","0.00","0.00","0.00","0.00","0.00","0.00","0.00","0.00","1","Unpaid","0.00","0.00","0.00","08/27/2013","24.13","0.00","0.00","0.00","0.00"
"4009","1","0.00","0.00","0.00","0.00","3383.18","3518.51","17.14","0.00","135.33","135.33","3535.65","3383.18","3518.51","17.14","Compound","14597","G:14597","Global","0.00","0.00","0.00","0.00","0.00","0.00","0.00","0.00","0.00","1","Unpaid","0.00","135.33","135.33","08/27/2013","3535.65","0.00","0.00","0.00","0.00"
"4065","1","0.00","0.00","0.00","0.00","418.90","435.66","33.67","0.00","16.76","16.76","469.33","418.90","435.66","41.75","Compound","14598","G:14598","Global","0.00","0.00","0.00","0.00","8.08","0.00","0.00","0.00","8.08","1","Partially Paid","0.00","16.76","16.76","08/27/2013","477.41","0.00","0.00","0.00","0.00","4170","1","","Open","0.00","0.00","0","8.08","Unknown","0","08/28/2013","Credit","CRED","8.08","(8.08)"
"3804","1","0.00","0.00","0.00","0.00","266.43","277.09","0.00","0.00","10.66","10.66","277.09","277.40","288.50","13.66","Compound","14599","G:14599","Global","0.00","0.00","10.97","11.41","13.66","0.00","0.44","0.44","25.07","1","Partially Paid","0.00","11.10","11.10","08/27/2013","302.16","0.00","0.00","0.00","0.00","3805","1","","Open","0.00","11.41","0","13.66","Unknown","0","08/27/2013","Payment","PAY","25.07","(25.07)"
"3755","1","0.00","0.00","0.00","0.00","272.32","283.21","12.62","0.00","10.89","10.89","295.83","272.32","283.21","12.62","Compound","14600","G:14600","Global","0.00","0.00","0.00","0.00","0.00","0.00","0.00","0.00","0.00","1","Unpaid","0.00","10.89","10.89","08/27/2013","295.83","0.00","0.00","0.00","0.00"
"3631","1","0.00","0.00","0.00","0.00","866.90","901.58","16.85","0.00","34.68","34.68","918.43","866.90","901.58","16.85","Compound","14601","G:14601","Global","0.00","0.00","0.00","0.00","0.00","0.00","0.00","0.00","0.00","1","Unpaid","0.00","34.68","34.68","08/27/2013","918.43","0.00","0.00","0.00","0.00"
"3880","1","0.00","0.00","0.00","0.00","798.50","830.44","22.20","0.00","31.94","31.94","852.64","798.50","830.44","22.20","Compound","14602","G:14602","Global","0.00","0.00","0.00","0.00","0.00","0.00","0.00","0.00","0.00","1","Unpaid","0.00","31.94","31.94","08/27/2013","852.64","0.00","0.00","0.00","0.00"
"3806","1","0.00","0.00","0.00","0.00","0.00","0.00","24.13","0.00","0.00","0.00","24.13","0.00","0.00","26.21","Compound","14603","G:14603","Global","0.00","0.00","0.00","0.00","2.08","0.00","0.00","0.00","2.08","1","Partially Paid","0.00","0.00","0.00","08/27/2013","26.21","0.00","0.00","0.00","0.00","4069","1","","Open","0.00","0.00","0","2.08","Unknown","0","08/28/2013","Write Off","WOFF","2.08","(2.08)"
"3637","1","0.00","0.00","0.00","0.00","44.21","45.98","18.40","0.00","1.77","1.77","64.38","44.21","45.98","18.40","Compound","14604","G:14604","Global","0.00","0.00","0.00","0.00","0.00","0.00","0.00","0.00","0.00","1","Unpaid","0.00","1.77","1.77","08/27/2013","64.38","0.00","0.00","0.00","0.00"
"3853","1","0.00","0.00","0.00","0.00","1387.03","1442.51","4.73","0.00","55.48","55.48","1447.24","1387.03","1442.51","29.80","Compound","14605","G:14605","Global","0.00","0.00","0.00","0.00","25.07","0.00","0.00","0.00","25.07","1","Partially Paid","0.00","55.48","55.48","08/27/2013","1472.31","0.00","0.00","0.00","0.00","3854","1","","Open","0.00","0.00","0","25.07","Unknown","0","08/27/2013","Payment","PAY","25.07","(25.07)"
"3957","1","0.00","0.00","0.00","0.00","2384.27","2479.64","9.83","0.00","95.37","95.37","2489.47","2384.27","2479.64","17.73","Compound","14606","G:14606","Global","0.00","0.00","0.00","0.00","7.90","0.00","0.00","0.00","7.90","1","Partially Paid","0.00","95.37","95.37","08/27/2013","2497.37","0.00","0.00","0.00","0.00","3958","1","","Open","0.00","0.00","0","7.90","Unknown","0","08/27/2013","Payment","PAY","7.90","(7.90)"
"4014","1","0.00","0.00","0.00","0.00","0.00","0.00","22.46","0.00","0.00","0.00","22.46","0.00","0.00","30.54","Compound","14607","G:14607","Global","0.00","0.00","0.00","0.00","8.08","0.00","0.00","0.00","8.08","1","Partially Paid","0.00","0.00","0.00","08/27/2013","30.54","0.00","0.00","0.00","0.00","4171","1","","Open","0.00","0.00","0","8.08","Unknown","0","08/28/2013","Credit","CRED","8.08","(8.08)"
"3848","1","0.00","0.00","0.00","0.00","1850.02","1924.02","9.32","0.00","74.00","74.00","1933.34","1850.02","1924.02","9.32","Compound","14608","G:14608","Global","0.00","0.00","0.00","0.00","0.00","0.00","0.00","0.00","0.00","1","Unpaid","0.00","74.00","74.00","08/27/2013","1933.34","0.00","0.00","0.00","0.00"
"3908","1","0.00","0.00","0.00","0.00","259.43","269.81","8.83","0.00","10.38","10.38","278.64","259.43","269.81","8.83","Compound","14609","G:14609","Global","0.00","0.00","0.00","0.00","0.00","0.00","0.00","0.00","0.00","1","Unpaid","0.00","10.38","10.38","08/27/2013","278.64","0.00","0.00","0.00","0.00"
"3807","1","0.00","0.00","0.00","0.00","282.04","293.32","14.15","0.00","11.28","11.28","307.47","282.04","293.32","14.15","Compound","14610","G:14610","Global","0.00","0.00","0.00","0.00","0.00","0.00","0.00","0.00","0.00","1","Unpaid","0.00","11.28","11.28","08/27/2013","307.47","0.00","0.00","0.00","0.00"
"3969","1","0.00","0.00","0.00","0.00","319.54","332.33","0.00","0.00","12.79","12.79","332.33","329.63","342.82","14.58","Compound","14611","G:14611","Global","0.00","0.00","10.09","10.49","14.58","0.00","0.40","0.40","25.07","1","Partially Paid","0.00","13.19","13.19","08/27/2013","357.40","0.00","0.00","0.00","0.00","3970","1","","Open","0.00","10.49","0","14.58","Unknown","0","08/27/2013","Payment","PAY","25.07","(25.07)"
"4027","1","0.00","0.00","0.00","0.00","657.32","683.61","16.67","0.00","26.29","26.29","700.28","657.32","683.61","16.67","Compound","14612","G:14612","Global","0.00","0.00","0.00","0.00","0.00","0.00","0.00","0.00","0.00","1","Unpaid","0.00","26.29","26.29","08/27/2013","700.28","0.00","0.00","0.00","0.00"
"3976","1","0.00","0.00","0.00","0.00","436.93","454.41","18.05","0.00","17.48","17.48","472.46","436.93","454.41","18.05","Compound","14613","G:14613","Global","0.00","0.00","0.00","0.00","0.00","0.00","0.00","0.00","0.00","1","Unpaid","0.00","17.48","17.48","08/27/2013","472.46","0.00","0.00","0.00","0.00"
"3638","1","0.00","0.00","0.00","0.00","0.00","0.00","24.58","0.00","0.00","0.00","24.58","0.00","0.00","24.58","Compound","14614","G:14614","Global","0.00","0.00","0.00","0.00","0.00","0.00","0.00","0.00","0.00","1","Unpaid","0.00","0.00","0.00","08/27/2013","24.58","0.00","0.00","0.00","0.00"
"3974","1","0.00","0.00","0.00","0.00","0.00","0.00","28.29","0.00","0.00","0.00","28.29","0.00","0.00","28.29","Compound","14615","G:14615","Global","0.00","0.00","0.00","0.00","0.00","0.00","0.00","0.00","0.00","1","Unpaid","0.00","0.00","0.00","08/27/2013","28.29","0.00","0.00","0.00","0.00"
"3808","1","0.00","0.00","0.00","0.00","886.09","921.53","13.76","0.00","35.44","35.44","935.29","886.09","921.53","21.84","Compound","14616","G:14616","Global","0.00","0.00","0.00","0.00","8.08","0.00","0.00","0.00","8.08","1","Partially Paid","0.00","35.44","35.44","08/27/2013","943.37","0.00","0.00","0.00","0.00","4172","1","","Open","0.00","0.00","0","8.08","Unknown","0","08/28/2013","Credit","CRED","8.08","(8.08)"
"4002","1","0.00","0.00","0.00","0.00","977.85","1016.97","0.00","0.00","39.12","39.12","1016.97","1003.44","1043.58","2.81","Compound","14617","G:14617","Global","0.00","0.00","25.59","26.61","2.81","0.00","1.02","1.02","29.42","1","Partially Paid","0.00","40.14","40.14","08/27/2013","1046.39","0.00","0.00","0.00","0.00","3593","1","","Open","0.00","1.54","0","2.81","Unknown","0","07/28/2013","Credit","CRED","7.07","(7.07)","4003","1","","Open","0.00","25.07","0","0.00","Unknown","0","08/27/2013","Payment","PAY","25.07","(25.07)"
"3757","1","0.00","0.00","0.00","0.00","0.00","0.00","9.62","0.00","0.00","0.00","9.62","0.00","0.00","9.62","Compound","14618","G:14618","Global","0.00","0.00","0.00","0.00","0.00","0.00","0.00","0.00","0.00","1","Unpaid","0.00","0.00","0.00","08/27/2013","9.62","0.00","0.00","0.00","0.00"
"3878","1","0.00","0.00","0.00","0.00","1244.21","1293.98","3.11","0.00","49.77","49.77","1297.09","1244.21","1293.98","3.11","Compound","14619","G:14619","Global","0.00","0.00","0.00","0.00","0.00","0.00","0.00","0.00","0.00","1","Unpaid","0.00","49.77","49.77","08/27/2013","1297.09","0.00","0.00","0.00","0.00"
"3959","1","0.00","0.00","0.00","0.00","121.32","126.17","6.16","0.00","4.85","4.85","132.33","121.32","126.17","6.16","Compound","14620","G:14620","Global","0.00","0.00","0.00","0.00","0.00","0.00","0.00","0.00","0.00","1","Unpaid","0.00","4.85","4.85","08/27/2013","132.33","0.00","0.00","0.00","0.00"
"3932","1","0.00","0.00","0.00","0.00","224.64","233.63","13.07","0.00","8.99","8.99","246.70","224.64","233.63","13.07","Compound","14621","G:14621","Global","0.00","0.00","0.00","0.00","0.00","0.00","0.00","0.00","0.00","1","Unpaid","0.00","8.99","8.99","08/27/2013","246.70","0.00","0.00","0.00","0.00"
"3855","1","0.00","0.00","0.00","0.00","329.98","343.18","14.55","0.00","13.20","13.20","357.73","329.98","343.18","14.55","Compound","14622","G:14622","Global","0.00","0.00","0.00","0.00","0.00","0.00","0.00","0.00","0.00","1","Unpaid","0.00","13.20","13.20","08/27/2013","357.73","0.00","0.00","0.00","0.00"
"3977","1","0.00","0.00","0.00","0.00","646.23","672.08","0.00","0.00","25.85","25.85","672.08","658.01","684.33","15.90","Compound","14623","G:14623","Global","0.00","0.00","11.78","12.25","15.90","0.00","0.47","0.47","28.15","1","Partially Paid","0.00","26.32","26.32","08/27/2013","700.23","0.00","0.00","0.00","0.00","3978","1","","Open","0.00","9.17","0","15.90","Unknown","0","08/27/2013","Payment","PAY","25.07","(25.07)","4070","1","","Open","0.00","3.08","0","0.00","Unknown","0","08/28/2013","Write Off","WOFF","3.08","(3.08)"
"3758","1","0.00","0.00","0.00","0.00","437.39","454.89","10.36","0.00","17.50","17.50","465.25","437.39","454.89","18.00","Compound","14624","G:14624","Global","0.00","0.00","0.00","0.00","7.64","0.00","0.00","0.00","7.64","1","Partially Paid","0.00","17.50","17.50","08/27/2013","472.89","0.00","0.00","0.00","0.00","3759","1","","Open","0.00","0.00","0","7.64","Unknown","0","08/27/2013","Payment","PAY","7.64","(7.64)"
"3809","1","0.00","0.00","0.00","0.00","0.00","0.00","17.09","0.00","0.00","0.00","17.09","0.00","0.00","25.17","Compound","14625","G:14625","Global","0.00","0.00","0.00","0.00","8.08","0.00","0.00","0.00","8.08","1","Partially Paid","0.00","0.00","0.00","08/27/2013","25.17","0.00","0.00","0.00","0.00","4173","1","","Open","0.00","0.00","0","8.08","Unknown","0","08/28/2013","Credit","CRED","8.08","(8.08)"
"4028","1","0.00","0.00","0.00","0.00","771.55","802.41","28.22","0.00","30.86","30.86","830.63","771.55","802.41","28.22","Compound","14626","G:14626","Global","0.00","0.00","0.00","0.00","0.00","0.00","0.00","0.00","0.00","1","Unpaid","0.00","30.86","30.86","08/27/2013","830.63","0.00","0.00","0.00","0.00"
"3881","1","0.00","0.00","0.00","0.00","886.99","922.47","26.20","0.00","35.48","35.48","948.67","886.99","922.47","26.20","Compound","14627","G:14627","Global","0.00","0.00","0.00","0.00","0.00","0.00","0.00","0.00","0.00","1","Unpaid","0.00","35.48","35.48","08/27/2013","948.67","0.00","0.00","0.00","0.00"
"3963","1","0.00","0.00","0.00","0.00","1004.46","1044.64","13.09","0.00","40.18","40.18","1057.73","1004.46","1044.64","13.09","Compound","14628","G:14628","Global","0.00","0.00","0.00","0.00","0.00","0.00","0.00","0.00","0.00","1","Unpaid","0.00","40.18","40.18","08/27/2013","1057.73","0.00","0.00","0.00","0.00"
"3711","1","0.00","0.00","0.00","0.00","0.00","0.00","0.00","0.00","0.00","0.00","0.00","0.00","0.00","11.55","Compound","14629","G:14629","Global","0.00","0.00","0.00","0.00","11.55","0.00","0.00","0.00","11.55","1","Paid in Full","0.00","0.00","0.00","08/27/2013","11.55","0.00","0.00","0.00","0.00","3712","1","","Open","0.00","0.00","0","11.55","Unknown","0","08/27/2013","Payment","PAY","11.55","(11.55)"
"3639","1","0.00","0.00","0.00","0.00","1245.44","1295.26","6.69","0.00","49.82","49.82","1301.95","1245.44","1295.26","6.69","Compound","14630","G:14630","Global","0.00","0.00","0.00","0.00","0.00","0.00","0.00","0.00","0.00","1","Unpaid","0.00","49.82","49.82","08/27/2013","1301.95","0.00","0.00","0.00","0.00"
"3640","1","0.00","0.00","0.00","0.00","122.41","127.31","6.12","0.00","4.90","4.90","133.43","122.41","127.31","6.12","Compound","14631","G:14631","Global","0.00","0.00","0.00","0.00","0.00","0.00","0.00","0.00","0.00","1","Unpaid","0.00","4.90","4.90","08/27/2013","133.43","0.00","0.00","0.00","0.00"
"3641","1","0.00","0.00","0.00","0.00","231.04","240.28","12.94","0.00","9.24","9.24","253.22","231.04","240.28","12.94","Compound","14632","G:14632","Global","0.00","0.00","0.00","0.00","0.00","0.00","0.00","0.00","0.00","1","Unpaid","0.00","9.24","9.24","08/27/2013","253.22","0.00","0.00","0.00","0.00"
"4015","1","0.00","0.00","0.00","0.00","329.70","342.89","77.49","0.00","13.19","13.19","420.38","329.70","342.89","77.49","Compound","14633","G:14633","Global","0.00","0.00","0.00","0.00","0.00","0.00","0.00","0.00","0.00","1","Unpaid","0.00","13.19","13.19","08/27/2013","420.38","0.00","0.00","0.00","0.00"
"3736","1","0.00","0.00","0.00","0.00","645.05","670.85","7.60","0.00","25.80","25.80","678.45","645.05","670.85","15.68","Compound","14634","G:14634","Global","0.00","0.00","0.00","0.00","8.08","0.00","0.00","0.00","8.08","1","Partially Paid","0.00","25.80","25.80","08/27/2013","686.53","0.00","0.00","0.00","0.00","4174","1","","Open","0.00","0.00","0","8.08","Unknown","0","08/28/2013","Credit","CRED","8.08","(8.08)"
"3810","1","0.00","0.00","0.00","0.00","418.13","434.86","0.00","0.00","16.73","16.73","434.86","424.41","441.39","18.54","Compound","14635","G:14635","Global","0.00","0.00","6.28","6.53","18.54","0.00","0.25","0.25","25.07","1","Partially Paid","0.00","16.98","16.98","08/27/2013","459.93","0.00","0.00","0.00","0.00","3811","1","","Open","0.00","6.53","0","18.54","Unknown","0","08/27/2013","Payment","PAY","25.07","(25.07)"
"3933","1","0.00","0.00","0.00","0.00","0.00","0.00","24.73","0.00","0.00","0.00","24.73","0.00","0.00","24.73","Compound","14636","G:14636","Global","0.00","0.00","0.00","0.00","0.00","0.00","0.00","0.00","0.00","1","Unpaid","0.00","0.00","0.00","08/27/2013","24.73","0.00","0.00","0.00","0.00"
"3761","1","0.00","0.00","0.00","0.00","756.50","786.76","27.86","0.00","30.26","30.26","814.62","756.50","786.76","27.86","Compound","14637","G:14637","Global","0.00","0.00","0.00","0.00","0.00","0.00","0.00","0.00","0.00","1","Unpaid","0.00","30.26","30.26","08/27/2013","814.62","0.00","0.00","0.00","0.00"
"3856","1","0.00","0.00","0.00","0.00","845.26","879.07","25.61","0.00","33.81","33.81","904.68","845.26","879.07","25.61","Compound","14638","G:14638","Global","0.00","0.00","0.00","0.00","0.00","0.00","0.00","0.00","0.00","1","Unpaid","0.00","33.81","33.81","08/27/2013","904.68","0.00","0.00","0.00","0.00"
"3762","1","0.00","0.00","0.00","0.00","957.63","995.94","13.30","0.00","38.31","38.31","1009.24","957.63","995.94","13.30","Compound","14639","G:14639","Global","0.00","0.00","0.00","0.00","0.00","0.00","0.00","0.00","0.00","1","Unpaid","0.00","38.31","38.31","08/27/2013","1009.24","0.00","0.00","0.00","0.00"
"3642","1","0.00","0.00","0.00","0.00","0.00","0.00","11.70","0.00","0.00","0.00","11.70","0.00","0.00","11.70","Compound","14640","G:14640","Global","0.00","0.00","0.00","0.00","0.00","0.00","0.00","0.00","0.00","1","Unpaid","0.00","0.00","0.00","08/27/2013","11.70","0.00","0.00","0.00","0.00"
"3713","1","0.00","0.00","0.00","0.00","1125.33","1170.35","0.00","0.00","45.02","45.02","1170.35","1143.63","1189.38","6.04","Compound","14641","G:14641","Global","0.00","0.00","18.30","19.03","6.04","0.00","0.73","0.73","25.07","1","Partially Paid","0.00","45.75","45.75","08/27/2013","1195.42","0.00","0.00","0.00","0.00","3714","1","","Open","0.00","19.03","0","6.04","Unknown","0","08/27/2013","Payment","PAY","25.07","(25.07)"
"3909","1","0.00","0.00","0.00","0.00","126.14","131.19","6.05","0.00","5.05","5.05","137.24","126.14","131.19","6.05","Compound","14642","G:14642","Global","0.00","0.00","0.00","0.00","0.00","0.00","0.00","0.00","0.00","1","Unpaid","0.00","5.05","5.05","08/27/2013","137.24","0.00","0.00","0.00","0.00"
"4044","1","0.00","0.00","0.00","0.00","226.04","235.09","0.00","0.00","9.05","9.05","235.09","226.89","235.97","7.20","Compound","14643","G:14643","Global","0.00","0.00","0.85","0.88","7.20","0.00","0.03","0.03","8.08","1","Partially Paid","0.00","9.08","9.08","08/27/2013","243.17","0.00","0.00","0.00","0.00","4175","1","","Open","0.00","0.88","0","7.20","Unknown","0","08/28/2013","Credit","CRED","8.08","(8.08)"
"3934","1","0.00","0.00","0.00","0.00","333.25","346.58","30.71","0.00","13.33","13.33","377.29","333.25","346.58","30.71","Compound","14644","G:14644","Global","0.00","0.00","0.00","0.00","0.00","0.00","0.00","0.00","0.00","1","Unpaid","0.00","13.33","13.33","08/27/2013","377.29","0.00","0.00","0.00","0.00"
"3763","1","0.00","0.00","0.00","0.00","627.13","652.22","12.60","0.00","25.09","25.09","664.82","627.13","652.22","12.60","Compound","14645","G:14645","Global","0.00","0.00","0.00","0.00","0.00","0.00","0.00","0.00","0.00","1","Unpaid","0.00","25.09","25.09","08/27/2013","664.82","0.00","0.00","0.00","0.00"
"4029","1","0.00","0.00","0.00","0.00","429.07","446.23","19.18","0.00","17.16","17.16","465.41","429.07","446.23","19.18","Compound","14646","G:14646","Global","0.00","0.00","0.00","0.00","0.00","0.00","0.00","0.00","0.00","1","Unpaid","0.00","17.16","17.16","08/27/2013","465.41","0.00","0.00","0.00","0.00"
"4045","1","0.00","0.00","0.00","0.00","0.00","0.00","0.37","0.00","0.00","0.00","0.37","0.00","0.00","25.44","Compound","14647","G:14647","Global","0.00","0.00","0.00","0.00","25.07","0.00","0.00","0.00","25.07","1","Partially Paid","0.00","0.00","0.00","08/27/2013","25.44","0.00","0.00","0.00","0.00","4046","1","","Open","0.00","0.00","0","25.07","Unknown","0","08/27/2013","Payment","PAY","25.07","(25.07)"
"3812","1","0.00","0.00","0.00","0.00","742.90","772.62","27.79","0.00","29.72","29.72","800.41","742.90","772.62","27.79","Compound","14648","G:14648","Global","0.00","0.00","0.00","0.00","0.00","0.00","0.00","0.00","0.00","1","Unpaid","0.00","29.72","29.72","08/27/2013","800.41","0.00","0.00","0.00","0.00"
"3935","1","0.00","0.00","0.00","0.00","854.36","888.53","26.00","0.00","34.17","34.17","914.53","854.36","888.53","26.00","Compound","14649","G:14649","Global","0.00","0.00","0.00","0.00","0.00","0.00","0.00","0.00","0.00","1","Unpaid","0.00","34.17","34.17","08/27/2013","914.53","0.00","0.00","0.00","0.00"
"3882","1","0.00","0.00","0.00","0.00","931.04","968.28","13.66","0.00","37.24","37.24","981.94","931.04","968.28","13.66","Compound","14650","G:14650","Global","0.00","0.00","0.00","0.00","0.00","0.00","0.00","0.00","0.00","1","Unpaid","0.00","37.24","37.24","08/27/2013","981.94","0.00","0.00","0.00","0.00"
"3839","1","0.00","0.00","0.00","0.00","0.00","0.00","16.54","0.00","0.00","0.00","16.54","0.00","0.00","16.54","Compound","14651","G:14651","Global","0.00","0.00","0.00","0.00","0.00","0.00","0.00","0.00","0.00","1","Unpaid","0.00","0.00","0.00","08/27/2013","16.54","0.00","0.00","0.00","0.00"
"3883","1","0.00","0.00","0.00","0.00","2161.82","2248.29","3.13","0.00","86.47","86.47","2251.42","2161.82","2248.29","11.21","Compound","14652","G:14652","Global","0.00","0.00","0.00","0.00","8.08","0.00","0.00","0.00","8.08","1","Partially Paid","0.00","86.47","86.47","08/27/2013","2259.50","0.00","0.00","0.00","0.00","4176","1","","Open","0.00","0.00","0","8.08","Unknown","0","08/28/2013","Credit","CRED","8.08","(8.08)"
"3979","1","0.00","0.00","0.00","0.00","319.36","332.14","0.00","0.00","12.78","12.78","332.14","333.64","346.99","10.22","Compound","14653","G:14653","Global","0.00","0.00","14.28","14.85","10.22","0.00","0.57","0.57","25.07","1","Partially Paid","0.00","13.35","13.35","08/27/2013","357.21","0.00","0.00","0.00","0.00","3980","1","","Open","0.00","14.85","0","10.22","Unknown","0","08/27/2013","Payment","PAY","25.07","(25.07)"
"3648","1","0.00","0.00","0.00","0.00","464.23","482.80","0.00","0.00","18.57","18.57","482.80","613.89","638.45","17.35","Compound","14654","G:14654","Global","0.00","0.00","149.66","155.65","17.35","0.00","5.99","5.99","173.00","1","Partially Paid","0.00","24.56","24.56","08/27/2013","655.80","0.00","0.00","0.00","0.00","3515","1","","Open","0.00","155.65","0","17.35","Japan Credit Bureau (JCB)","0","07/28/2013","Payment","PAY","184.07","(184.07)"
"3647","1","0.00","0.00","0.00","0.00","422.56","439.46","5.43","0.00","16.90","16.90","444.89","422.56","439.46","16.50","Compound","14655","G:14655","Global","0.00","0.00","0.00","0.00","11.07","0.00","0.00","0.00","11.07","1","Partially Paid","0.00","16.90","16.90","08/27/2013","455.96","0.00","0.00","0.00","0.00","3575","1","","Open","0.00","0.00","0","11.07","Unknown","0","07/28/2013","Payment","PAY","11.07","(11.07)"
"3645","1","0.00","0.00","0.00","0.00","0.00","0.00","0.00","0.00","0.00","0.00","0.00","87.17","90.66","5.54","Compound","14656","G:14656","Global","0.00","0.00","87.17","90.66","5.54","0.00","3.49","3.49","96.20","1","Paid in Full","0.00","3.49","3.49","08/27/2013","96.20","0.00","0.00","0.00","0.00","3646","1","","Open","0.00","90.66","0","5.54","Unknown","0","08/27/2013","Payment","PAY","96.20","(96.20)"
"4030","1","0.00","0.00","0.00","0.00","1348.49","1402.43","27.25","0.00","53.94","53.94","1429.68","1348.49","1402.43","27.25","Compound","14657","G:14657","Global","0.00","0.00","0.00","0.00","0.00","0.00","0.00","0.00","0.00","1","Unpaid","0.00","53.94","53.94","08/27/2013","1429.68","0.00","0.00","0.00","0.00"
"3643","1","0.00","0.00","0.00","0.00","0.00","0.00","16.17","0.00","0.00","0.00","16.17","0.00","0.00","16.17","Compound","14658","G:14658","Global","0.00","0.00","0.00","0.00","0.00","0.00","0.00","0.00","0.00","1","Unpaid","0.00","0.00","0.00","08/27/2013","16.17","0.00","0.00","0.00","0.00"
"3981","1","0.00","0.00","0.00","0.00","2016.65","2097.32","17.94","0.00","80.67","80.67","2115.26","2016.65","2097.32","43.01","Compound","14659","G:14659","Global","0.00","0.00","0.00","0.00","25.07","0.00","0.00","0.00","25.07","1","Partially Paid","0.00","80.67","80.67","08/27/2013","2140.33","0.00","0.00","0.00","0.00","3982","1","","Open","0.00","0.00","0","25.07","Unknown","0","08/27/2013","Payment","PAY","25.07","(25.07)"
"4017","1","0.00","0.00","0.00","0.00","2534.62","2636.00","37.41","0.00","101.38","101.38","2673.41","2534.62","2636.00","37.41","Compound","14660","G:14660","Global","0.00","0.00","0.00","0.00","0.00","0.00","0.00","0.00","0.00","1","Unpaid","0.00","101.38","101.38","08/27/2013","2673.41","0.00","0.00","0.00","0.00"
"3745","1","0.00","0.00","0.00","0.00","691.01","718.65","4.89","0.00","27.64","27.64","723.54","691.01","718.65","12.97","Compound","14661","G:14661","Global","0.00","0.00","0.00","0.00","8.08","0.00","0.00","0.00","8.08","1","Partially Paid","0.00","27.64","27.64","08/27/2013","731.62","0.00","0.00","0.00","0.00","4177","1","","Open","0.00","0.00","0","8.08","Unknown","0","08/28/2013","Credit","CRED","8.08","(8.08)"
"3764","1","0.00","0.00","0.00","0.00","0.00","0.00","10.68","0.00","0.00","0.00","10.68","0.00","0.00","10.68","Compound","14662","G:14662","Global","0.00","0.00","0.00","0.00","0.00","0.00","0.00","0.00","0.00","1","Unpaid","0.00","0.00","0.00","08/27/2013","10.68","0.00","0.00","0.00","0.00"
"3910","1","0.00","0.00","0.00","0.00","2443.06","2540.78","11.62","0.00","97.72","97.72","2552.40","2443.06","2540.78","11.62","Compound","14663","G:14663","Global","0.00","0.00","0.00","0.00","0.00","0.00","0.00","0.00","0.00","1","Unpaid","0.00","97.72","97.72","08/27/2013","2552.40","0.00","0.00","0.00","0.00"
"3962","1","0.00","0.00","0.00","0.00","315.77","328.40","9.70","0.00","12.63","12.63","338.10","315.77","328.40","9.70","Compound","14664","G:14664","Global","0.00","0.00","0.00","0.00","0.00","0.00","0.00","0.00","0.00","1","Unpaid","0.00","12.63","12.63","08/27/2013","338.10","0.00","0.00","0.00","0.00"
"4047","1","0.00","0.00","0.00","0.00","0.00","0.00","0.00","0.00","0.00","0.00","0.00","0.00","0.00","23.54","Compound","14665","G:14665","Global","0.00","0.00","0.00","0.00","23.54","0.00","0.00","0.00","23.54","1","Paid in Full","0.00","0.00","0.00","08/27/2013","23.54","0.00","0.00","0.00","0.00","4048","1","","Open","0.00","0.00","0","23.54","Unknown","0","08/27/2013","Payment","PAY","23.54","(23.54)"
"4049","1","0.00","0.00","0.00","0.00","1072.51","1115.41","27.28","0.00","42.90","42.90","1142.69","1072.51","1115.41","27.28","Compound","14666","G:14666","Global","0.00","0.00","0.00","0.00","0.00","0.00","0.00","0.00","0.00","1","Unpaid","0.00","42.90","42.90","08/27/2013","1142.69","0.00","0.00","0.00","0.00"
"4018","1","0.00","0.00","0.00","0.00","1923.05","1999.97","36.11","0.00","76.92","76.92","2036.08","1923.05","1999.97","36.11","Compound","14667","G:14667","Global","0.00","0.00","0.00","0.00","0.00","0.00","0.00","0.00","0.00","1","Unpaid","0.00","76.92","76.92","08/27/2013","2036.08","0.00","0.00","0.00","0.00"
"3781","1","0.00","0.00","0.00","0.00","454.36","472.53","108.58","0.00","18.17","18.17","581.11","454.36","472.53","108.58","Compound","14668","G:14668","Global","0.00","0.00","0.00","0.00","0.00","0.00","0.00","0.00","0.00","1","Unpaid","0.00","18.17","18.17","08/27/2013","581.11","0.00","0.00","0.00","0.00"
"3737","1","0.00","0.00","0.00","0.00","0.00","0.00","41.96","0.00","0.00","0.00","41.96","0.00","0.00","41.96","Compound","14669","G:14669","Global","0.00","0.00","0.00","0.00","0.00","0.00","0.00","0.00","0.00","1","Unpaid","0.00","0.00","0.00","08/27/2013","41.96","0.00","0.00","0.00","0.00"
"3936","1","0.00","0.00","0.00","0.00","1736.64","1806.11","32.18","0.00","69.47","69.47","1838.29","1736.64","1806.11","40.26","Compound","14670","G:14670","Global","0.00","0.00","0.00","0.00","8.08","0.00","0.00","0.00","8.08","1","Partially Paid","0.00","69.47","69.47","08/27/2013","1846.37","0.00","0.00","0.00","0.00","4178","1","","Open","0.00","0.00","0","8.08","Unknown","0","08/28/2013","Credit","CRED","8.08","(8.08)"
"3846","1","0.00","0.00","0.00","0.00","885.68","921.11","2.32","0.00","35.43","35.43","923.43","885.68","921.11","27.39","Compound","14671","G:14671","Global","0.00","0.00","0.00","0.00","25.07","0.00","0.00","0.00","25.07","1","Partially Paid","0.00","35.43","35.43","08/27/2013","948.50","0.00","0.00","0.00","0.00","3847","1","","Open","0.00","0.00","0","25.07","Unknown","0","08/27/2013","Payment","PAY","25.07","(25.07)"
"3937","1","0.00","0.00","0.00","0.00","1002.98","1043.10","4.48","0.00","40.12","40.12","1047.58","1002.98","1043.10","15.01","Compound","14672","G:14672","Global","0.00","0.00","0.00","0.00","10.53","0.00","0.00","0.00","10.53","1","Partially Paid","0.00","40.12","40.12","08/27/2013","1058.11","0.00","0.00","0.00","0.00","3938","1","","Open","0.00","0.00","0","10.53","Unknown","0","08/27/2013","Payment","PAY","10.53","(10.53)"
"4040","1","0.00","0.00","0.00","0.00","0.00","0.00","12.58","0.00","0.00","0.00","12.58","0.00","0.00","12.58","Compound","14673","G:14673","Global","0.00","0.00","0.00","0.00","0.00","0.00","0.00","0.00","0.00","1","Unpaid","0.00","0.00","0.00","08/27/2013","12.58","0.00","0.00","0.00","0.00"
"3785","1","0.00","0.00","0.00","0.00","1243.65","1293.40","7.03","0.00","49.75","49.75","1300.43","1243.65","1293.40","7.03","Compound","14674","G:14674","Global","0.00","0.00","0.00","0.00","0.00","0.00","0.00","0.00","0.00","1","Unpaid","0.00","49.75","49.75","08/27/2013","1300.43","0.00","0.00","0.00","0.00"
"3885","1","0.00","0.00","0.00","0.00","121.26","126.11","5.92","0.00","4.85","4.85","132.03","121.26","126.11","5.92","Compound","14675","G:14675","Global","0.00","0.00","0.00","0.00","0.00","0.00","0.00","0.00","0.00","1","Unpaid","0.00","4.85","4.85","08/27/2013","132.03","0.00","0.00","0.00","0.00"
"3768","1","0.00","0.00","0.00","0.00","224.53","233.51","12.83","0.00","8.98","8.98","246.34","224.53","233.51","12.83","Compound","14676","G:14676","Global","0.00","0.00","0.00","0.00","0.00","0.00","0.00","0.00","0.00","1","Unpaid","0.00","8.98","8.98","08/27/2013","246.34","0.00","0.00","0.00","0.00"
"3911","1","0.00","0.00","0.00","0.00","319.47","332.25","0.00","0.00","12.78","12.78","332.25","329.82","343.01","14.31","Compound","14677","G:14677","Global","0.00","0.00","10.35","10.76","14.31","0.00","0.41","0.41","25.07","1","Partially Paid","0.00","13.19","13.19","08/27/2013","357.32","0.00","0.00","0.00","0.00","3912","1","","Open","0.00","10.76","0","14.31","Unknown","0","08/27/2013","Payment","PAY","25.07","(25.07)"
"3649","1","0.00","0.00","0.00","0.00","657.70","684.01","15.52","0.00","26.31","26.31","699.53","657.70","684.01","15.52","Compound","14678","G:14678","Global","0.00","0.00","0.00","0.00","0.00","0.00","0.00","0.00","0.00","1","Unpaid","0.00","26.31","26.31","08/27/2013","699.53","0.00","0.00","0.00","0.00"
"4043","1","0.00","0.00","0.00","0.00","437.18","454.67","9.41","0.00","17.49","17.49","464.08","437.18","454.67","17.49","Compound","14679","G:14679","Global","0.00","0.00","0.00","0.00","8.08","0.00","0.00","0.00","8.08","1","Partially Paid","0.00","17.49","17.49","08/27/2013","472.16","0.00","0.00","0.00","0.00","4179","1","","Open","0.00","0.00","0","8.08","Unknown","0","08/28/2013","Credit","CRED","8.08","(8.08)"
"3813","1","0.00","0.00","0.00","0.00","0.00","0.00","24.90","0.00","0.00","0.00","24.90","0.00","0.00","24.90","Compound","14680","G:14680","Global","0.00","0.00","0.00","0.00","0.00","0.00","0.00","0.00","0.00","1","Unpaid","0.00","0.00","0.00","08/27/2013","24.90","0.00","0.00","0.00","0.00"
"3650","1","0.00","0.00","0.00","0.00","771.19","802.04","27.98","0.00","30.85","30.85","830.02","771.19","802.04","27.98","Compound","14681","G:14681","Global","0.00","0.00","0.00","0.00","0.00","0.00","0.00","0.00","0.00","1","Unpaid","0.00","30.85","30.85","08/27/2013","830.02","0.00","0.00","0.00","0.00"
"3651","1","0.00","0.00","0.00","0.00","886.58","922.04","25.97","0.00","35.46","35.46","948.01","886.58","922.04","25.97","Compound","14682","G:14682","Global","0.00","0.00","0.00","0.00","0.00","0.00","0.00","0.00","0.00","1","Unpaid","0.00","35.46","35.46","08/27/2013","948.01","0.00","0.00","0.00","0.00"
"3715","1","0.00","0.00","0.00","0.00","992.03","1031.71","0.00","0.00","39.68","39.68","1031.71","1004.00","1044.16","12.62","Compound","14683","G:14683","Global","0.00","0.00","11.97","12.45","12.62","0.00","0.48","0.48","25.07","1","Partially Paid","0.00","40.16","40.16","08/27/2013","1056.78","0.00","0.00","0.00","0.00","3716","1","","Open","0.00","12.45","0","12.62","Unknown","0","08/27/2013","Payment","PAY","25.07","(25.07)"
"3751","1","0.00","0.00","0.00","0.00","0.00","0.00","11.08","0.00","0.00","0.00","11.08","0.00","0.00","11.08","Compound","14684","G:14684","Global","0.00","0.00","0.00","0.00","0.00","0.00","0.00","0.00","0.00","1","Unpaid","0.00","0.00","0.00","08/27/2013","11.08","0.00","0.00","0.00","0.00"
"3787","1","0.00","0.00","0.00","0.00","1244.88","1294.68","6.45","0.00","49.80","49.80","1301.13","1244.88","1294.68","6.45","Compound","14685","G:14685","Global","0.00","0.00","0.00","0.00","0.00","0.00","0.00","0.00","0.00","1","Unpaid","0.00","49.80","49.80","08/27/2013","1301.13","0.00","0.00","0.00","0.00"
"3886","1","0.00","0.00","0.00","0.00","121.39","126.25","5.88","0.00","4.86","4.86","132.13","121.39","126.25","5.88","Compound","14686","G:14686","Global","0.00","0.00","0.00","0.00","0.00","0.00","0.00","0.00","0.00","1","Unpaid","0.00","4.86","4.86","08/27/2013","132.13","0.00","0.00","0.00","0.00"
"3652","1","0.00","0.00","0.00","0.00","224.77","233.76","11.27","0.00","8.99","8.99","245.03","224.77","233.76","11.27","Compound","14687","G:14687","Global","0.00","0.00","0.00","0.00","0.00","0.00","0.00","0.00","0.00","1","Unpaid","0.00","8.99","8.99","08/27/2013","245.03","0.00","0.00","0.00","0.00"
"3983","1","0.00","0.00","0.00","0.00","330.18","343.39","3.62","0.00","13.21","13.21","347.01","330.18","343.39","11.70","Compound","14688","G:14688","Global","0.00","0.00","0.00","0.00","8.08","0.00","0.00","0.00","8.08","1","Partially Paid","0.00","13.21","13.21","08/27/2013","355.09","0.00","0.00","0.00","0.00","4180","1","","Open","0.00","0.00","0","8.08","Unknown","0","08/28/2013","Credit","CRED","8.08","(8.08)"
"3913","1","0.00","0.00","0.00","0.00","649.06","675.03","0.00","0.00","25.97","25.97","675.03","658.38","684.72","15.38","Compound","14689","G:14689","Global","0.00","0.00","9.32","9.69","15.38","0.00","0.37","0.37","25.07","1","Partially Paid","0.00","26.34","26.34","08/27/2013","700.10","0.00","0.00","0.00","0.00","3914","1","","Open","0.00","9.69","0","15.38","Unknown","0","08/27/2013","Payment","PAY","25.07","(25.07)"
"3653","1","0.00","0.00","0.00","0.00","0.00","0.00","11.02","0.00","0.00","0.00","11.02","0.00","0.00","18.34","Compound","14690","G:14690","Global","0.00","0.00","0.00","0.00","7.32","0.00","0.00","0.00","7.32","1","Partially Paid","0.00","0.00","0.00","08/27/2013","18.34","0.00","0.00","0.00","0.00","3654","1","","Open","0.00","0.00","0","7.32","Unknown","0","08/27/2013","Payment","PAY","7.32","(7.32)"
"3721","1","0.00","0.00","0.00","0.00","0.00","0.00","20.99","0.00","0.00","0.00","20.99","0.00","0.00","20.99","Compound","14691","G:14691","Global","0.00","0.00","0.00","0.00","0.00","0.00","0.00","0.00","0.00","1","Unpaid","0.00","0.00","0.00","08/27/2013","20.99","0.00","0.00","0.00","0.00"
"3984","1","0.00","0.00","0.00","0.00","756.14","786.39","18.37","0.00","30.25","30.25","804.76","756.14","786.39","18.37","Compound","14692","G:14692","Global","0.00","0.00","0.00","0.00","0.00","0.00","0.00","0.00","0.00","1","Unpaid","0.00","30.25","30.25","08/27/2013","804.76","0.00","0.00","0.00","0.00"
"3985","1","0.00","0.00","0.00","0.00","844.85","878.64","13.79","0.00","33.79","33.79","892.43","844.85","878.64","13.79","Compound","14693","G:14693","Global","0.00","0.00","0.00","0.00","0.00","0.00","0.00","0.00","0.00","1","Unpaid","0.00","33.79","33.79","08/27/2013","892.43","0.00","0.00","0.00","0.00"
"3655","1","0.00","0.00","0.00","0.00","957.17","995.46","11.48","0.00","38.29","38.29","1006.94","957.17","995.46","11.48","Compound","14694","G:14694","Global","0.00","0.00","0.00","0.00","0.00","0.00","0.00","0.00","0.00","1","Unpaid","0.00","38.29","38.29","08/27/2013","1006.94","0.00","0.00","0.00","0.00"
"3788","1","0.00","0.00","0.00","0.00","0.00","0.00","0.00","0.00","0.00","0.00","0.00","0.00","0.00","9.04","Compound","14695","G:14695","Global","0.00","0.00","0.00","0.00","9.04","0.00","0.00","0.00","9.04","1","Paid in Full","0.00","0.00","0.00","08/27/2013","9.04","0.00","0.00","0.00","0.00","3789","1","","Open","0.00","0.00","0","9.04","Unknown","0","08/27/2013","Payment","PAY","9.04","(9.04)"
"4031","1","0.00","0.00","0.00","0.00","1143.07","1188.79","6.76","0.00","45.72","45.72","1195.55","1143.07","1188.79","6.76","Compound","14696","G:14696","Global","0.00","0.00","0.00","0.00","0.00","0.00","0.00","0.00","0.00","1","Unpaid","0.00","45.72","45.72","08/27/2013","1195.55","0.00","0.00","0.00","0.00"
"3656","1","0.00","0.00","0.00","0.00","124.31","129.28","0.00","0.00","4.97","4.97","129.28","126.08","131.12","6.24","Compound","14697","G:14697","Global","0.00","0.00","1.77","1.84","6.24","0.00","0.07","0.07","8.08","1","Partially Paid","0.00","5.04","5.04","08/27/2013","137.36","0.00","0.00","0.00","0.00","4181","1","","Open","0.00","1.84","0","6.24","Unknown","0","08/28/2013","Credit","CRED","8.08","(8.08)"
"3884","1","0.00","0.00","0.00","0.00","115.27","119.88","0.00","0.00","4.61","4.61","119.88","226.78","235.85","13.03","Compound","14698","G:14698","Global","0.00","0.00","111.51","115.97","13.03","0.00","4.46","4.46","129.00","1","Partially Paid","0.00","9.07","9.07","08/27/2013","248.88","0.00","0.00","0.00","0.00","3525","1","","Open","0.00","115.97","0","13.03","Japan Credit Bureau (JCB)","0","07/28/2013","Payment","PAY","228.07","(228.07)"
"3760","1","0.00","0.00","0.00","0.00","333.09","346.41","13.61","0.00","13.32","13.32","360.02","333.09","346.41","13.61","Compound","14699","G:14699","Global","0.00","0.00","0.00","0.00","0.00","0.00","0.00","0.00","0.00","1","Unpaid","0.00","13.32","13.32","08/27/2013","360.02","0.00","0.00","0.00","0.00"
"3765","1","0.00","0.00","0.00","0.00","626.82","651.89","15.73","0.00","25.07","25.07","667.62","626.82","651.89","15.73","Compound","14700","G:14700","Global","0.00","0.00","0.00","0.00","0.00","0.00","0.00","0.00","0.00","1","Unpaid","0.00","25.07","25.07","08/27/2013","667.62","0.00","0.00","0.00","0.00"
"3939","1","0.00","0.00","0.00","0.00","422.12","439.00","0.00","0.00","16.88","16.88","439.00","428.86","446.01","18.06","Compound","14701","G:14701","Global","0.00","0.00","6.74","7.01","18.06","0.00","0.27","0.27","25.07","1","Partially Paid","0.00","17.15","17.15","08/27/2013","464.07","0.00","0.00","0.00","0.00","3940","1","","Open","0.00","7.01","0","18.06","Unknown","0","08/27/2013","Payment","PAY","25.07","(25.07)"
"3718","1","0.00","0.00","0.00","0.00","0.00","0.00","24.32","0.00","0.00","0.00","24.32","0.00","0.00","24.32","Compound","14702","G:14702","Global","0.00","0.00","0.00","0.00","0.00","0.00","0.00","0.00","0.00","1","Unpaid","0.00","0.00","0.00","08/27/2013","24.32","0.00","0.00","0.00","0.00"
"3986","1","0.00","0.00","0.00","0.00","742.54","772.24","160.39","0.00","29.70","29.70","932.63","742.54","772.24","160.39","Compound","14703","G:14703","Global","0.00","0.00","0.00","0.00","0.00","0.00","0.00","0.00","0.00","1","Unpaid","0.00","29.70","29.70","08/27/2013","932.63","0.00","0.00","0.00","0.00"
"3814","1","0.00","0.00","0.00","0.00","853.95","888.11","25.19","0.00","34.16","34.16","913.30","853.95","888.11","25.19","Compound","14704","G:14704","Global","0.00","0.00","0.00","0.00","0.00","0.00","0.00","0.00","0.00","1","Unpaid","0.00","34.16","34.16","08/27/2013","913.30","0.00","0.00","0.00","0.00"
"3815","1","0.00","0.00","0.00","0.00","930.58","967.80","13.96","0.00","37.22","37.22","981.76","930.58","967.80","13.96","Compound","14705","G:14705","Global","0.00","0.00","0.00","0.00","0.00","0.00","0.00","0.00","0.00","1","Unpaid","0.00","37.22","37.22","08/27/2013","981.76","0.00","0.00","0.00","0.00"
"3857","1","0.00","0.00","0.00","0.00","0.00","0.00","3.84","0.00","0.00","0.00","3.84","0.00","0.00","11.92","Compound","14706","G:14706","Global","0.00","0.00","0.00","0.00","8.08","0.00","0.00","0.00","8.08","1","Partially Paid","0.00","0.00","0.00","08/27/2013","11.92","0.00","0.00","0.00","0.00","4182","1","","Open","0.00","0.00","0","8.08","Unknown","0","08/28/2013","Credit","CRED","8.08","(8.08)"
"3657","1","0.00","0.00","0.00","0.00","1160.38","1206.80","0.00","0.00","46.42","46.42","1206.80","1177.90","1225.02","6.85","Compound","14707","G:14707","Global","0.00","0.00","17.52","18.22","6.85","0.00","0.70","0.70","25.07","1","Partially Paid","0.00","47.12","47.12","08/27/2013","1231.87","0.00","0.00","0.00","0.00","3658","1","","Open","0.00","18.22","0","6.85","Unknown","0","08/27/2013","Payment","PAY","25.07","(25.07)"
"3858","1","0.00","0.00","0.00","0.00","123.82","128.77","5.38","0.00","4.95","4.95","134.15","123.82","128.77","5.38","Compound","14708","G:14708","Global","0.00","0.00","0.00","0.00","0.00","0.00","0.00","0.00","0.00","1","Unpaid","0.00","4.95","4.95","08/27/2013","134.15","0.00","0.00","0.00","0.00"
"3859","1","0.00","0.00","0.00","0.00","229.22","238.39","12.15","0.00","9.17","9.17","250.54","229.22","238.39","12.15","Compound","14709","G:14709","Global","0.00","0.00","0.00","0.00","0.00","0.00","0.00","0.00","0.00","1","Unpaid","0.00","9.17","9.17","08/27/2013","250.54","0.00","0.00","0.00","0.00"
"3790","1","0.00","0.00","0.00","0.00","323.84","336.79","13.67","0.00","12.95","12.95","350.46","323.84","336.79","13.67","Compound","14710","G:14710","Global","0.00","0.00","0.00","0.00","0.00","0.00","0.00","0.00","0.00","1","Unpaid","0.00","12.95","12.95","08/27/2013","350.46","0.00","0.00","0.00","0.00"
"3860","1","0.00","0.00","0.00","0.00","1085.06","1128.46","22.76","0.00","43.40","43.40","1151.22","1085.06","1128.46","22.76","Compound","14711","G:14711","Global","0.00","0.00","0.00","0.00","0.00","0.00","0.00","0.00","0.00","1","Unpaid","0.00","43.40","43.40","08/27/2013","1151.22","0.00","0.00","0.00","0.00"
"3941","1","0.00","0.00","0.00","0.00","1024.88","1065.88","23.76","0.00","41.00","41.00","1089.64","1024.88","1065.88","23.76","Compound","14712","G:14712","Global","0.00","0.00","0.00","0.00","0.00","0.00","0.00","0.00","0.00","1","Unpaid","0.00","41.00","41.00","08/27/2013","1089.64","0.00","0.00","0.00","0.00"
"3659","1","0.00","0.00","0.00","0.00","0.00","0.00","0.00","0.00","0.00","0.00","0.00","0.00","0.00","16.57","Compound","14713","G:14713","Global","0.00","0.00","0.00","0.00","16.57","0.00","0.00","0.00","16.57","1","Paid in Full","0.00","0.00","0.00","08/27/2013","16.57","0.00","0.00","0.00","0.00","3660","1","","Open","0.00","0.00","0","16.57","Unknown","0","08/27/2013","Payment","PAY","16.57","(16.57)"
"3915","1","0.00","0.00","0.00","0.00","1591.49","1655.15","37.02","0.00","63.66","63.66","1692.17","1591.49","1655.15","37.02","Compound","14714","G:14714","Global","0.00","0.00","0.00","0.00","0.00","0.00","0.00","0.00","0.00","1","Unpaid","0.00","63.66","63.66","08/27/2013","1692.17","0.00","0.00","0.00","0.00"
"3994","1","0.00","0.00","0.00","0.00","0.00","0.00","27.97","0.00","0.00","0.00","27.97","0.00","0.00","36.05","Compound","14715","G:14715","Global","0.00","0.00","0.00","0.00","8.08","0.00","0.00","0.00","8.08","1","Partially Paid","0.00","0.00","0.00","08/27/2013","36.05","0.00","0.00","0.00","0.00","4183","1","","Open","0.00","0.00","0","8.08","Unknown","0","08/28/2013","Credit","CRED","8.08","(8.08)"
"3988","1","0.00","0.00","0.00","0.00","2631.75","2737.02","17.80","0.00","105.27","105.27","2754.82","2631.75","2737.02","17.80","Compound","14716","G:14716","Global","0.00","0.00","0.00","0.00","0.00","0.00","0.00","0.00","0.00","1","Unpaid","0.00","105.27","105.27","08/27/2013","2754.82","0.00","0.00","0.00","0.00"
"3816","1","0.00","0.00","0.00","0.00","0.00","0.00","13.42","0.00","0.00","0.00","13.42","0.00","0.00","13.42","Compound","14717","G:14717","Global","0.00","0.00","0.00","0.00","0.00","0.00","0.00","0.00","0.00","1","Unpaid","0.00","0.00","0.00","08/27/2013","13.42","0.00","0.00","0.00","0.00"
"3722","1","0.00","0.00","0.00","0.00","661.70","688.17","2.83","0.00","26.47","26.47","691.00","661.70","688.17","2.83","Compound","14718","G:14718","Global","0.00","0.00","0.00","0.00","0.00","0.00","0.00","0.00","0.00","1","Unpaid","0.00","26.47","26.47","08/27/2013","691.00","0.00","0.00","0.00","0.00"
"3887","1","0.00","0.00","0.00","0.00","215.89","224.52","0.00","0.00","8.63","8.63","224.52","236.51","245.97","3.62","Compound","14719","G:14719","Global","0.00","0.00","20.62","21.45","3.62","0.00","0.83","0.83","25.07","1","Partially Paid","0.00","9.46","9.46","08/27/2013","249.59","0.00","0.00","0.00","0.00","3888","1","","Open","0.00","21.45","0","3.62","Unknown","0","08/27/2013","Payment","PAY","25.07","(25.07)"
"3724","1","0.00","0.00","0.00","0.00","134.42","139.80","8.55","0.00","5.38","5.38","148.35","134.42","139.80","8.55","Compound","14720","G:14720","Global","0.00","0.00","0.00","0.00","0.00","0.00","0.00","0.00","0.00","1","Unpaid","0.00","5.38","5.38","08/27/2013","148.35","0.00","0.00","0.00","0.00"
"3817","1","0.00","0.00","0.00","0.00","441.95","459.63","17.08","0.00","17.68","17.68","476.71","441.95","459.63","17.08","Compound","14721","G:14721","Global","0.00","0.00","0.00","0.00","0.00","0.00","0.00","0.00","0.00","1","Unpaid","0.00","17.68","17.68","08/27/2013","476.71","0.00","0.00","0.00","0.00"
"3725","1","0.00","0.00","0.00","0.00","385.14","400.55","11.77","0.00","15.41","15.41","412.32","385.14","400.55","11.77","Compound","14722","G:14722","Global","0.00","0.00","0.00","0.00","0.00","0.00","0.00","0.00","0.00","1","Unpaid","0.00","15.41","15.41","08/27/2013","412.32","0.00","0.00","0.00","0.00"
"3791","1","0.00","0.00","0.00","0.00","491.95","511.63","17.40","0.00","19.68","19.68","529.03","491.95","511.63","17.40","Compound","14723","G:14723","Global","0.00","0.00","0.00","0.00","0.00","0.00","0.00","0.00","0.00","1","Unpaid","0.00","19.68","19.68","08/27/2013","529.03","0.00","0.00","0.00","0.00"
"3661","1","0.00","0.00","0.00","0.00","0.00","0.00","8.48","0.00","0.00","0.00","8.48","0.00","0.00","16.56","Compound","14724","G:14724","Global","0.00","0.00","0.00","0.00","8.08","0.00","0.00","0.00","8.08","1","Partially Paid","0.00","0.00","0.00","08/27/2013","16.56","0.00","0.00","0.00","0.00","4184","1","","Open","0.00","0.00","0","8.08","Unknown","0","08/28/2013","Credit","CRED","8.08","(8.08)"
"4000","1","0.00","0.00","0.00","0.00","2132.28","2217.57","19.84","0.00","85.29","85.29","2237.41","2132.28","2217.57","44.91","Compound","14725","G:14725","Global","0.00","0.00","0.00","0.00","25.07","0.00","0.00","0.00","25.07","1","Partially Paid","0.00","85.29","85.29","08/27/2013","2262.48","0.00","0.00","0.00","0.00","4001","1","","Open","0.00","0.00","0","25.07","Unknown","0","08/27/2013","Payment","PAY","25.07","(25.07)"
"3756","1","0.00","0.00","0.00","0.00","682.93","710.25","0.00","0.00","27.32","27.32","710.25","706.51","734.77","24.56","Compound","14726","G:14726","Global","0.00","0.00","23.58","24.52","24.56","0.00","0.94","0.94","49.08","1","Partially Paid","0.00","28.26","28.26","08/27/2013","759.33","0.00","0.00","0.00","0.00","4073","1","","Open","0.00","24.52","0","24.56","Unknown","0","08/28/2013","Discount","DISC","49.08","(49.08)"
"3871","1","0.00","0.00","0.00","0.00","1685.16","1752.57","15.25","0.00","67.41","67.41","1767.82","1685.16","1752.57","15.25","Compound","14727","G:14727","Global","0.00","0.00","0.00","0.00","0.00","0.00","0.00","0.00","0.00","1","Unpaid","0.00","67.41","67.41","08/27/2013","1767.82","0.00","0.00","0.00","0.00"
"3792","1","0.00","0.00","0.00","0.00","0.00","0.00","11.60","0.00","0.00","0.00","11.60","0.00","0.00","11.60","Compound","14728","G:14728","Global","0.00","0.00","0.00","0.00","0.00","0.00","0.00","0.00","0.00","1","Unpaid","0.00","0.00","0.00","08/27/2013","11.60","0.00","0.00","0.00","0.00"
"3704","1","0.00","0.00","0.00","0.00","0.00","0.00","2.11","0.00","0.00","0.00","2.11","0.00","0.00","2.11","Compound","14729","G:14729","Global","0.00","0.00","0.00","0.00","0.00","0.00","0.00","0.00","0.00","1","Unpaid","0.00","0.00","0.00","08/27/2013","2.11","0.00","0.00","0.00","0.00"
"3890","1","0.00","0.00","0.00","0.00","0.00","0.00","8.45","0.00","0.00","0.00","8.45","0.00","0.00","8.45","Compound","14730","G:14730","Global","0.00","0.00","0.00","0.00","0.00","0.00","0.00","0.00","0.00","1","Unpaid","0.00","0.00","0.00","08/27/2013","8.45","0.00","0.00","0.00","0.00"
"3662","1","0.00","0.00","0.00","0.00","0.00","0.00","0.00","0.00","0.00","0.00","0.00","0.00","0.00","12.58","Compound","14731","G:14731","Global","0.00","0.00","0.00","0.00","12.58","0.00","0.00","0.00","12.58","1","Paid in Full","0.00","0.00","0.00","08/27/2013","12.58","0.00","0.00","0.00","0.00","3663","1","","Open","0.00","0.00","0","12.58","Unknown","0","08/27/2013","Payment","PAY","12.58","(12.58)"
"3793","1","0.00","0.00","0.00","0.00","0.00","0.00","14.04","0.00","0.00","0.00","14.04","0.00","0.00","14.04","Compound","14732","G:14732","Global","0.00","0.00","0.00","0.00","0.00","0.00","0.00","0.00","0.00","1","Unpaid","0.00","0.00","0.00","08/27/2013","14.04","0.00","0.00","0.00","0.00"
"3903","1","0.00","0.00","0.00","0.00","0.00","0.00","6.95","0.00","0.00","0.00","6.95","0.00","0.00","15.03","Compound","14733","G:14733","Global","0.00","0.00","0.00","0.00","8.08","0.00","0.00","0.00","8.08","1","Partially Paid","0.00","0.00","0.00","08/27/2013","15.03","0.00","0.00","0.00","0.00","4185","1","","Open","0.00","0.00","0","8.08","Unknown","0","08/28/2013","Credit","CRED","8.08","(8.08)"
"3916","1","0.00","0.00","0.00","0.00","0.00","0.00","16.94","0.00","0.00","0.00","16.94","0.00","0.00","16.94","Compound","14734","G:14734","Global","0.00","0.00","0.00","0.00","0.00","0.00","0.00","0.00","0.00","1","Unpaid","0.00","0.00","0.00","08/27/2013","16.94","0.00","0.00","0.00","0.00"
"3961","1","0.00","0.00","0.00","0.00","0.00","0.00","24.63","0.00","0.00","0.00","24.63","0.00","0.00","24.63","Compound","14735","G:14735","Global","0.00","0.00","0.00","0.00","0.00","0.00","0.00","0.00","0.00","1","Unpaid","0.00","0.00","0.00","08/27/2013","24.63","0.00","0.00","0.00","0.00"
"3917","1","0.00","0.00","0.00","0.00","0.00","0.00","27.68","0.00","0.00","0.00","27.68","0.00","0.00","27.68","Compound","14736","G:14736","Global","0.00","0.00","0.00","0.00","0.00","0.00","0.00","0.00","0.00","1","Unpaid","0.00","0.00","0.00","08/27/2013","27.68","0.00","0.00","0.00","0.00"
"3942","1","0.00","0.00","0.00","0.00","0.00","0.00","0.62","0.00","0.00","0.00","0.62","0.00","0.00","25.69","Compound","14737","G:14737","Global","0.00","0.00","0.00","0.00","25.07","0.00","0.00","0.00","25.07","1","Partially Paid","0.00","0.00","0.00","08/27/2013","25.69","0.00","0.00","0.00","0.00","3943","1","","Open","0.00","0.00","0","25.07","Unknown","0","08/27/2013","Payment","PAY","25.07","(25.07)"
"3918","1","0.00","0.00","0.00","0.00","0.00","0.00","168.95","0.00","0.00","0.00","168.95","0.00","0.00","181.15","Compound","14738","G:14738","Global","0.00","0.00","0.00","0.00","12.20","0.00","0.00","0.00","12.20","1","Partially Paid","0.00","0.00","0.00","08/27/2013","181.15","0.00","0.00","0.00","0.00","3919","1","","Open","0.00","0.00","0","12.20","Unknown","0","08/27/2013","Payment","PAY","12.20","(12.20)"
"4051","1","0.00","0.00","0.00","0.00","0.00","0.00","11.32","0.00","0.00","0.00","11.32","0.00","0.00","11.32","Compound","14739","G:14739","Global","0.00","0.00","0.00","0.00","0.00","0.00","0.00","0.00","0.00","1","Unpaid","0.00","0.00","0.00","08/27/2013","11.32","0.00","0.00","0.00","0.00"
"3861","1","0.00","0.00","0.00","0.00","0.00","0.00","6.93","0.00","0.00","0.00","6.93","0.00","0.00","6.93","Compound","14740","G:14740","Global","0.00","0.00","0.00","0.00","0.00","0.00","0.00","0.00","0.00","1","Unpaid","0.00","0.00","0.00","08/27/2013","6.93","0.00","0.00","0.00","0.00"
"3944","1","0.00","0.00","0.00","0.00","0.00","0.00","5.39","0.00","0.00","0.00","5.39","0.00","0.00","5.39","Compound","14741","G:14741","Global","0.00","0.00","0.00","0.00","0.00","0.00","0.00","0.00","0.00","1","Unpaid","0.00","0.00","0.00","08/27/2013","5.39","0.00","0.00","0.00","0.00"
"4032","1","0.00","0.00","0.00","0.00","0.00","0.00","1.28","0.00","0.00","0.00","1.28","0.00","0.00","9.36","Compound","14742","G:14742","Global","0.00","0.00","0.00","0.00","8.08","0.00","0.00","0.00","8.08","1","Partially Paid","0.00","0.00","0.00","08/27/2013","9.36","0.00","0.00","0.00","0.00","4186","1","","Open","0.00","0.00","0","8.08","Unknown","0","08/28/2013","Credit","CRED","8.08","(8.08)"
"4052","1","0.00","0.00","0.00","0.00","0.00","0.00","0.00","0.00","0.00","0.00","0.00","0.00","0.00","13.56","Compound","14743","G:14743","Global","0.00","0.00","0.00","0.00","13.56","0.00","0.00","0.00","13.56","1","Paid in Full","0.00","0.00","0.00","08/27/2013","13.56","0.00","0.00","0.00","0.00","4053","1","","Open","0.00","0.00","0","13.56","Unknown","0","08/27/2013","Payment","PAY","13.56","(13.56)"
"3862","1","0.00","0.00","0.00","0.00","0.00","0.00","11.68","0.00","0.00","0.00","11.68","0.00","0.00","11.68","Compound","14744","G:14744","Global","0.00","0.00","0.00","0.00","0.00","0.00","0.00","0.00","0.00","1","Unpaid","0.00","0.00","0.00","08/27/2013","11.68","0.00","0.00","0.00","0.00"
"3945","1","0.00","0.00","0.00","0.00","0.00","0.00","18.04","0.00","0.00","0.00","18.04","0.00","0.00","18.04","Compound","14745","G:14745","Global","0.00","0.00","0.00","0.00","0.00","0.00","0.00","0.00","0.00","1","Unpaid","0.00","0.00","0.00","08/27/2013","18.04","0.00","0.00","0.00","0.00"
"3965","1","0.00","0.00","0.00","0.00","0.00","0.00","24.60","0.00","0.00","0.00","24.60","0.00","0.00","24.60","Compound","14746","G:14746","Global","0.00","0.00","0.00","0.00","0.00","0.00","0.00","0.00","0.00","1","Unpaid","0.00","0.00","0.00","08/27/2013","24.60","0.00","0.00","0.00","0.00"
"3946","1","0.00","0.00","0.00","0.00","0.00","0.00","27.65","0.00","0.00","0.00","27.65","0.00","0.00","27.65","Compound","14747","G:14747","Global","0.00","0.00","0.00","0.00","0.00","0.00","0.00","0.00","0.00","1","Unpaid","0.00","0.00","0.00","08/27/2013","27.65","0.00","0.00","0.00","0.00"
"3967","1","0.00","0.00","0.00","0.00","0.00","0.00","24.47","0.00","0.00","0.00","24.47","0.00","0.00","24.47","Compound","14748","G:14748","Global","0.00","0.00","0.00","0.00","0.00","0.00","0.00","0.00","0.00","1","Unpaid","0.00","0.00","0.00","08/27/2013","24.47","0.00","0.00","0.00","0.00"
"3863","1","0.00","0.00","0.00","0.00","0.00","0.00","0.00","0.00","0.00","0.00","0.00","0.00","0.00","12.01","Compound","14749","G:14749","Global","0.00","0.00","0.00","0.00","12.01","0.00","0.00","0.00","12.01","1","Paid in Full","0.00","0.00","0.00","08/27/2013","12.01","0.00","0.00","0.00","0.00","3864","1","","Open","0.00","0.00","0","12.01","Unknown","0","08/27/2013","Payment","PAY","12.01","(12.01)"
"3891","1","0.00","0.00","0.00","0.00","0.00","0.00","11.73","0.00","0.00","0.00","11.73","0.00","0.00","11.73","Compound","14750","G:14750","Global","0.00","0.00","0.00","0.00","0.00","0.00","0.00","0.00","0.00","1","Unpaid","0.00","0.00","0.00","08/27/2013","11.73","0.00","0.00","0.00","0.00"
"3889","1","0.00","0.00","0.00","0.00","0.00","0.00","0.00","0.00","0.00","0.00","0.00","0.00","0.00","6.09","Compound","14751","G:14751","Global","0.00","0.00","0.00","0.00","6.09","0.00","0.00","0.00","6.09","1","Paid in Full","0.00","0.00","0.00","08/27/2013","6.09","0.00","0.00","0.00","0.00","4187","1","","Open","0.00","0.00","0","6.09","Unknown","0","08/28/2013","Credit","CRED","8.08","(8.08)"
"3987","1","0.00","0.00","0.00","0.00","0.00","0.00","5.54","0.00","0.00","0.00","5.54","0.00","0.00","5.54","Compound","14752","G:14752","Global","0.00","0.00","0.00","0.00","0.00","0.00","0.00","0.00","0.00","1","Unpaid","0.00","0.00","0.00","08/27/2013","5.54","0.00","0.00","0.00","0.00"
"3726","1","0.00","0.00","0.00","0.00","0.00","0.00","11.15","0.00","0.00","0.00","11.15","0.00","0.00","11.15","Compound","14753","G:14753","Global","0.00","0.00","0.00","0.00","0.00","0.00","0.00","0.00","0.00","1","Unpaid","0.00","0.00","0.00","08/27/2013","11.15","0.00","0.00","0.00","0.00"
"3920","1","0.00","0.00","0.00","0.00","0.00","0.00","12.28","0.00","0.00","0.00","12.28","0.00","0.00","12.28","Compound","14754","G:14754","Global","0.00","0.00","0.00","0.00","0.00","0.00","0.00","0.00","0.00","1","Unpaid","0.00","0.00","0.00","08/27/2013","12.28","0.00","0.00","0.00","0.00"
"3865","1","0.00","0.00","0.00","0.00","0.00","0.00","0.00","0.00","0.00","0.00","0.00","0.00","0.00","15.49","Compound","14755","G:14755","Global","0.00","0.00","0.00","0.00","15.49","0.00","0.00","0.00","15.49","1","Paid in Full","0.00","0.00","0.00","08/27/2013","15.49","0.00","0.00","0.00","0.00","3866","1","","Open","0.00","0.00","0","15.49","Unknown","0","08/27/2013","Payment","PAY","15.49","(15.49)"
"3818","1","0.00","0.00","0.00","0.00","0.00","0.00","10.09","0.00","0.00","0.00","10.09","0.00","0.00","17.86","Compound","14756","G:14756","Global","0.00","0.00","0.00","0.00","7.77","0.00","0.00","0.00","7.77","1","Partially Paid","0.00","0.00","0.00","08/27/2013","17.86","0.00","0.00","0.00","0.00","3819","1","","Open","0.00","0.00","0","7.77","Unknown","0","08/27/2013","Payment","PAY","7.77","(7.77)"
"3947","1","0.00","0.00","0.00","0.00","0.00","0.00","24.08","0.00","0.00","0.00","24.08","0.00","0.00","24.08","Compound","14757","G:14757","Global","0.00","0.00","0.00","0.00","0.00","0.00","0.00","0.00","0.00","1","Unpaid","0.00","0.00","0.00","08/27/2013","24.08","0.00","0.00","0.00","0.00"
"3820","1","0.00","0.00","0.00","0.00","0.00","0.00","25.93","0.00","0.00","0.00","25.93","0.00","0.00","25.93","Compound","14758","G:14758","Global","0.00","0.00","0.00","0.00","0.00","0.00","0.00","0.00","0.00","1","Unpaid","0.00","0.00","0.00","08/27/2013","25.93","0.00","0.00","0.00","0.00"
"3971","1","0.00","0.00","0.00","0.00","0.00","0.00","24.15","0.00","0.00","0.00","24.15","0.00","0.00","24.15","Compound","14759","G:14759","Global","0.00","0.00","0.00","0.00","0.00","0.00","0.00","0.00","0.00","1","Unpaid","0.00","0.00","0.00","08/27/2013","24.15","0.00","0.00","0.00","0.00"
"3766","1","0.00","0.00","0.00","0.00","0.00","0.00","5.06","0.00","0.00","0.00","5.06","0.00","0.00","13.14","Compound","14760","G:14760","Global","0.00","0.00","0.00","0.00","8.08","0.00","0.00","0.00","8.08","1","Partially Paid","0.00","0.00","0.00","08/27/2013","13.14","0.00","0.00","0.00","0.00","4188","1","","Open","0.00","0.00","0","8.08","Unknown","0","08/28/2013","Credit","CRED","8.08","(8.08)"
"3664","1","0.00","0.00","0.00","0.00","0.00","0.00","0.00","0.00","0.00","0.00","0.00","0.00","0.00","11.06","Compound","14761","G:14761","Global","0.00","0.00","0.00","0.00","11.06","0.00","0.00","0.00","11.06","1","Paid in Full","0.00","0.00","0.00","08/27/2013","11.06","0.00","0.00","0.00","0.00","3665","1","","Open","0.00","0.00","0","11.06","Unknown","0","08/27/2013","Payment","PAY","11.06","(11.06)"
"3767","1","0.00","0.00","0.00","0.00","0.00","0.00","6.02","0.00","0.00","0.00","6.02","0.00","0.00","6.02","Compound","14762","G:14762","Global","0.00","0.00","0.00","0.00","0.00","0.00","0.00","0.00","0.00","1","Unpaid","0.00","0.00","0.00","08/27/2013","6.02","0.00","0.00","0.00","0.00"
"3729","1","0.00","0.00","0.00","0.00","0.00","0.00","4.31","0.00","0.00","0.00","4.31","0.00","0.00","4.31","Compound","14763","G:14763","Global","0.00","0.00","0.00","0.00","0.00","0.00","0.00","0.00","0.00","1","Unpaid","0.00","0.00","0.00","08/27/2013","4.31","0.00","0.00","0.00","0.00"
"3686","1","0.00","0.00","0.00","0.00","0.00","0.00","11.07","0.00","0.00","0.00","11.07","0.00","0.00","11.07","Compound","14764","G:14764","Global","0.00","0.00","0.00","0.00","0.00","0.00","0.00","0.00","0.00","1","Unpaid","0.00","0.00","0.00","08/27/2013","11.07","0.00","0.00","0.00","0.00"
"3744","1","0.00","0.00","0.00","0.00","0.00","0.00","13.43","0.00","0.00","0.00","13.43","0.00","0.00","13.43","Compound","14765","G:14765","Global","0.00","0.00","0.00","0.00","0.00","0.00","0.00","0.00","0.00","1","Unpaid","0.00","0.00","0.00","08/27/2013","13.43","0.00","0.00","0.00","0.00"
"3906","1","0.00","0.00","0.00","0.00","0.00","0.00","13.68","0.00","0.00","0.00","13.68","0.00","0.00","13.68","Compound","14766","G:14766","Global","0.00","0.00","0.00","0.00","0.00","0.00","0.00","0.00","0.00","1","Unpaid","0.00","0.00","0.00","08/27/2013","13.68","0.00","0.00","0.00","0.00"
"4019","1","0.00","0.00","0.00","0.00","0.00","0.00","0.00","0.00","0.00","0.00","0.00","0.00","0.00","10.82","Compound","14767","G:14767","Global","0.00","0.00","0.00","0.00","10.82","0.00","0.00","0.00","10.82","1","Paid in Full","0.00","0.00","0.00","08/27/2013","10.82","0.00","0.00","0.00","0.00","4020","1","","Open","0.00","0.00","0","10.82","Unknown","0","08/27/2013","Payment","PAY","10.82","(10.82)"
"3867","1","0.00","0.00","0.00","0.00","0.00","0.00","13.59","0.00","0.00","0.00","13.59","0.00","0.00","13.59","Compound","14768","G:14768","Global","0.00","0.00","0.00","0.00","0.00","0.00","0.00","0.00","0.00","1","Unpaid","0.00","0.00","0.00","08/27/2013","13.59","0.00","0.00","0.00","0.00"
"4012","1","0.00","0.00","0.00","0.00","0.00","0.00","12.46","0.00","0.00","0.00","12.46","0.00","0.00","20.54","Compound","14769","G:14769","Global","0.00","0.00","0.00","0.00","8.08","0.00","0.00","0.00","8.08","1","Partially Paid","0.00","0.00","0.00","08/27/2013","20.54","0.00","0.00","0.00","0.00","4189","1","","Open","0.00","0.00","0","8.08","Unknown","0","08/28/2013","Credit","CRED","8.08","(8.08)"
"3723","1","0.00","0.00","0.00","0.00","0.00","0.00","24.34","0.00","0.00","0.00","24.34","0.00","0.00","24.34","Compound","14770","G:14770","Global","0.00","0.00","0.00","0.00","0.00","0.00","0.00","0.00","0.00","1","Unpaid","0.00","0.00","0.00","08/27/2013","24.34","0.00","0.00","0.00","0.00"
"4054","1","0.00","0.00","0.00","0.00","0.00","0.00","18.85","0.00","0.00","0.00","18.85","0.00","0.00","18.85","Compound","14771","G:14771","Global","0.00","0.00","0.00","0.00","0.00","0.00","0.00","0.00","0.00","1","Unpaid","0.00","0.00","0.00","08/27/2013","18.85","0.00","0.00","0.00","0.00"
"3821","1","0.00","0.00","0.00","0.00","0.00","0.00","14.60","0.00","0.00","0.00","14.60","0.00","0.00","14.60","Compound","14772","G:14772","Global","0.00","0.00","0.00","0.00","0.00","0.00","0.00","0.00","0.00","1","Unpaid","0.00","0.00","0.00","08/27/2013","14.60","0.00","0.00","0.00","0.00"
"3727","1","0.00","0.00","0.00","0.00","0.00","0.00","181.54","0.00","0.00","0.00","181.54","0.00","0.00","206.61","Compound","14773","G:14773","Global","0.00","0.00","0.00","0.00","25.07","0.00","0.00","0.00","25.07","1","Partially Paid","0.00","0.00","0.00","08/27/2013","206.61","0.00","0.00","0.00","0.00","3728","1","","Open","0.00","0.00","0","25.07","Unknown","0","08/27/2013","Payment","PAY","25.07","(25.07)"
"3769","1","0.00","0.00","0.00","0.00","0.00","0.00","4.90","0.00","0.00","0.00","4.90","0.00","0.00","4.90","Compound","14774","G:14774","Global","0.00","0.00","0.00","0.00","0.00","0.00","0.00","0.00","0.00","1","Unpaid","0.00","0.00","0.00","08/27/2013","4.90","0.00","0.00","0.00","0.00"
"3922","1","0.00","0.00","0.00","0.00","0.00","0.00","18.94","0.00","0.00","0.00","18.94","0.00","0.00","18.94","Compound","14775","G:14775","Global","0.00","0.00","0.00","0.00","0.00","0.00","0.00","0.00","0.00","1","Unpaid","0.00","0.00","0.00","08/27/2013","18.94","0.00","0.00","0.00","0.00"
"3921","1","0.00","0.00","0.00","0.00","0.00","0.00","26.25","0.00","0.00","0.00","26.25","0.00","0.00","26.25","Compound","14776","G:14776","Global","0.00","0.00","0.00","0.00","0.00","0.00","0.00","0.00","0.00","1","Unpaid","0.00","0.00","0.00","08/27/2013","26.25","0.00","0.00","0.00","0.00"
"4005","1","0.00","0.00","0.00","0.00","0.00","0.00","35.42","0.00","0.00","0.00","35.42","0.00","0.00","35.42","Compound","14777","G:14777","Global","0.00","0.00","0.00","0.00","0.00","0.00","0.00","0.00","0.00","1","Unpaid","0.00","0.00","0.00","08/27/2013","35.42","0.00","0.00","0.00","0.00"
"3948","1","0.00","0.00","0.00","0.00","0.00","0.00","15.25","0.00","0.00","0.00","15.25","0.00","0.00","23.33","Compound","14778","G:14778","Global","0.00","0.00","0.00","0.00","8.08","0.00","0.00","0.00","8.08","1","Partially Paid","0.00","0.00","0.00","08/27/2013","23.33","0.00","0.00","0.00","0.00","4190","1","","Open","0.00","0.00","0","8.08","Unknown","0","08/28/2013","Credit","CRED","8.08","(8.08)"
"3730","1","0.00","0.00","0.00","0.00","0.00","0.00","0.00","0.00","0.00","0.00","0.00","0.00","0.00","15.46","Compound","14779","G:14779","Global","0.00","0.00","0.00","0.00","15.46","0.00","0.00","0.00","15.46","1","Paid in Full","0.00","0.00","0.00","08/27/2013","15.46","0.00","0.00","0.00","0.00","3542","1","","Open","0.00","0.00","0","15.46","Japan Credit Bureau (JCB)","0","07/28/2013","Payment","PAY","309.07","(309.07)"
"3732","1","0.00","0.00","0.00","0.00","0.00","0.00","22.34","0.00","0.00","0.00","22.34","0.00","0.00","34.41","Compound","14780","G:14780","Global","0.00","0.00","0.00","0.00","12.07","0.00","0.00","0.00","12.07","1","Partially Paid","0.00","0.00","0.00","08/27/2013","34.41","0.00","0.00","0.00","0.00","3577","1","","Open","0.00","0.00","0","12.07","Unknown","0","07/28/2013","Payment","PAY","12.07","(12.07)"
"3735","1","0.00","0.00","0.00","0.00","0.00","0.00","38.60","0.00","0.00","0.00","38.60","0.00","0.00","38.60","Compound","14781","G:14781","Global","0.00","0.00","0.00","0.00","0.00","0.00","0.00","0.00","0.00","1","Unpaid","0.00","0.00","0.00","08/27/2013","38.60","0.00","0.00","0.00","0.00"
"3731","1","0.00","0.00","0.00","0.00","0.00","0.00","14.06","0.00","0.00","0.00","14.06","0.00","0.00","14.06","Compound","14782","G:14782","Global","0.00","0.00","0.00","0.00","0.00","0.00","0.00","0.00","0.00","1","Unpaid","0.00","0.00","0.00","08/27/2013","14.06","0.00","0.00","0.00","0.00"
"3733","1","0.00","0.00","0.00","0.00","0.00","0.00","0.00","0.00","0.00","0.00","0.00","0.00","0.00","13.24","Compound","14783","G:14783","Global","0.00","0.00","0.00","0.00","13.24","0.00","0.00","0.00","13.24","1","Paid in Full","0.00","0.00","0.00","08/27/2013","13.24","0.00","0.00","0.00","0.00","3734","1","","Open","0.00","0.00","0","13.24","Unknown","0","08/27/2013","Payment","PAY","13.24","(13.24)"
"3666","1","0.00","0.00","0.00","0.00","0.00","0.00","0.61","0.00","0.00","0.00","0.61","0.00","0.00","0.61","Compound","14784","G:14784","Global","0.00","0.00","0.00","0.00","0.00","0.00","0.00","0.00","0.00","1","Unpaid","0.00","0.00","0.00","08/27/2013","0.61","0.00","0.00","0.00","0.00"
"3822","1","0.00","0.00","0.00","0.00","0.00","0.00","0.00","0.00","0.00","0.00","0.00","0.00","0.00","6.56","Compound","14785","G:14785","Global","0.00","0.00","0.00","0.00","6.56","0.00","0.00","0.00","6.56","1","Paid in Full","0.00","0.00","0.00","08/27/2013","6.56","0.00","0.00","0.00","0.00","3823","1","","Open","0.00","0.00","0","6.56","Unknown","0","08/27/2013","Payment","PAY","6.56","(6.56)"
"3824","1","0.00","0.00","0.00","0.00","0.00","0.00","14.10","0.00","0.00","0.00","14.10","0.00","0.00","14.10","Compound","14786","G:14786","Global","0.00","0.00","0.00","0.00","0.00","0.00","0.00","0.00","0.00","1","Unpaid","0.00","0.00","0.00","08/27/2013","14.10","0.00","0.00","0.00","0.00"
"3770","1","0.00","0.00","0.00","0.00","0.00","0.00","4.94","0.00","0.00","0.00","4.94","0.00","0.00","13.02","Compound","14787","G:14787","Global","0.00","0.00","0.00","0.00","8.08","0.00","0.00","0.00","8.08","1","Partially Paid","0.00","0.00","0.00","08/27/2013","13.02","0.00","0.00","0.00","0.00","4191","1","","Open","0.00","0.00","0","8.08","Unknown","0","08/28/2013","Credit","CRED","8.08","(8.08)"
"4058","1","0.00","0.00","0.00","0.00","0.00","0.00","37.31","0.00","0.00","0.00","37.31","0.00","0.00","37.31","Compound","14788","G:14788","Global","0.00","0.00","0.00","0.00","0.00","0.00","0.00","0.00","0.00","1","Unpaid","0.00","0.00","0.00","08/27/2013","37.31","0.00","0.00","0.00","0.00"
"3949","1","0.00","0.00","0.00","0.00","0.00","0.00","22.35","0.00","0.00","0.00","22.35","0.00","0.00","22.35","Compound","14789","G:14789","Global","0.00","0.00","0.00","0.00","0.00","0.00","0.00","0.00","0.00","1","Unpaid","0.00","0.00","0.00","08/27/2013","22.35","0.00","0.00","0.00","0.00"
"3950","1","0.00","0.00","0.00","0.00","0.00","0.00","36.12","0.00","0.00","0.00","36.12","0.00","0.00","36.12","Compound","14790","G:14790","Global","0.00","0.00","0.00","0.00","0.00","0.00","0.00","0.00","0.00","1","Unpaid","0.00","0.00","0.00","08/27/2013","36.12","0.00","0.00","0.00","0.00"
"4021","1","0.00","0.00","0.00","0.00","0.00","0.00","0.00","0.00","0.00","0.00","0.00","0.00","0.00","23.32","Compound","14791","G:14791","Global","0.00","0.00","0.00","0.00","23.32","0.00","0.00","0.00","23.32","1","Paid in Full","0.00","0.00","0.00","08/27/2013","23.32","0.00","0.00","0.00","0.00","4022","1","","Open","0.00","0.00","0","23.32","Unknown","0","08/27/2013","Payment","PAY","23.32","(23.32)"
"3667","1","0.00","0.00","0.00","0.00","0.00","0.00","15.31","0.00","0.00","0.00","15.31","0.00","0.00","15.31","Compound","14792","G:14792","Global","0.00","0.00","0.00","0.00","0.00","0.00","0.00","0.00","0.00","1","Unpaid","0.00","0.00","0.00","08/27/2013","15.31","0.00","0.00","0.00","0.00"
"3771","1","0.00","0.00","0.00","0.00","0.00","0.00","10.35","0.00","0.00","0.00","10.35","0.00","0.00","10.35","Compound","14793","G:14793","Global","0.00","0.00","0.00","0.00","0.00","0.00","0.00","0.00","0.00","1","Unpaid","0.00","0.00","0.00","08/27/2013","10.35","0.00","0.00","0.00","0.00"
"4033","1","0.00","0.00","0.00","0.00","0.00","0.00","8.63","0.00","0.00","0.00","8.63","0.00","0.00","8.63","Compound","14794","G:14794","Global","0.00","0.00","0.00","0.00","0.00","0.00","0.00","0.00","0.00","1","Unpaid","0.00","0.00","0.00","08/27/2013","8.63","0.00","0.00","0.00","0.00"
"3738","1","0.00","0.00","0.00","0.00","0.00","0.00","3.78","0.00","0.00","0.00","3.78","0.00","0.00","3.78","Compound","14795","G:14795","Global","0.00","0.00","0.00","0.00","0.00","0.00","0.00","0.00","0.00","1","Unpaid","0.00","0.00","0.00","08/27/2013","3.78","0.00","0.00","0.00","0.00"
"3825","1","0.00","0.00","0.00","0.00","0.00","0.00","0.00","0.00","0.00","0.00","0.00","0.00","0.00","5.20","Compound","14796","G:14796","Global","0.00","0.00","0.00","0.00","5.20","0.00","0.00","0.00","5.20","1","Paid in Full","0.00","0.00","0.00","08/27/2013","5.20","0.00","0.00","0.00","0.00","4192","1","","Open","0.00","0.00","0","5.20","Unknown","0","08/28/2013","Credit","CRED","8.08","(8.08)"
"3668","1","0.00","0.00","0.00","0.00","0.00","0.00","0.00","0.00","0.00","0.00","0.00","0.00","0.00","12.25","Compound","14797","G:14797","Global","0.00","0.00","0.00","0.00","12.25","0.00","0.00","0.00","12.25","1","Paid in Full","0.00","0.00","0.00","08/27/2013","12.25","0.00","0.00","0.00","0.00","3669","1","","Open","0.00","0.00","0","12.25","Unknown","0","08/27/2013","Payment","PAY","12.25","(12.25)"
"3844","1","0.00","0.00","0.00","0.00","0.00","0.00","12.32","0.00","0.00","0.00","12.32","0.00","0.00","12.32","Compound","14798","G:14798","Global","0.00","0.00","0.00","0.00","0.00","0.00","0.00","0.00","0.00","1","Unpaid","0.00","0.00","0.00","08/27/2013","12.32","0.00","0.00","0.00","0.00"
"3924","1","0.00","0.00","0.00","0.00","200.05","208.05","18.94","0.00","8.00","8.00","226.99","200.05","208.05","18.94","Compound","14799","G:14799","Global","0.00","0.00","0.00","0.00","0.00","0.00","0.00","0.00","0.00","1","Unpaid","0.00","8.00","8.00","08/27/2013","226.99","0.00","0.00","0.00","0.00"
"3632","1","0.00","0.00","0.00","0.00","0.00","0.00","17.81","0.00","0.00","0.00","17.81","0.00","0.00","17.81","Compound","14800","G:14800","Global","0.00","0.00","0.00","0.00","0.00","0.00","0.00","0.00","0.00","1","Unpaid","0.00","0.00","0.00","08/27/2013","17.81","0.00","0.00","0.00","0.00"
"3991","1","0.00","0.00","0.00","0.00","0.00","0.00","24.34","0.00","0.00","0.00","24.34","0.00","0.00","24.34","Compound","14801","G:14801","Global","0.00","0.00","0.00","0.00","0.00","0.00","0.00","0.00","0.00","1","Unpaid","0.00","0.00","0.00","08/27/2013","24.34","0.00","0.00","0.00","0.00"
"3794","1","0.00","0.00","0.00","0.00","0.00","0.00","27.41","0.00","0.00","0.00","27.41","0.00","0.00","27.41","Compound","14802","G:14802","Global","0.00","0.00","0.00","0.00","0.00","0.00","0.00","0.00","0.00","1","Unpaid","0.00","0.00","0.00","08/27/2013","27.41","0.00","0.00","0.00","0.00"
"3719","1","0.00","0.00","0.00","0.00","0.00","0.00","0.00","0.00","0.00","0.00","0.00","0.00","0.00","24.00","Compound","14803","G:14803","Global","0.00","0.00","0.00","0.00","24.00","0.00","0.00","0.00","24.00","1","Paid in Full","0.00","0.00","0.00","08/27/2013","24.00","0.00","0.00","0.00","0.00","3720","1","","Open","0.00","0.00","0","24.00","Unknown","0","08/27/2013","Payment","PAY","24.00","(24.00)"
"3772","1","0.00","0.00","0.00","0.00","0.00","0.00","0.00","0.00","0.00","0.00","0.00","0.00","0.00","11.60","Compound","14804","G:14804","Global","0.00","0.00","0.00","0.00","11.60","0.00","0.00","0.00","11.60","1","Paid in Full","0.00","0.00","0.00","08/27/2013","11.60","0.00","0.00","0.00","0.00","3773","1","","Open","0.00","0.00","0","11.60","Unknown","0","08/27/2013","Payment","PAY","11.60","(11.60)"
"3754","1","0.00","0.00","0.00","0.00","0.00","0.00","3.39","0.00","0.00","0.00","3.39","0.00","0.00","11.47","Compound","14805","G:14805","Global","0.00","0.00","0.00","0.00","8.08","0.00","0.00","0.00","8.08","1","Partially Paid","0.00","0.00","0.00","08/27/2013","11.47","0.00","0.00","0.00","0.00","4193","1","","Open","0.00","0.00","0","8.08","Unknown","0","08/28/2013","Credit","CRED","8.08","(8.08)"
"3705","1","0.00","0.00","0.00","0.00","0.00","0.00","5.89","0.00","0.00","0.00","5.89","0.00","0.00","5.89","Compound","14806","G:14806","Global","0.00","0.00","0.00","0.00","0.00","0.00","0.00","0.00","0.00","1","Unpaid","0.00","0.00","0.00","08/27/2013","5.89","0.00","0.00","0.00","0.00"
"3670","1","0.00","0.00","0.00","0.00","0.00","0.00","5.31","0.00","0.00","0.00","5.31","0.00","0.00","5.31","Compound","14807","G:14807","Global","0.00","0.00","0.00","0.00","0.00","0.00","0.00","0.00","0.00","1","Unpaid","0.00","0.00","0.00","08/27/2013","5.31","0.00","0.00","0.00","0.00"
"4057","1","0.00","0.00","0.00","0.00","0.00","0.00","249.75","0.00","0.00","0.00","249.75","0.00","0.00","249.75","Compound","14808","G:14808","Global","0.00","0.00","0.00","0.00","0.00","0.00","0.00","0.00","0.00","1","Unpaid","0.00","0.00","0.00","08/27/2013","249.75","0.00","0.00","0.00","0.00"
"3992","1","0.00","0.00","0.00","0.00","0.00","0.00","0.00","0.00","0.00","0.00","0.00","0.00","0.00","13.25","Compound","14809","G:14809","Global","0.00","0.00","0.00","0.00","13.25","0.00","0.00","0.00","13.25","1","Paid in Full","0.00","0.00","0.00","08/27/2013","13.25","0.00","0.00","0.00","0.00","3993","1","","Open","0.00","0.00","0","13.25","Unknown","0","08/27/2013","Payment","PAY","13.25","(13.25)"
"3995","1","0.00","0.00","0.00","0.00","0.00","0.00","16.81","0.00","0.00","0.00","16.81","0.00","0.00","16.81","Compound","14810","G:14810","Global","0.00","0.00","0.00","0.00","0.00","0.00","0.00","0.00","0.00","1","Unpaid","0.00","0.00","0.00","08/27/2013","16.81","0.00","0.00","0.00","0.00"
"3826","1","0.00","0.00","0.00","0.00","0.00","0.00","18.60","0.00","0.00","0.00","18.60","0.00","0.00","18.60","Compound","14811","G:14811","Global","0.00","0.00","0.00","0.00","0.00","0.00","0.00","0.00","0.00","1","Unpaid","0.00","0.00","0.00","08/27/2013","18.60","0.00","0.00","0.00","0.00"
"4034","1","0.00","0.00","0.00","0.00","0.00","0.00","24.82","0.00","0.00","0.00","24.82","0.00","0.00","24.82","Compound","14812","G:14812","Global","0.00","0.00","0.00","0.00","0.00","0.00","0.00","0.00","0.00","1","Unpaid","0.00","0.00","0.00","08/27/2013","24.82","0.00","0.00","0.00","0.00"
"3966","1","0.00","0.00","0.00","0.00","0.00","0.00","26.47","0.00","0.00","0.00","26.47","0.00","0.00","26.47","Compound","14813","G:14813","Global","0.00","0.00","0.00","0.00","0.00","0.00","0.00","0.00","0.00","1","Unpaid","0.00","0.00","0.00","08/27/2013","26.47","0.00","0.00","0.00","0.00"
"3996","1","0.00","0.00","0.00","0.00","0.00","0.00","16.61","0.00","0.00","0.00","16.61","0.00","0.00","24.69","Compound","14814","G:14814","Global","0.00","0.00","0.00","0.00","8.08","0.00","0.00","0.00","8.08","1","Partially Paid","0.00","0.00","0.00","08/27/2013","24.69","0.00","0.00","0.00","0.00","4194","1","","Open","0.00","0.00","0","8.08","Unknown","0","08/28/2013","Credit","CRED","8.08","(8.08)"
"4059","1","0.00","0.00","0.00","0.00","0.00","0.00","0.00","0.00","0.00","0.00","0.00","0.00","0.00","12.87","Compound","14815","G:14815","Global","0.00","0.00","0.00","0.00","12.87","0.00","0.00","0.00","12.87","1","Paid in Full","0.00","0.00","0.00","08/27/2013","12.87","0.00","0.00","0.00","0.00","4060","1","","Open","0.00","0.00","0","12.87","Unknown","0","08/27/2013","Payment","PAY","12.87","(12.87)"
"3892","1","0.00","0.00","0.00","0.00","0.00","0.00","0.00","0.00","0.00","0.00","0.00","0.00","0.00","5.89","Compound","14816","G:14816","Global","0.00","0.00","0.00","0.00","5.89","0.00","0.00","0.00","5.89","1","Paid in Full","0.00","0.00","0.00","08/27/2013","5.89","0.00","0.00","0.00","0.00","3893","1","","Open","0.00","0.00","0","5.89","Unknown","0","08/27/2013","Payment","PAY","5.89","(5.89)"
"4061","1","0.00","0.00","0.00","0.00","0.00","0.00","3.77","0.00","0.00","0.00","3.77","0.00","0.00","3.77","Compound","14817","G:14817","Global","0.00","0.00","0.00","0.00","0.00","0.00","0.00","0.00","0.00","1","Unpaid","0.00","0.00","0.00","08/27/2013","3.77","0.00","0.00","0.00","0.00"
"3739","1","0.00","0.00","0.00","0.00","0.00","0.00","10.57","0.00","0.00","0.00","10.57","0.00","0.00","10.57","Compound","14818","G:14818","Global","0.00","0.00","0.00","0.00","0.00","0.00","0.00","0.00","0.00","1","Unpaid","0.00","0.00","0.00","08/27/2013","10.57","0.00","0.00","0.00","0.00"
"4062","1","0.00","0.00","0.00","0.00","0.00","0.00","9.44","0.00","0.00","0.00","9.44","0.00","0.00","9.44","Compound","14819","G:14819","Global","0.00","0.00","0.00","0.00","0.00","0.00","0.00","0.00","0.00","1","Unpaid","0.00","0.00","0.00","08/27/2013","9.44","0.00","0.00","0.00","0.00"
"3997","1","0.00","0.00","0.00","0.00","0.00","0.00","0.00","0.00","0.00","0.00","0.00","0.00","0.00","15.27","Compound","14820","G:14820","Global","0.00","0.00","0.00","0.00","15.27","0.00","0.00","0.00","15.27","1","Paid in Full","0.00","0.00","0.00","08/27/2013","15.27","0.00","0.00","0.00","0.00","3998","1","","Open","0.00","0.00","0","15.27","Unknown","0","08/27/2013","Payment","PAY","15.27","(15.27)"
"3925","1","0.00","0.00","0.00","0.00","0.00","0.00","9.32","0.00","0.00","0.00","9.32","0.00","0.00","17.47","Compound","14821","G:14821","Global","0.00","0.00","0.00","0.00","8.15","0.00","0.00","0.00","8.15","1","Partially Paid","0.00","0.00","0.00","08/27/2013","17.47","0.00","0.00","0.00","0.00","3926","1","","Open","0.00","0.00","0","8.15","Unknown","0","08/27/2013","Payment","PAY","8.15","(8.15)"
"3774","1","0.00","0.00","0.00","0.00","0.00","0.00","14.16","0.00","0.00","0.00","14.16","0.00","0.00","22.24","Compound","14822","G:14822","Global","0.00","0.00","0.00","0.00","8.08","0.00","0.00","0.00","8.08","1","Partially Paid","0.00","0.00","0.00","08/27/2013","22.24","0.00","0.00","0.00","0.00","4195","1","","Open","0.00","0.00","0","8.08","Unknown","0","08/28/2013","Credit","CRED","8.08","(8.08)"
"3927","1","0.00","0.00","0.00","0.00","0.00","0.00","25.08","0.00","0.00","0.00","25.08","0.00","0.00","25.08","Compound","14823","G:14823","Global","0.00","0.00","0.00","0.00","0.00","0.00","0.00","0.00","0.00","1","Unpaid","0.00","0.00","0.00","08/27/2013","25.08","0.00","0.00","0.00","0.00"
"3775","1","0.00","0.00","0.00","0.00","0.00","0.00","25.06","0.00","0.00","0.00","25.06","0.00","0.00","25.06","Compound","14824","G:14824","Global","0.00","0.00","0.00","0.00","0.00","0.00","0.00","0.00","0.00","1","Unpaid","0.00","0.00","0.00","08/27/2013","25.06","0.00","0.00","0.00","0.00"
"3671","1","0.00","0.00","0.00","0.00","0.00","0.00","12.87","0.00","0.00","0.00","12.87","0.00","0.00","12.87","Compound","14825","G:14825","Global","0.00","0.00","0.00","0.00","0.00","0.00","0.00","0.00","0.00","1","Unpaid","0.00","0.00","0.00","08/27/2013","12.87","0.00","0.00","0.00","0.00"
"3827","1","0.00","0.00","0.00","0.00","0.00","0.00","0.00","0.00","0.00","0.00","0.00","0.00","0.00","10.88","Compound","14826","G:14826","Global","0.00","0.00","0.00","0.00","10.88","0.00","0.00","0.00","10.88","1","Paid in Full","0.00","0.00","0.00","08/27/2013","10.88","0.00","0.00","0.00","0.00","3828","1","","Open","0.00","0.00","0","10.88","Unknown","0","08/27/2013","Payment","PAY","10.88","(10.88)"
"3928","1","0.00","0.00","0.00","0.00","0.00","0.00","4.22","0.00","0.00","0.00","4.22","0.00","0.00","4.22","Compound","14827","G:14827","Global","0.00","0.00","0.00","0.00","0.00","0.00","0.00","0.00","0.00","1","Unpaid","0.00","0.00","0.00","08/27/2013","4.22","0.00","0.00","0.00","0.00"
"3923","1","0.00","0.00","0.00","0.00","0.00","0.00","3.66","0.00","0.00","0.00","3.66","0.00","0.00","3.66","Compound","14828","G:14828","Global","0.00","0.00","0.00","0.00","0.00","0.00","0.00","0.00","0.00","1","Unpaid","0.00","0.00","0.00","08/27/2013","3.66","0.00","0.00","0.00","0.00"
"3740","1","0.00","0.00","0.00","0.00","0.00","0.00","11.96","0.00","0.00","0.00","11.96","0.00","0.00","11.96","Compound","14829","G:14829","Global","0.00","0.00","0.00","0.00","0.00","0.00","0.00","0.00","0.00","1","Unpaid","0.00","0.00","0.00","08/27/2013","11.96","0.00","0.00","0.00","0.00"
"4023","1","0.00","0.00","0.00","0.00","1940.66","2018.29","24.93","0.00","77.63","77.63","2043.22","1940.66","2018.29","24.93","Compound","14830","G:14830","Global","0.00","0.00","0.00","0.00","0.00","0.00","0.00","0.00","0.00","1","Unpaid","0.00","77.63","77.63","08/27/2013","2043.22","0.00","0.00","0.00","0.00"
"3904","1","0.00","0.00","0.00","0.00","1145.24","1191.05","27.68","0.00","45.81","45.81","1218.73","1153.01","1199.13","27.68","Compound","14831","G:14831","Global","0.00","0.00","7.77","8.08","0.00","0.00","0.31","0.31","8.08","1","Partially Paid","0.00","46.12","46.12","08/27/2013","1226.81","0.00","0.00","0.00","0.00","4196","1","","Open","0.00","8.08","0","0.00","Unknown","0","08/28/2013","Credit","CRED","8.08","(8.08)"
"3741","1","0.00","0.00","0.00","0.00","0.00","0.00","0.00","0.00","0.00","0.00","0.00","0.00","0.00","14.53","Compound","14832","G:14832","Global","0.00","0.00","0.00","0.00","14.53","0.00","0.00","0.00","14.53","1","Paid in Full","0.00","0.00","0.00","08/27/2013","14.53","0.00","0.00","0.00","0.00","3742","1","","Open","0.00","0.00","0","14.53","Unknown","0","08/27/2013","Payment","PAY","14.53","(14.53)"
"3951","1","0.00","0.00","0.00","0.00","1821.89","1894.77","26.34","0.00","72.88","72.88","1921.11","1821.89","1894.77","26.34","Compound","14833","G:14833","Global","0.00","0.00","0.00","0.00","0.00","0.00","0.00","0.00","0.00","1","Unpaid","0.00","72.88","72.88","08/27/2013","1921.11","0.00","0.00","0.00","0.00"
"4063","1","0.00","0.00","0.00","0.00","2845.81","2959.64","36.51","0.00","113.83","113.83","2996.15","2845.81","2959.64","36.51","Compound","14834","G:14834","Global","0.00","0.00","0.00","0.00","0.00","0.00","0.00","0.00","0.00","1","Unpaid","0.00","113.83","113.83","08/27/2013","2996.15","0.00","0.00","0.00","0.00"
"3952","1","0.00","0.00","0.00","0.00","2337.35","2430.84","23.12","0.00","93.49","93.49","2453.96","2337.35","2430.84","23.12","Compound","14835","G:14835","Global","0.00","0.00","0.00","0.00","0.00","0.00","0.00","0.00","0.00","1","Unpaid","0.00","93.49","93.49","08/27/2013","2453.96","0.00","0.00","0.00","0.00"
"3743","1","0.00","0.00","0.00","0.00","0.00","0.00","12.08","0.00","0.00","0.00","12.08","0.00","0.00","12.08","Compound","14836","G:14836","Global","0.00","0.00","0.00","0.00","0.00","0.00","0.00","0.00","0.00","1","Unpaid","0.00","0.00","0.00","08/27/2013","12.08","0.00","0.00","0.00","0.00"
"3776","1","0.00","0.00","0.00","0.00","1165.70","1212.33","4.20","0.00","46.63","46.63","1216.53","1165.70","1212.33","4.20","Compound","14837","G:14837","Global","0.00","0.00","0.00","0.00","0.00","0.00","0.00","0.00","0.00","1","Unpaid","0.00","46.63","46.63","08/27/2013","1216.53","0.00","0.00","0.00","0.00"
"3868","1","0.00","0.00","0.00","0.00","193.20","200.93","7.19","0.00","7.73","7.73","208.12","217.31","226.00","7.19","Compound","14838","G:14838","Global","0.00","0.00","24.11","25.07","0.00","0.00","0.96","0.96","25.07","1","Partially Paid","0.00","8.69","8.69","08/27/2013","233.19","0.00","0.00","0.00","0.00","3869","1","","Open","0.00","25.07","0","0.00","Unknown","0","08/27/2013","Payment","PAY","25.07","(25.07)"
"3795","1","0.00","0.00","0.00","0.00","246.63","256.50","4.62","0.00","9.87","9.87","261.12","266.42","277.08","4.62","Compound","14839","G:14839","Global","0.00","0.00","19.79","20.58","0.00","0.00","0.79","0.79","20.58","1","Partially Paid","0.00","10.66","10.66","08/27/2013","281.70","0.00","0.00","0.00","0.00","3796","1","","Open","0.00","20.58","0","0.00","Unknown","0","08/27/2013","Payment","PAY","20.58","(20.58)"
"3829","1","0.00","0.00","0.00","0.00","0.00","0.00","3.88","0.00","0.00","0.00","3.88","0.00","0.00","11.96","Compound","14840","G:14840","Global","0.00","0.00","0.00","0.00","8.08","0.00","0.00","0.00","8.08","1","Partially Paid","0.00","0.00","0.00","08/27/2013","11.96","0.00","0.00","0.00","0.00","4197","1","","Open","0.00","0.00","0","8.08","Unknown","0","08/28/2013","Credit","CRED","8.08","(8.08)"
"3672","1","0.00","0.00","0.00","0.00","0.00","0.00","0.00","0.00","0.00","0.00","0.00","199.14","207.11","0.60","Compound","14841","G:14841","Global","0.00","0.00","199.14","207.11","0.60","0.00","7.97","7.97","207.71","1","Paid in Full","0.00","7.97","7.97","08/27/2013","207.71","0.00","0.00","0.00","0.00","3618","1","","Open","0.00","5.94","0","0.00","Unknown","0","07/28/2013","Credit","CRED","7.07","(7.07)","3673","1","","Open","0.00","23.25","0","0.00","Unknown","0","08/27/2013","Payment","PAY","23.25","(23.25)","4136","1","","Open","0.00","177.92","0","0.60","Debit Card","0","08/28/2013","Payment","PAY","372.08","(372.08)"
"4050","1","0.00","0.00","0.00","0.00","1411.75","1468.22","296.97","0.00","56.47","56.47","1765.19","1411.75","1468.22","296.97","Compound","14842","G:14842","Global","0.00","0.00","0.00","0.00","0.00","0.00","0.00","0.00","0.00","1","Unpaid","0.00","56.47","56.47","08/27/2013","1765.19","0.00","0.00","0.00","0.00"
"3960","1","0.00","0.00","0.00","0.00","0.00","0.00","12.65","0.00","0.00","0.00","12.65","0.00","0.00","12.65","Compound","14843","G:14843","Global","0.00","0.00","0.00","0.00","0.00","0.00","0.00","0.00","0.00","1","Unpaid","0.00","0.00","0.00","08/27/2013","12.65","0.00","0.00","0.00","0.00"
"3676","1","0.00","0.00","0.00","0.00","221.77","230.65","16.27","0.00","8.88","8.88","246.92","245.88","255.72","16.27","Compound","14844","G:14844","Global","0.00","0.00","24.11","25.07","0.00","0.00","0.96","0.96","25.07","1","Partially Paid","0.00","9.84","9.84","08/27/2013","271.99","0.00","0.00","0.00","0.00","3677","1","","Open","0.00","25.07","0","0.00","Unknown","0","08/27/2013","Payment","PAY","25.07","(25.07)"
"3674","1","0.00","0.00","0.00","0.00","266.41","277.07","19.98","0.00","10.66","10.66","297.05","271.91","282.79","19.98","Compound","14845","G:14845","Global","0.00","0.00","5.50","5.72","0.00","0.00","0.22","0.22","5.72","1","Partially Paid","0.00","10.88","10.88","08/27/2013","302.77","0.00","0.00","0.00","0.00","3675","1","","Open","0.00","5.72","0","0.00","Unknown","0","08/27/2013","Payment","PAY","5.72","(5.72)"
"3870","1","0.00","0.00","0.00","0.00","1675.96","1743.00","23.17","0.00","67.04","67.04","1766.17","1675.96","1743.00","23.17","Compound","14846","G:14846","Global","0.00","0.00","0.00","0.00","0.00","0.00","0.00","0.00","0.00","1","Unpaid","0.00","67.04","67.04","08/27/2013","1766.17","0.00","0.00","0.00","0.00"
"3830","1","0.00","0.00","0.00","0.00","0.00","0.00","13.49","0.00","0.00","0.00","13.49","0.00","0.00","13.49","Compound","14847","G:14847","Global","0.00","0.00","0.00","0.00","0.00","0.00","0.00","0.00","0.00","1","Unpaid","0.00","0.00","0.00","08/27/2013","13.49","0.00","0.00","0.00","0.00"
"3678","1","0.00","0.00","0.00","0.00","394.13","409.90","2.40","0.00","15.77","15.77","412.30","394.13","409.90","2.40","Compound","14848","G:14848","Global","0.00","0.00","0.00","0.00","0.00","0.00","0.00","0.00","0.00","1","Unpaid","0.00","15.77","15.77","08/27/2013","412.30","0.00","0.00","0.00","0.00"
"3831","1","0.00","0.00","0.00","0.00","172.47","179.37","7.29","0.00","6.90","6.90","186.66","180.24","187.45","7.29","Compound","14849","G:14849","Global","0.00","0.00","7.77","8.08","0.00","0.00","0.31","0.31","8.08","1","Partially Paid","0.00","7.21","7.21","08/27/2013","194.74","0.00","0.00","0.00","0.00","4198","1","","Open","0.00","8.08","0","0.00","Unknown","0","08/28/2013","Credit","CRED","8.08","(8.08)"
"3702","1","0.00","0.00","0.00","0.00","197.37","205.27","4.14","0.00","7.90","7.90","209.41","224.42","233.40","4.14","Compound","14850","G:14850","Global","0.00","0.00","27.05","28.13","0.00","0.00","1.08","1.08","28.13","1","Partially Paid","0.00","8.98","8.98","08/27/2013","237.54","0.00","0.00","0.00","0.00","3619","1","","Open","0.00","3.06","0","0.00","Unknown","0","07/28/2013","Credit","CRED","7.07","(7.07)","3703","1","","Open","0.00","25.07","0","0.00","Unknown","0","08/27/2013","Payment","PAY","25.07","(25.07)"
"3832","1","0.00","0.00","0.00","0.00","315.43","328.05","10.60","0.00","12.62","12.62","338.65","329.66","342.85","10.60","Compound","14851","G:14851","Global","0.00","0.00","14.23","14.80","0.00","0.00","0.57","0.57","14.80","1","Partially Paid","0.00","13.19","13.19","08/27/2013","353.45","0.00","0.00","0.00","0.00","3833","1","","Open","0.00","14.80","0","0.00","Unknown","0","08/27/2013","Payment","PAY","14.80","(14.80)"
"3746","1","0.00","0.00","0.00","0.00","657.39","683.69","8.94","0.00","26.30","26.30","692.63","657.39","683.69","8.94","Compound","14852","G:14852","Global","0.00","0.00","0.00","0.00","0.00","0.00","0.00","0.00","0.00","1","Unpaid","0.00","26.30","26.30","08/27/2013","692.63","0.00","0.00","0.00","0.00"
"3968","1","0.00","0.00","0.00","0.00","436.97","454.45","11.99","0.00","17.48","17.48","466.44","436.97","454.45","11.99","Compound","14853","G:14853","Global","0.00","0.00","0.00","0.00","0.00","0.00","0.00","0.00","0.00","1","Unpaid","0.00","17.48","17.48","08/27/2013","466.44","0.00","0.00","0.00","0.00"
"3953","1","0.00","0.00","0.00","0.00","0.00","0.00","17.54","0.00","0.00","0.00","17.54","0.00","0.00","17.54","Compound","14854","G:14854","Global","0.00","0.00","0.00","0.00","0.00","0.00","0.00","0.00","0.00","1","Unpaid","0.00","0.00","0.00","08/27/2013","17.54","0.00","0.00","0.00","0.00"
"3872","1","0.00","0.00","0.00","0.00","770.83","801.66","20.66","0.00","30.83","30.83","822.32","770.83","801.66","20.66","Compound","14855","G:14855","Global","0.00","0.00","0.00","0.00","0.00","0.00","0.00","0.00","0.00","1","Unpaid","0.00","30.83","30.83","08/27/2013","822.32","0.00","0.00","0.00","0.00"
"3834","1","0.00","0.00","0.00","0.00","862.06","896.55","23.22","0.00","34.49","34.49","919.77","886.17","921.62","23.22","Compound","14856","G:14856","Global","0.00","0.00","24.11","25.07","0.00","0.00","0.96","0.96","25.07","1","Partially Paid","0.00","35.45","35.45","08/27/2013","944.84","0.00","0.00","0.00","0.00","3835","1","","Open","0.00","25.07","0","0.00","Unknown","0","08/27/2013","Payment","PAY","25.07","(25.07)"
"3873","1","0.00","0.00","0.00","0.00","998.72","1038.67","19.07","0.00","39.95","39.95","1057.74","1003.54","1043.68","19.07","Compound","14857","G:14857","Global","0.00","0.00","4.82","5.01","0.00","0.00","0.19","0.19","5.01","1","Partially Paid","0.00","40.14","40.14","08/27/2013","1062.75","0.00","0.00","0.00","0.00","3874","1","","Open","0.00","5.01","0","0.00","Unknown","0","08/27/2013","Payment","PAY","5.01","(5.01)"
"3777","1","0.00","0.00","0.00","0.00","0.00","0.00","2.98","0.00","0.00","0.00","2.98","0.00","0.00","11.06","Compound","14858","G:14858","Global","0.00","0.00","0.00","0.00","8.08","0.00","0.00","0.00","8.08","1","Partially Paid","0.00","0.00","0.00","08/27/2013","11.06","0.00","0.00","0.00","0.00","4199","1","","Open","0.00","0.00","0","8.08","Unknown","0","08/28/2013","Credit","CRED","8.08","(8.08)"
"3841","1","0.00","0.00","0.00","0.00","1242.84","1292.55","5.71","0.00","49.71","49.71","1298.26","1244.32","1294.09","5.71","Compound","14859","G:14859","Global","0.00","0.00","1.48","1.54","0.00","0.00","0.06","0.06","1.54","1","Partially Paid","0.00","49.77","49.77","08/27/2013","1299.80","0.00","0.00","0.00","0.00","3620","1","","Open","0.00","1.54","0","0.00","Unknown","0","07/28/2013","Credit","CRED","7.07","(7.07)"
"3905","1","0.00","0.00","0.00","0.00","121.33","126.18","5.11","0.00","4.85","4.85","131.29","121.33","126.18","5.11","Compound","14860","G:14860","Global","0.00","0.00","0.00","0.00","0.00","0.00","0.00","0.00","0.00","1","Unpaid","0.00","4.85","4.85","08/27/2013","131.29","0.00","0.00","0.00","0.00"
"4064","1","0.00","0.00","0.00","0.00","224.66","233.65","4.09","0.00","8.99","8.99","237.74","224.66","233.65","4.09","Compound","14861","G:14861","Global","0.00","0.00","0.00","0.00","0.00","0.00","0.00","0.00","0.00","1","Unpaid","0.00","8.99","8.99","08/27/2013","237.74","0.00","0.00","0.00","0.00"
"4066","1","0.00","0.00","0.00","0.00","305.91","318.15","8.83","0.00","12.24","12.24","326.98","330.02","343.22","8.83","Compound","14862","G:14862","Global","0.00","0.00","24.11","25.07","0.00","0.00","0.96","0.96","25.07","1","Partially Paid","0.00","13.20","13.20","08/27/2013","352.05","0.00","0.00","0.00","0.00","4067","1","","Open","0.00","25.07","0","0.00","Unknown","0","08/27/2013","Payment","PAY","25.07","(25.07)"
"3797","1","0.00","0.00","0.00","0.00","642.28","667.97","8.93","0.00","25.69","25.69","676.90","658.07","684.39","8.93","Compound","14863","G:14863","Global","0.00","0.00","15.79","16.42","0.00","0.00","0.63","0.63","16.42","1","Partially Paid","0.00","26.32","26.32","08/27/2013","693.32","0.00","0.00","0.00","0.00","3798","1","","Open","0.00","16.42","0","0.00","Unknown","0","08/27/2013","Payment","PAY","16.42","(16.42)"
"3894","1","0.00","0.00","0.00","0.00","437.43","454.93","13.62","0.00","17.50","17.50","468.55","437.43","454.93","13.62","Compound","14864","G:14864","Global","0.00","0.00","0.00","0.00","0.00","0.00","0.00","0.00","0.00","1","Unpaid","0.00","17.50","17.50","08/27/2013","468.55","0.00","0.00","0.00","0.00"
"4024","1","0.00","0.00","0.00","0.00","0.00","0.00","17.50","0.00","0.00","0.00","17.50","0.00","0.00","17.50","Compound","14865","G:14865","Global","0.00","0.00","0.00","0.00","0.00","0.00","0.00","0.00","0.00","1","Unpaid","0.00","0.00","0.00","08/27/2013","17.50","0.00","0.00","0.00","0.00"
"3845","1","0.00","0.00","0.00","0.00","771.62","802.48","12.72","0.00","30.86","30.86","815.20","771.62","802.48","12.72","Compound","14866","G:14866","Global","0.00","0.00","0.00","0.00","0.00","0.00","0.00","0.00","0.00","1","Unpaid","0.00","30.86","30.86","08/27/2013","815.20","0.00","0.00","0.00","0.00"
"3929","1","0.00","0.00","0.00","0.00","879.31","914.48","11.52","0.00","35.17","35.17","926.00","887.08","922.56","11.52","Compound","14867","G:14867","Global","0.00","0.00","7.77","8.08","0.00","0.00","0.31","0.31","8.08","1","Partially Paid","0.00","35.48","35.48","08/27/2013","934.08","0.00","0.00","0.00","0.00","4200","1","","Open","0.00","8.08","0","0.00","Unknown","0","08/28/2013","Credit","CRED","8.08","(8.08)"
"3799","1","0.00","0.00","0.00","0.00","980.44","1019.66","18.38","0.00","39.22","39.22","1038.04","1004.55","1044.73","18.38","Compound","14868","G:14868","Global","0.00","0.00","24.11","25.07","0.00","0.00","0.96","0.96","25.07","1","Partially Paid","0.00","40.18","40.18","08/27/2013","1063.11","0.00","0.00","0.00","0.00","3800","1","","Open","0.00","25.07","0","0.00","Unknown","0","08/27/2013","Payment","PAY","25.07","(25.07)"
"4036","1","0.00","0.00","0.00","0.00","0.00","0.00","0.00","0.00","0.00","0.00","0.00","0.00","0.00","11.24","Compound","14869","G:14869","Global","0.00","0.00","0.00","0.00","11.24","0.00","0.00","0.00","11.24","1","Paid in Full","0.00","0.00","0.00","08/27/2013","11.24","0.00","0.00","0.00","0.00","4037","1","","Open","0.00","0.00","0","11.24","Unknown","0","08/27/2013","Payment","PAY","11.24","(11.24)"
"3895","1","0.00","0.00","0.00","0.00","1131.31","1176.56","5.57","0.00","45.25","45.25","1182.13","1131.31","1176.56","5.57","Compound","14870","G:14870","Global","0.00","0.00","0.00","0.00","0.00","0.00","0.00","0.00","0.00","1","Unpaid","0.00","45.25","45.25","08/27/2013","1182.13","0.00","0.00","0.00","0.00"
"3747","1","0.00","0.00","0.00","0.00","122.42","127.32","5.00","0.00","4.90","4.90","132.32","122.42","127.32","5.00","Compound","14871","G:14871","Global","0.00","0.00","0.00","0.00","0.00","0.00","0.00","0.00","0.00","1","Unpaid","0.00","4.90","4.90","08/27/2013","132.32","0.00","0.00","0.00","0.00"
"3836","1","0.00","0.00","0.00","0.00","231.07","240.31","2.33","0.00","9.24","9.24","242.64","231.07","240.31","2.33","Compound","14872","G:14872","Global","0.00","0.00","0.00","0.00","0.00","0.00","0.00","0.00","0.00","1","Unpaid","0.00","9.24","9.24","08/27/2013","242.64","0.00","0.00","0.00","0.00"
"3837","1","0.00","0.00","0.00","0.00","329.73","342.92","8.64","0.00","13.19","13.19","351.56","329.73","342.92","8.64","Compound","14873","G:14873","Global","0.00","0.00","0.00","0.00","0.00","0.00","0.00","0.00","0.00","1","Unpaid","0.00","13.19","13.19","08/27/2013","351.56","0.00","0.00","0.00","0.00"
"3896","1","0.00","0.00","0.00","0.00","621.00","645.84","10.09","0.00","24.84","24.84","655.93","645.11","670.91","10.09","Compound","14874","G:14874","Global","0.00","0.00","24.11","25.07","0.00","0.00","0.96","0.96","25.07","1","Partially Paid","0.00","25.80","25.80","08/27/2013","681.00","0.00","0.00","0.00","0.00","3897","1","","Open","0.00","25.07","0","0.00","Unknown","0","08/27/2013","Payment","PAY","25.07","(25.07)"
"3679","1","0.00","0.00","0.00","0.00","412.65","429.16","13.21","0.00","16.51","16.51","442.37","424.45","441.43","13.21","Compound","14875","G:14875","Global","0.00","0.00","11.80","12.27","0.00","0.00","0.47","0.47","12.27","1","Partially Paid","0.00","16.98","16.98","08/27/2013","454.64","0.00","0.00","0.00","0.00","3680","1","","Open","0.00","12.27","0","0.00","Unknown","0","08/27/2013","Payment","PAY","12.27","(12.27)"
"4004","1","0.00","0.00","0.00","0.00","756.58","786.84","330.92","0.00","30.26","30.26","1117.76","756.58","786.84","330.92","Compound","14876","G:14876","Global","0.00","0.00","0.00","0.00","0.00","0.00","0.00","0.00","0.00","1","Unpaid","0.00","30.26","30.26","08/27/2013","1117.76","0.00","0.00","0.00","0.00"
"3681","1","0.00","0.00","0.00","0.00","845.34","879.15","22.19","0.00","33.81","33.81","901.34","845.34","879.15","22.19","Compound","14877","G:14877","Global","0.00","0.00","0.00","0.00","0.00","0.00","0.00","0.00","0.00","1","Unpaid","0.00","33.81","33.81","08/27/2013","901.34","0.00","0.00","0.00","0.00"
"4025","1","0.00","0.00","0.00","0.00","957.72","996.03","21.92","0.00","38.31","38.31","1017.95","957.72","996.03","21.92","Compound","14878","G:14878","Global","0.00","0.00","0.00","0.00","0.00","0.00","0.00","0.00","0.00","1","Unpaid","0.00","38.31","38.31","08/27/2013","1017.95","0.00","0.00","0.00","0.00"
"3682","1","0.00","0.00","0.00","0.00","0.00","0.00","0.00","0.00","0.00","0.00","0.00","0.00","0.00","13.97","Compound","14879","G:14879","Global","0.00","0.00","0.00","0.00","13.97","0.00","0.00","0.00","13.97","1","Paid in Full","0.00","0.00","0.00","08/27/2013","13.97","0.00","0.00","0.00","0.00","3683","1","","Open","0.00","0.00","0","13.97","Unknown","0","08/27/2013","Payment","PAY","13.97","(13.97)"
"3778","1","0.00","0.00","0.00","0.00","1126.16","1171.21","7.01","0.00","45.05","45.05","1178.22","1143.74","1189.49","7.01","Compound","14880","G:14880","Global","0.00","0.00","17.58","18.28","0.00","0.00","0.70","0.70","18.28","1","Partially Paid","0.00","45.75","45.75","08/27/2013","1196.50","0.00","0.00","0.00","0.00","3779","1","","Open","0.00","18.28","0","0.00","Unknown","0","08/27/2013","Payment","PAY","18.28","(18.28)"
"3710","1","0.00","0.00","0.00","0.00","126.16","131.21","4.55","0.00","5.05","5.05","135.76","126.16","131.21","4.55","Compound","14881","G:14881","Global","0.00","0.00","0.00","0.00","0.00","0.00","0.00","0.00","0.00","1","Unpaid","0.00","5.05","5.05","08/27/2013","135.76","0.00","0.00","0.00","0.00"
"4006","1","0.00","0.00","0.00","0.00","226.91","235.99","3.55","0.00","9.08","9.08","239.54","226.91","235.99","3.55","Compound","14882","G:14882","Global","0.00","0.00","0.00","0.00","0.00","0.00","0.00","0.00","0.00","1","Unpaid","0.00","9.08","9.08","08/27/2013","239.54","0.00","0.00","0.00","0.00"
"3875","1","0.00","0.00","0.00","0.00","333.28","346.61","10.25","0.00","13.33","13.33","356.86","333.28","346.61","10.25","Compound","14883","G:14883","Global","0.00","0.00","0.00","0.00","0.00","0.00","0.00","0.00","0.00","1","Unpaid","0.00","13.33","13.33","08/27/2013","356.86","0.00","0.00","0.00","0.00"
"3838","1","0.00","0.00","0.00","0.00","619.42","644.20","10.18","0.00","24.78","24.78","654.38","627.19","652.28","10.18","Compound","14884","G:14884","Global","0.00","0.00","7.77","8.08","0.00","0.00","0.31","0.31","8.08","1","Partially Paid","0.00","25.09","25.09","08/27/2013","662.46","0.00","0.00","0.00","0.00","4202","1","","Open","0.00","8.08","0","0.00","Unknown","0","08/28/2013","Credit","CRED","8.08","(8.08)"
"4010","1","0.00","0.00","0.00","0.00","405.00","421.20","13.14","0.00","16.20","16.20","434.34","429.11","446.27","13.14","Compound","14885","G:14885","Global","0.00","0.00","24.11","25.07","0.00","0.00","0.96","0.96","25.07","1","Partially Paid","0.00","17.16","17.16","08/27/2013","459.41","0.00","0.00","0.00","0.00","4011","1","","Open","0.00","25.07","0","0.00","Unknown","0","08/27/2013","Payment","PAY","25.07","(25.07)"
"4038","1","0.00","0.00","0.00","0.00","0.00","0.00","7.02","0.00","0.00","0.00","7.02","0.00","0.00","15.43","Compound","14886","G:14886","Global","0.00","0.00","0.00","0.00","8.41","0.00","0.00","0.00","8.41","1","Partially Paid","0.00","0.00","0.00","08/27/2013","15.43","0.00","0.00","0.00","0.00","4039","1","","Open","0.00","0.00","0","8.41","Unknown","0","08/27/2013","Payment","PAY","8.41","(8.41)"
"3780","1","0.00","0.00","0.00","0.00","742.97","772.69","18.36","0.00","29.72","29.72","791.05","742.97","772.69","18.36","Compound","14887","G:14887","Global","0.00","0.00","0.00","0.00","0.00","0.00","0.00","0.00","0.00","1","Unpaid","0.00","29.72","29.72","08/27/2013","791.05","0.00","0.00","0.00","0.00"
"3930","1","0.00","0.00","0.00","0.00","854.44","888.62","22.63","0.00","34.18","34.18","911.25","854.44","888.62","22.63","Compound","14888","G:14888","Global","0.00","0.00","0.00","0.00","0.00","0.00","0.00","0.00","0.00","1","Unpaid","0.00","34.18","34.18","08/27/2013","911.25","0.00","0.00","0.00","0.00"
"3690","1","0.00","0.00","0.00","0.00","0.00","0.00","0.00","0.00","0.00","0.00","0.00","0.00","0.00","14.41","Compound","14889","G:14889","Global","0.00","0.00","0.00","0.00","14.41","0.00","0.00","0.00","14.41","1","Paid in Full","0.00","0.00","0.00","08/27/2013","14.41","0.00","0.00","0.00","0.00","2980","1","","Open","0.00","0.00","0","14.41","Discover","0","06/28/2013","Payment","PAY","421.06","(421.06)"
"3695","1","0.00","0.00","0.00","0.00","0.00","0.00","0.00","0.00","0.00","0.00","0.00","0.00","0.00","6.79","Compound","14890","G:14890","Global","0.00","0.00","0.00","0.00","6.79","0.00","0.00","0.00","6.79","1","Paid in Full","0.00","0.00","0.00","08/27/2013","6.79","0.00","0.00","0.00","0.00","2408","1","","Open","0.00","0.00","0","6.79","Unknown","0","05/28/2013","Payment","PAY","13.05","(13.05)"
"3691","1","0.00","0.00","0.00","0.00","1757.03","1827.32","4.04","0.00","70.29","70.29","1831.36","1781.14","1852.39","4.04","Compound","14891","G:14891","Global","0.00","0.00","24.11","25.07","0.00","0.00","0.96","0.96","25.07","1","Partially Paid","0.00","71.25","71.25","08/27/2013","1856.43","0.00","0.00","0.00","0.00","3692","1","","Open","0.00","25.07","0","0.00","Unknown","0","08/27/2013","Payment","PAY","25.07","(25.07)"
"3693","1","0.00","0.00","0.00","0.00","260.56","270.98","2.80","0.00","10.42","10.42","273.78","282.05","293.33","2.80","Compound","14892","G:14892","Global","0.00","0.00","21.49","22.35","0.00","0.00","0.86","0.86","22.35","1","Partially Paid","0.00","11.28","11.28","08/27/2013","296.13","0.00","0.00","0.00","0.00","3694","1","","Open","0.00","22.35","0","0.00","Unknown","0","08/27/2013","Payment","PAY","22.35","(22.35)"
"3687","1","0.00","0.00","0.00","0.00","63.89","66.44","2.87","0.00","2.55","2.55","69.31","90.31","93.92","2.87","Compound","14893","G:14893","Global","0.00","0.00","26.42","27.48","0.00","0.00","1.06","1.06","27.48","1","Partially Paid","0.00","3.61","3.61","08/27/2013","96.79","0.00","0.00","0.00","0.00","3688","1","","Open","0.00","19.40","0","0.00","Unknown","0","08/27/2013","Payment","PAY","19.40","(19.40)","4203","1","","Open","0.00","8.08","0","0.00","Unknown","0","08/28/2013","Credit","CRED","8.08","(8.08)"
"3689","1","0.00","0.00","0.00","0.00","249.79","259.78","9.42","0.00","9.99","9.99","269.20","249.79","259.78","9.42","Compound","14894","G:14894","Global","0.00","0.00","0.00","0.00","0.00","0.00","0.00","0.00","0.00","1","Unpaid","0.00","9.99","9.99","08/27/2013","269.20","0.00","0.00","0.00","0.00"
"3696","1","0.00","0.00","0.00","0.00","1560.13","1622.54","18.62","0.00","62.41","62.41","1641.16","1959.63","2038.02","18.62","Compound","14895","G:14895","Global","0.00","0.00","399.50","415.48","0.00","0.00","15.98","15.98","415.48","1","Partially Paid","0.00","78.39","78.39","08/27/2013","2056.64","0.00","0.00","0.00","0.00","3697","1","","Open","0.00","415.48","0","0.00","Unknown","0","08/27/2013","Payment","PAY","415.48","(415.48)"
"3840","1","0.00","0.00","0.00","0.00","659.74","686.13","15.41","0.00","26.39","26.39","701.54","659.74","686.13","15.41","Compound","14896","G:14896","Global","0.00","0.00","0.00","0.00","0.00","0.00","0.00","0.00","0.00","1","Unpaid","0.00","26.39","26.39","08/27/2013","701.54","0.00","0.00","0.00","0.00"
"3684","1","0.00","0.00","0.00","0.00","0.00","0.00","0.00","0.00","0.00","0.00","0.00","0.00","0.00","12.62","Compound","14897","G:14897","Global","0.00","0.00","0.00","0.00","12.62","0.00","0.00","0.00","12.62","1","Paid in Full","0.00","0.00","0.00","08/27/2013","12.62","0.00","0.00","0.00","0.00","3685","1","","Open","0.00","0.00","0","12.62","Unknown","0","08/27/2013","Payment","PAY","12.62","(12.62)"
"3898","1","0.00","0.00","0.00","0.00","1490.59","1550.21","25.33","0.00","59.62","59.62","1575.54","1491.12","1550.76","25.33","Compound","14898","G:14898","Global","0.00","0.00","0.53","0.55","0.00","0.00","0.02","0.02","0.55","1","Partially Paid","0.00","59.64","59.64","08/27/2013","1576.09","0.00","0.00","0.00","0.00","3899","1","","Open","0.00","0.55","0","0.00","Unknown","0","08/27/2013","Payment","PAY","0.55","(0.55)"
"3644","1","0.00","0.00","0.00","0.00","107.50","111.80","17.63","0.00","4.30","4.30","129.43","107.50","111.80","17.63","Compound","14899","G:14899","Global","0.00","0.00","0.00","0.00","0.00","0.00","0.00","0.00","0.00","1","Unpaid","0.00","4.30","4.30","08/27/2013","129.43","0.00","0.00","0.00","0.00"
"3786","1","0.00","0.00","0.00","0.00","1040.70","1082.33","20.68","0.00","41.63","41.63","1103.01","1040.70","1082.33","20.68","Compound","14900","G:14900","Global","0.00","0.00","0.00","0.00","0.00","0.00","0.00","0.00","0.00","1","Unpaid","0.00","41.63","41.63","08/27/2013","1103.01","0.00","0.00","0.00","0.00"
"4013","1","0.00","0.00","0.00","0.00","0.00","0.00","15.61","0.00","0.00","0.00","15.61","0.00","0.00","15.61","Compound","14901","G:14901","Global","0.00","0.00","0.00","0.00","0.00","0.00","0.00","0.00","0.00","1","Unpaid","0.00","0.00","0.00","08/27/2013","15.61","0.00","0.00","0.00","0.00"
"4068","1","0.00","0.00","0.00","0.00","3925.00","4082.00","14.09","0.00","157.00","157.00","4096.09","3932.77","4090.08","14.09","Compound","14902","G:14902","Global","0.00","0.00","7.77","8.08","0.00","0.00","0.31","0.31","8.08","1","Partially Paid","0.00","157.31","157.31","08/27/2013","4104.17","0.00","0.00","0.00","0.00","4204","1","","Open","0.00","8.08","0","0.00","Unknown","0","08/28/2013","Credit","CRED","8.08","(8.08)"
"3954","1","0.00","0.00","0.00","0.00","284.47","295.85","12.03","0.00","11.38","11.38","307.88","308.58","320.92","12.03","Compound","14903","G:14903","Global","0.00","0.00","24.11","25.07","0.00","0.00","0.96","0.96","25.07","1","Partially Paid","0.00","12.34","12.34","08/27/2013","332.95","0.00","0.00","0.00","0.00","3955","1","","Open","0.00","25.07","0","0.00","Unknown","0","08/27/2013","Payment","PAY","25.07","(25.07)"
"3972","1","0.00","0.00","0.00","0.00","583.53","606.87","7.17","0.00","23.34","23.34","614.04","600.95","624.99","7.17","Compound","14904","G:14904","Global","0.00","0.00","17.42","18.12","0.00","0.00","0.70","0.70","18.12","1","Partially Paid","0.00","24.04","24.04","08/27/2013","632.16","0.00","0.00","0.00","0.00","3973","1","","Open","0.00","18.12","0","0.00","Unknown","0","08/27/2013","Payment","PAY","18.12","(18.12)"
"3698","1","0.00","0.00","0.00","0.00","134.94","140.34","8.20","0.00","5.40","5.40","148.54","134.94","140.34","8.20","Compound","14905","G:14905","Global","0.00","0.00","0.00","0.00","0.00","0.00","0.00","0.00","0.00","1","Unpaid","0.00","5.40","5.40","08/27/2013","148.54","0.00","0.00","0.00","0.00"
"3999","1","0.00","0.00","0.00","0.00","1830.12","1903.32","21.44","0.00","73.20","73.20","1924.76","1830.12","1903.32","21.44","Compound","14906","G:14906","Global","0.00","0.00","0.00","0.00","0.00","0.00","0.00","0.00","0.00","1","Unpaid","0.00","73.20","73.20","08/27/2013","1924.76","0.00","0.00","0.00","0.00"
"3699","1","0.00","0.00","0.00","0.00","181.40","188.66","6.39","0.00","7.26","7.26","195.05","181.40","188.66","6.39","Compound","14907","G:14907","Global","0.00","0.00","0.00","0.00","0.00","0.00","0.00","0.00","0.00","1","Unpaid","0.00","7.26","7.26","08/27/2013","195.05","0.00","0.00","0.00","0.00"
"3700","1","0.00","0.00","0.00","0.00","0.00","0.00","14.62","0.00","0.00","0.00","14.62","0.00","0.00","14.62","Compound","14908","G:14908","Global","0.00","0.00","0.00","0.00","0.00","0.00","0.00","0.00","0.00","1","Unpaid","0.00","0.00","0.00","08/27/2013","14.62","0.00","0.00","0.00","0.00"
"3748","1","0.00","0.00","0.00","0.00","746.36","776.22","20.42","0.00","29.86","29.86","796.64","770.47","801.29","20.42","Compound","14909","G:14909","Global","0.00","0.00","24.11","25.07","0.00","0.00","0.96","0.96","25.07","1","Partially Paid","0.00","30.82","30.82","08/27/2013","821.71","0.00","0.00","0.00","0.00","3749","1","","Open","0.00","25.07","0","0.00","Unknown","0","08/27/2013","Payment","PAY","25.07","(25.07)"
"3900","1","0.00","0.00","0.00","0.00","883.05","918.37","22.98","0.00","35.32","35.32","941.35","885.76","921.19","22.98","Compound","14910","G:14910","Global","0.00","0.00","2.71","2.82","0.00","0.00","0.11","0.11","2.82","1","Partially Paid","0.00","35.43","35.43","08/27/2013","944.17","0.00","0.00","0.00","0.00","3901","1","","Open","0.00","2.82","0","0.00","Unknown","0","08/27/2013","Payment","PAY","2.82","(2.82)"
"3801","1","0.00","0.00","0.00","0.00","995.31","1035.12","362.57","0.00","39.81","39.81","1397.69","1003.08","1043.20","362.57","Compound","14911","G:14911","Global","0.00","0.00","7.77","8.08","0.00","0.00","0.31","0.31","8.08","1","Partially Paid","0.00","40.12","40.12","08/27/2013","1405.77","0.00","0.00","0.00","0.00","4205","1","","Open","0.00","8.08","0","0.00","Unknown","0","08/28/2013","Credit","CRED","8.08","(8.08)"
"3902","1","0.00","0.00","0.00","0.00","0.00","0.00","12.02","0.00","0.00","0.00","12.02","0.00","0.00","12.02","Compound","14912","G:14912","Global","0.00","0.00","0.00","0.00","0.00","0.00","0.00","0.00","0.00","1","Unpaid","0.00","0.00","0.00","08/27/2013","12.02","0.00","0.00","0.00","0.00"
"3750","1","0.00","0.00","0.00","0.00","1071.83","1114.70","6.94","0.00","42.87","42.87","1121.64","1243.76","1293.51","6.94","Compound","14913","G:14913","Global","0.00","0.00","171.93","178.81","0.00","0.00","6.88","6.88","178.81","1","Partially Paid","0.00","49.75","49.75","08/27/2013","1300.45","0.00","0.00","0.00","0.00","5308","1","","Open","0.00","178.81","0","0.00","Other 1","0","10/28/2013","Payment","PAY","445.10","(445.10)"
"3964","1","0.00","0.00","0.00","0.00","0.00","0.00","6.35","0.00","0.00","0.00","6.35","0.00","0.00","6.35","Compound","14914","G:14914","Global","0.00","0.00","0.00","0.00","0.00","0.00","0.00","0.00","0.00","1","Unpaid","0.00","0.00","0.00","08/27/2013","6.35","0.00","0.00","0.00","0.00"
"3876","1","0.00","0.00","0.00","0.00","200.44","208.46","5.35","0.00","8.02","8.02","213.81","224.55","233.53","5.35","Compound","14915","G:14915","Global","0.00","0.00","24.11","25.07","0.00","0.00","0.96","0.96","25.07","1","Partially Paid","0.00","8.98","8.98","08/27/2013","238.88","0.00","0.00","0.00","0.00","3877","1","","Open","0.00","25.07","0","0.00","Unknown","0","08/27/2013","Payment","PAY","25.07","(25.07)"
"3842","1","0.00","0.00","0.00","0.00","312.21","324.69","5.02","0.00","12.48","12.48","329.71","329.86","343.05","5.02","Compound","14916","G:14916","Global","0.00","0.00","17.65","18.36","0.00","0.00","0.71","0.71","18.36","1","Partially Paid","0.00","13.19","13.19","08/27/2013","348.07","0.00","0.00","0.00","0.00","3843","1","","Open","0.00","18.36","0","0.00","Unknown","0","08/27/2013","Payment","PAY","18.36","(18.36)"
"3701","1","0.00","0.00","0.00","0.00","657.76","684.07","6.44","0.00","26.31","26.31","690.51","657.76","684.07","6.44","Compound","14917","G:14917","Global","0.00","0.00","0.00","0.00","0.00","0.00","0.00","0.00","0.00","1","Unpaid","0.00","26.31","26.31","08/27/2013","690.51","0.00","0.00","0.00","0.00"
"3956","1","0.00","0.00","0.00","0.00","437.22","454.71","8.84","0.00","17.49","17.49","463.55","437.22","454.71","8.84","Compound","14918","G:14918","Global","0.00","0.00","0.00","0.00","0.00","0.00","0.00","0.00","0.00","1","Unpaid","0.00","17.49","17.49","08/27/2013","463.55","0.00","0.00","0.00","0.00"
"4035","1","0.00","0.00","0.00","0.00","0.00","0.00","17.25","0.00","0.00","0.00","17.25","0.00","0.00","17.25","Compound","14919","G:14919","Global","0.00","0.00","0.00","0.00","0.00","0.00","0.00","0.00","0.00","1","Unpaid","0.00","0.00","0.00","08/27/2013","17.25","0.00","0.00","0.00","0.00"
"4565","1","0.00","0.00","0.00","0.00","0.00","0.00","0.00","0.00","0.00","0.00","0.00","0.00","0.00","29.50","Compound","14920","G:14920","Global","0.00","0.00","0.00","0.00","29.50","0.00","0.00","0.00","29.50","1","Paid in Full","0.00","0.00","0.00","09/27/2013","29.50","0.00","0.00","0.00","0.00","4566","1","","Open","0.00","0.00","0","25.08","Unknown","0","09/27/2013","Payment","PAY","25.08","(25.08)","4743","1","","Open","0.00","0.00","0","4.42","Unknown","0","09/28/2013","Credit","CRED","9.09","(9.09)"
"4426","1","1548.67","1614.49","1544.05","1609.67","0.00","0.00","0.00","65.62","0.00","65.62","1609.67","0.00","0.00","29.35","Compound","14921","G:14921","Global","4.62","4.82","0.00","0.00","29.35","0.20","0.00","0.20","34.17","1","Partially Paid","65.82","0.00","65.82","09/27/2013","1643.84","0.00","0.00","0.00","0.00","4427","1","","Open","0.00","0.00","0","25.08","Unknown","0","09/27/2013","Payment","PAY","25.08","(25.08)","4744","1","","Open","4.82","0.00","0","4.27","Unknown","0","09/28/2013","Credit","CRED","9.09","(9.09)"
"4630","1","1774.57","1849.99","1759.53","1834.31","0.00","0.00","0.00","74.78","0.00","74.78","1834.31","0.00","0.00","18.49","Compound","14922","G:14922","Global","15.04","15.68","0.00","0.00","18.49","0.64","0.00","0.64","34.17","1","Partially Paid","75.42","0.00","75.42","09/27/2013","1868.48","0.00","0.00","0.00","0.00","4631","1","","Open","6.59","0.00","0","18.49","Unknown","0","09/27/2013","Payment","PAY","25.08","(25.08)","4745","1","","Open","9.09","0.00","0","0.00","Unknown","0","09/28/2013","Credit","CRED","9.09","(9.09)"
"4285","1","2166.54","2258.62","2148.06","2239.35","0.00","0.00","0.00","91.29","0.00","91.29","2239.35","0.00","0.00","14.90","Compound","14923","G:14923","Global","18.48","19.27","0.00","0.00","14.90","0.79","0.00","0.79","34.17","1","Partially Paid","92.08","0.00","92.08","09/27/2013","2273.52","50.12","0.00","0.00","0.00","4286","1","","Open","10.18","0.00","0","14.90","Unknown","0","09/27/2013","Payment","PAY","25.08","(25.08)","4746","1","","Open","9.09","0.00","0","0.00","Unknown","0","09/28/2013","Credit","CRED","9.09","(9.09)"
"4208","1","2232.67","2327.56","2203.64","2297.30","0.00","0.00","0.00","93.66","0.00","93.66","2297.30","0.00","0.00","14.01","Compound","14924","G:14924","Global","29.03","30.26","0.00","0.00","14.01","1.23","0.00","1.23","44.27","1","Partially Paid","94.89","0.00","94.89","09/27/2013","2341.57","0.00","0.00","0.00","0.00","4209","1","","Open","11.07","0.00","0","14.01","Unknown","0","09/27/2013","Payment","PAY","25.08","(25.08)","4747","1","","Open","9.09","0.00","0","0.00","Unknown","0","09/28/2013","Credit","CRED","9.09","(9.09)","5324","1","","Open","10.10","0.00","0","0.00","Unknown","0","10/28/2013","Credit","CRED","10.10","(10.10)"
"4293","1","2834.48","2954.95","2834.48","2954.95","0.00","0.00","11.20","120.47","0.00","120.47","2966.15","0.00","0.00","11.20","Compound","14925","G:14925","Global","0.00","0.00","0.00","0.00","0.00","0.00","0.00","0.00","0.00","1","Unpaid","120.47","0.00","120.47","09/27/2013","2966.15","50.12","0.00","0.00","0.00"
"4483","1","1877.62","1957.42","1877.62","1957.42","287.89","299.41","52.33","79.80","11.52","91.32","2309.16","287.89","299.41","52.33","Compound","14926","G:14926","Global","0.00","0.00","0.00","0.00","0.00","0.00","0.00","0.00","0.00","1","Unpaid","79.80","11.52","91.32","09/27/2013","2309.16","0.00","89.43","51.23","0.00"
"4212","1","450.71","469.87","450.71","469.87","332.91","346.23","23.59","19.16","13.32","32.48","839.69","332.91","346.23","23.59","Compound","14927","G:14927","Global","0.00","0.00","0.00","0.00","0.00","0.00","0.00","0.00","0.00","1","Unpaid","19.16","13.32","32.48","09/27/2013","839.69","0.00","88.68","0.00","0.00"
"4455","1","0.00","0.00","0.00","0.00","1381.43","1436.69","54.89","0.00","55.26","55.26","1491.58","1381.43","1436.69","63.98","Compound","14928","G:14928","Global","0.00","0.00","0.00","0.00","9.09","0.00","0.00","0.00","9.09","1","Partially Paid","0.00","55.26","55.26","09/27/2013","1500.67","0.00","66.84","0.00","0.00","4748","1","","Open","0.00","0.00","0","9.09","Unknown","0","09/28/2013","Credit","CRED","9.09","(9.09)"
"4590","1","883.60","921.15","879.15","916.51","0.00","0.00","0.00","37.36","0.00","37.36","916.51","0.00","0.00","20.44","Compound","14929","G:14929","Global","4.45","4.64","0.00","0.00","20.44","0.19","0.00","0.19","25.08","1","Partially Paid","37.55","0.00","37.55","09/27/2013","941.59","0.00","0.00","0.00","0.00","4591","1","","Open","4.64","0.00","0","20.44","Unknown","0","09/27/2013","Payment","PAY","25.08","(25.08)"
"4582","1","1103.18","1150.07","1103.18","1150.07","0.00","0.00","24.31","46.89","0.00","46.89","1174.38","0.00","0.00","24.69","Compound","14930","G:14930","Global","0.00","0.00","0.00","0.00","0.38","0.00","0.00","0.00","0.38","1","Partially Paid","46.89","0.00","46.89","09/27/2013","1174.76","0.00","0.00","0.00","0.00","4583","1","","Open","0.00","0.00","0","0.38","Unknown","0","09/27/2013","Payment","PAY","0.38","(0.38)"
"4361","1","0.00","0.00","0.00","0.00","0.00","0.00","30.81","0.00","0.00","0.00","30.81","0.00","0.00","30.81","Compound","14931","G:14931","Global","0.00","0.00","0.00","0.00","0.00","0.00","0.00","0.00","0.00","1","Unpaid","0.00","0.00","0.00","09/27/2013","30.81","0.00","0.00","0.00","0.00"
"4362","1","1548.67","1614.49","1548.67","1614.49","0.00","0.00","29.64","65.82","0.00","65.82","1644.13","0.00","0.00","29.64","Compound","14932","G:14932","Global","0.00","0.00","0.00","0.00","0.00","0.00","0.00","0.00","0.00","1","Unpaid","65.82","0.00","65.82","09/27/2013","1644.13","0.00","0.00","0.00","0.00"
"4328","1","1774.57","1849.99","1774.57","1849.99","0.00","0.00","17.76","75.42","0.00","75.42","1867.75","0.00","0.00","17.76","Compound","14933","G:14933","Global","0.00","0.00","0.00","0.00","0.00","0.00","0.00","0.00","0.00","1","Unpaid","75.42","0.00","75.42","09/27/2013","1867.75","0.00","0.00","0.00","0.00"
"4428","1","2002.57","2087.68","2002.57","2087.68","0.00","0.00","12.00","85.11","0.00","85.11","2099.68","0.00","0.00","12.00","Compound","14934","G:14934","Global","0.00","0.00","0.00","0.00","0.00","0.00","0.00","0.00","0.00","1","Unpaid","85.11","0.00","85.11","09/27/2013","2099.68","0.00","0.00","0.00","0.00"
"4329","1","2232.67","2327.56","2220.03","2314.38","0.00","0.00","0.00","94.35","0.00","94.35","2314.38","0.00","0.00","11.90","Compound","14935","G:14935","Global","12.64","13.18","0.00","0.00","11.90","0.54","0.00","0.54","25.08","1","Partially Paid","94.89","0.00","94.89","09/27/2013","2339.46","0.00","0.00","0.00","0.00","4330","1","","Open","13.18","0.00","0","11.90","Unknown","0","09/27/2013","Payment","PAY","25.08","(25.08)"
"4618","1","2464.88","2569.64","2464.88","2569.64","0.00","0.00","6.27","104.76","0.00","104.76","2575.91","0.00","0.00","6.27","Compound","14936","G:14936","Global","0.00","0.00","0.00","0.00","0.00","0.00","0.00","0.00","0.00","1","Unpaid","104.76","0.00","104.76","09/27/2013","2575.91","0.00","0.00","0.00","0.00"
"4379","1","237.44","247.53","237.44","247.53","0.00","0.00","4.59","10.09","0.00","10.09","252.12","0.00","0.00","13.68","Compound","14937","G:14937","Global","0.00","0.00","0.00","0.00","9.09","0.00","0.00","0.00","9.09","1","Partially Paid","10.09","0.00","10.09","09/27/2013","261.21","0.00","0.00","0.00","0.00","4749","1","","Open","0.00","0.00","0","9.09","Unknown","0","09/28/2013","Credit","CRED","9.09","(9.09)"
"4553","1","0.00","0.00","0.00","0.00","0.00","0.00","15.28","0.00","0.00","0.00","15.28","0.00","0.00","15.28","Compound","14938","G:14938","Global","0.00","0.00","0.00","0.00","0.00","0.00","0.00","0.00","0.00","1","Unpaid","0.00","0.00","0.00","09/27/2013","15.28","0.00","0.00","0.00","0.00"
"4363","1","0.00","0.00","0.00","0.00","0.00","0.00","16.29","0.00","0.00","0.00","16.29","0.00","0.00","16.29","Compound","14939","G:14939","Global","0.00","0.00","0.00","0.00","0.00","0.00","0.00","0.00","0.00","1","Unpaid","0.00","0.00","0.00","09/27/2013","16.29","0.00","0.00","0.00","0.00"
"4602","1","883.60","921.15","883.60","921.15","0.00","0.00","33.36","37.55","0.00","37.55","954.51","0.00","0.00","33.36","Compound","14940","G:14940","Global","0.00","0.00","0.00","0.00","0.00","0.00","0.00","0.00","0.00","1","Unpaid","37.55","0.00","37.55","09/27/2013","954.51","0.00","0.00","0.00","0.00"
"4213","1","1103.18","1150.07","1086.96","1133.16","0.00","0.00","0.00","46.20","0.00","46.20","1133.16","0.00","0.00","8.17","Compound","14941","G:14941","Global","16.22","16.91","0.00","0.00","8.17","0.69","0.00","0.69","25.08","1","Partially Paid","46.89","0.00","46.89","09/27/2013","1158.24","0.00","0.00","0.00","0.00","4214","1","","Open","16.91","0.00","0","8.17","Unknown","0","09/27/2013","Payment","PAY","25.08","(25.08)"
"4287","1","0.00","0.00","0.00","0.00","0.00","0.00","13.90","0.00","0.00","0.00","13.90","0.00","0.00","13.90","Compound","14942","G:14942","Global","0.00","0.00","0.00","0.00","0.00","0.00","0.00","0.00","0.00","1","Unpaid","0.00","0.00","0.00","09/27/2013","13.90","0.00","0.00","0.00","0.00"
"4429","1","1548.67","1614.49","1548.67","1614.49","0.00","0.00","34.53","65.82","0.00","65.82","1649.02","0.00","0.00","34.53","Compound","14943","G:14943","Global","0.00","0.00","0.00","0.00","0.00","0.00","0.00","0.00","0.00","1","Unpaid","65.82","0.00","65.82","09/27/2013","1649.02","0.00","0.00","0.00","0.00"
"4215","1","1774.57","1849.99","1774.57","1849.99","0.00","0.00","11.72","75.42","0.00","75.42","1861.71","0.00","0.00","11.72","Compound","14944","G:14944","Global","0.00","0.00","0.00","0.00","0.00","0.00","0.00","0.00","0.00","1","Unpaid","75.42","0.00","75.42","09/27/2013","1861.71","0.00","0.00","0.00","0.00"
"4506","1","2002.57","2087.68","2002.57","2087.68","0.00","0.00","24.24","85.11","0.00","85.11","2111.92","0.00","0.00","24.24","Compound","14945","G:14945","Global","0.00","0.00","0.00","0.00","0.00","0.00","0.00","0.00","0.00","1","Unpaid","85.11","0.00","85.11","09/27/2013","2111.92","0.00","0.00","0.00","0.00"
"4584","1","2232.67","2327.56","2232.67","2327.56","0.00","0.00","50.52","94.89","0.00","94.89","2378.08","0.00","0.00","59.61","Compound","14946","G:14946","Global","0.00","0.00","0.00","0.00","9.09","0.00","0.00","0.00","9.09","1","Partially Paid","94.89","0.00","94.89","09/27/2013","2387.17","0.00","0.00","0.00","0.00","4750","1","","Open","0.00","0.00","0","9.09","Unknown","0","09/28/2013","Credit","CRED","9.09","(9.09)"
"4643","1","2464.88","2569.64","2454.97","2559.31","0.00","0.00","0.00","104.34","0.00","104.34","2559.31","0.00","0.00","14.75","Compound","14947","G:14947","Global","9.91","10.33","0.00","0.00","14.75","0.42","0.00","0.42","25.08","1","Partially Paid","104.76","0.00","104.76","09/27/2013","2584.39","0.00","0.00","0.00","0.00","4644","1","","Open","10.33","0.00","0","14.75","Unknown","0","09/27/2013","Payment","PAY","25.08","(25.08)"
"4380","1","237.44","247.53","237.44","247.53","0.00","0.00","14.84","10.09","0.00","10.09","262.37","0.00","0.00","14.84","Compound","14948","G:14948","Global","0.00","0.00","0.00","0.00","0.00","0.00","0.00","0.00","0.00","1","Unpaid","10.09","0.00","10.09","09/27/2013","262.37","0.00","0.00","0.00","0.00"
"4332","1","450.71","469.87","450.71","469.87","0.00","0.00","13.88","19.16","0.00","19.16","483.75","0.00","0.00","13.88","Compound","14949","G:14949","Global","0.00","0.00","0.00","0.00","0.00","0.00","0.00","0.00","0.00","1","Unpaid","19.16","0.00","19.16","09/27/2013","483.75","0.00","0.00","0.00","0.00"
"4210","1","0.00","0.00","0.00","0.00","0.00","0.00","20.75","0.00","0.00","0.00","20.75","0.00","0.00","20.75","Compound","14950","G:14950","Global","0.00","0.00","0.00","0.00","0.00","0.00","0.00","0.00","0.00","1","Unpaid","0.00","0.00","0.00","09/27/2013","20.75","0.00","0.00","0.00","0.00"
"4456","1","883.60","921.15","883.60","921.15","0.00","0.00","25.26","37.55","0.00","37.55","946.41","0.00","0.00","25.26","Compound","14951","G:14951","Global","0.00","0.00","0.00","0.00","0.00","0.00","0.00","0.00","0.00","1","Unpaid","37.55","0.00","37.55","09/27/2013","946.41","0.00","0.00","0.00","0.00"
"4381","1","1103.18","1150.07","1103.18","1150.07","0.00","0.00","24.22","46.89","0.00","46.89","1174.29","0.00","0.00","26.31","Compound","14952","G:14952","Global","0.00","0.00","0.00","0.00","2.09","0.00","0.00","0.00","2.09","1","Partially Paid","46.89","0.00","46.89","09/27/2013","1176.38","0.00","0.00","0.00","0.00","4648","1","","Open","0.00","0.00","0","2.09","Unknown","0","09/28/2013","Write Off","WOFF","2.09","(2.09)"
"4216","1","0.00","0.00","0.00","0.00","0.00","0.00","0.00","0.00","0.00","0.00","0.00","0.00","0.00","18.67","Compound","14953","G:14953","Global","0.00","0.00","0.00","0.00","18.67","0.00","0.00","0.00","18.67","1","Paid in Full","0.00","0.00","0.00","09/27/2013","18.67","0.00","0.00","0.00","0.00","4217","1","","Open","0.00","0.00","0","18.67","Unknown","0","09/27/2013","Payment","PAY","18.67","(18.67)"
"4430","1","1548.67","1614.49","1548.67","1614.49","0.00","0.00","35.94","65.82","0.00","65.82","1650.43","0.00","0.00","35.94","Compound","14954","G:14954","Global","0.00","0.00","0.00","0.00","0.00","0.00","0.00","0.00","0.00","1","Unpaid","65.82","0.00","65.82","09/27/2013","1650.43","0.00","0.00","0.00","0.00"
"4532","1","1774.57","1849.99","1774.57","1849.99","0.00","0.00","19.22","75.42","0.00","75.42","1869.21","0.00","0.00","28.31","Compound","14955","G:14955","Global","0.00","0.00","0.00","0.00","9.09","0.00","0.00","0.00","9.09","1","Partially Paid","75.42","0.00","75.42","09/27/2013","1878.30","0.00","0.00","0.00","0.00","4751","1","","Open","0.00","0.00","0","9.09","Unknown","0","09/28/2013","Credit","CRED","9.09","(9.09)"
"4588","1","2002.57","2087.68","2002.57","2087.68","0.00","0.00","30.05","85.11","0.00","85.11","2117.73","0.00","0.00","30.05","Compound","14956","G:14956","Global","0.00","0.00","0.00","0.00","0.00","0.00","0.00","0.00","0.00","1","Unpaid","85.11","0.00","85.11","09/27/2013","2117.73","0.00","0.00","0.00","0.00"
"4425","1","2232.67","2327.56","2232.67","2327.56","0.00","0.00","17.53","94.89","0.00","94.89","2345.09","0.00","0.00","17.53","Compound","14957","G:14957","Global","0.00","0.00","0.00","0.00","0.00","0.00","0.00","0.00","0.00","1","Unpaid","94.89","0.00","94.89","09/27/2013","2345.09","0.00","0.00","0.00","0.00"
"4484","1","2464.88","2569.64","2464.88","2569.64","0.00","0.00","10.01","104.76","0.00","104.76","2579.65","0.00","0.00","10.01","Compound","14958","G:14958","Global","0.00","0.00","0.00","0.00","0.00","0.00","0.00","0.00","0.00","1","Unpaid","104.76","0.00","104.76","09/27/2013","2579.65","0.00","0.00","0.00","0.00"
"4382","1","237.44","247.53","228.21","237.91","0.00","0.00","0.00","9.70","0.00","9.70","237.91","0.00","0.00","15.46","Compound","14959","G:14959","Global","9.23","9.62","0.00","0.00","15.46","0.39","0.00","0.39","25.08","1","Partially Paid","10.09","0.00","10.09","09/27/2013","262.99","0.00","0.00","0.00","0.00","4383","1","","Open","9.62","0.00","0","15.46","Unknown","0","09/27/2013","Payment","PAY","25.08","(25.08)"
"4549","1","450.71","469.87","450.71","469.87","0.00","0.00","15.99","19.16","0.00","19.16","485.86","0.00","0.00","15.99","Compound","14960","G:14960","Global","0.00","0.00","0.00","0.00","0.00","0.00","0.00","0.00","0.00","1","Unpaid","19.16","0.00","19.16","09/27/2013","485.86","0.00","0.00","0.00","0.00"
"4603","1","0.00","0.00","0.00","0.00","0.00","0.00","19.04","0.00","0.00","0.00","19.04","0.00","0.00","19.04","Compound","14961","G:14961","Global","0.00","0.00","0.00","0.00","0.00","0.00","0.00","0.00","0.00","1","Unpaid","0.00","0.00","0.00","09/27/2013","19.04","0.00","0.00","0.00","0.00"
"4554","1","883.60","921.15","883.60","921.15","0.00","0.00","20.05","37.55","0.00","37.55","941.20","0.00","0.00","20.05","Compound","14962","G:14962","Global","0.00","0.00","0.00","0.00","0.00","0.00","0.00","0.00","0.00","1","Unpaid","37.55","0.00","37.55","09/27/2013","941.20","0.00","0.00","0.00","0.00"
"4218","1","0.00","0.00","0.00","0.00","0.00","0.00","24.68","0.00","0.00","0.00","24.68","0.00","0.00","24.68","Compound","14963","G:14963","Global","0.00","0.00","0.00","0.00","0.00","0.00","0.00","0.00","0.00","1","Unpaid","0.00","0.00","0.00","09/27/2013","24.68","0.00","0.00","0.00","0.00"
"4552","1","0.00","0.00","0.00","0.00","0.00","0.00","19.32","0.00","0.00","0.00","19.32","0.00","0.00","28.41","Compound","14964","G:14964","Global","0.00","0.00","0.00","0.00","9.09","0.00","0.00","0.00","9.09","1","Partially Paid","0.00","0.00","0.00","09/27/2013","28.41","0.00","0.00","0.00","0.00","4752","1","","Open","0.00","0.00","0","9.09","Unknown","0","09/28/2013","Credit","CRED","9.09","(9.09)"
"4384","1","1548.67","1614.49","1548.67","1614.49","0.00","0.00","0.74","65.82","0.00","65.82","1615.23","0.00","0.00","25.82","Compound","14965","G:14965","Global","0.00","0.00","0.00","0.00","25.08","0.00","0.00","0.00","25.08","1","Partially Paid","65.82","0.00","65.82","09/27/2013","1640.31","0.00","0.00","0.00","0.00","4385","1","","Open","0.00","0.00","0","25.08","Unknown","0","09/27/2013","Payment","PAY","25.08","(25.08)"
"4578","1","1774.57","1849.99","1774.57","1849.99","0.00","0.00","6.51","75.42","0.00","75.42","1856.50","0.00","0.00","6.51","Compound","14966","G:14966","Global","0.00","0.00","0.00","0.00","0.00","0.00","0.00","0.00","0.00","1","Unpaid","75.42","0.00","75.42","09/27/2013","1856.50","0.00","0.00","0.00","0.00"
"4334","1","2002.57","2087.68","2002.57","2087.68","0.00","0.00","9.66","85.11","0.00","85.11","2097.34","0.00","0.00","9.66","Compound","14967","G:14967","Global","0.00","0.00","0.00","0.00","0.00","0.00","0.00","0.00","0.00","1","Unpaid","85.11","0.00","85.11","09/27/2013","2097.34","0.00","0.00","0.00","0.00"
"4454","1","2232.67","2327.56","2232.67","2327.56","0.00","0.00","8.62","94.89","0.00","94.89","2336.18","0.00","0.00","8.62","Compound","14968","G:14968","Global","0.00","0.00","0.00","0.00","0.00","0.00","0.00","0.00","0.00","1","Unpaid","94.89","0.00","94.89","09/27/2013","2336.18","0.00","0.00","0.00","0.00"
"4533","1","2464.88","2569.64","2464.88","2569.64","0.00","0.00","6.72","104.76","0.00","104.76","2576.36","0.00","0.00","6.72","Compound","14969","G:14969","Global","0.00","0.00","0.00","0.00","0.00","0.00","0.00","0.00","0.00","1","Unpaid","104.76","0.00","104.76","09/27/2013","2576.36","0.00","0.00","0.00","0.00"
"4507","1","237.44","247.53","237.44","247.53","0.00","0.00","14.12","10.09","0.00","10.09","261.65","0.00","0.00","14.12","Compound","14970","G:14970","Global","0.00","0.00","0.00","0.00","0.00","0.00","0.00","0.00","0.00","1","Unpaid","10.09","0.00","10.09","09/27/2013","261.65","0.00","0.00","0.00","0.00"
"4431","1","450.71","469.87","441.44","460.21","0.00","0.00","0.00","18.77","0.00","18.77","460.21","0.00","0.00","15.42","Compound","14971","G:14971","Global","9.27","9.66","0.00","0.00","15.42","0.39","0.00","0.39","25.08","1","Partially Paid","19.16","0.00","19.16","09/27/2013","485.29","0.00","0.00","0.00","0.00","4432","1","","Open","9.66","0.00","0","15.42","Unknown","0","09/27/2013","Payment","PAY","25.08","(25.08)"
"4555","1","0.00","0.00","0.00","0.00","0.00","0.00","15.66","0.00","0.00","0.00","15.66","0.00","0.00","18.75","Compound","14972","G:14972","Global","0.00","0.00","0.00","0.00","3.09","0.00","0.00","0.00","3.09","1","Partially Paid","0.00","0.00","0.00","09/27/2013","18.75","0.00","0.00","0.00","0.00","4649","1","","Open","0.00","0.00","0","3.09","Unknown","0","09/28/2013","Write Off","WOFF","3.09","(3.09)"
"4335","1","883.60","921.15","883.60","921.15","0.00","0.00","10.88","37.55","0.00","37.55","932.03","0.00","0.00","19.97","Compound","14973","G:14973","Global","0.00","0.00","0.00","0.00","9.09","0.00","0.00","0.00","9.09","1","Partially Paid","37.55","0.00","37.55","09/27/2013","941.12","0.00","0.00","0.00","0.00","4753","1","","Open","0.00","0.00","0","9.09","Unknown","0","09/28/2013","Credit","CRED","9.09","(9.09)"
"4386","1","0.00","0.00","0.00","0.00","0.00","0.00","25.24","0.00","0.00","0.00","25.24","0.00","0.00","25.24","Compound","14974","G:14974","Global","0.00","0.00","0.00","0.00","0.00","0.00","0.00","0.00","0.00","1","Unpaid","0.00","0.00","0.00","09/27/2013","25.24","0.00","0.00","0.00","0.00"
"4604","1","0.00","0.00","0.00","0.00","0.00","0.00","31.75","0.00","0.00","0.00","31.75","0.00","0.00","31.75","Compound","14975","G:14975","Global","0.00","0.00","0.00","0.00","0.00","0.00","0.00","0.00","0.00","1","Unpaid","0.00","0.00","0.00","09/27/2013","31.75","0.00","0.00","0.00","0.00"
"4457","1","0.00","0.00","0.00","0.00","0.00","0.00","29.57","0.00","0.00","0.00","29.57","0.00","0.00","29.57","Compound","14976","G:14976","Global","0.00","0.00","0.00","0.00","0.00","0.00","0.00","0.00","0.00","1","Unpaid","0.00","0.00","0.00","09/27/2013","29.57","0.00","0.00","0.00","0.00"
"4539","1","0.00","0.00","0.00","0.00","0.00","0.00","0.00","0.00","0.00","0.00","0.00","0.00","0.00","17.58","Compound","14977","G:14977","Global","0.00","0.00","0.00","0.00","17.58","0.00","0.00","0.00","17.58","1","Paid in Full","0.00","0.00","0.00","09/27/2013","17.58","0.00","0.00","0.00","0.00","4540","1","","Open","0.00","0.00","0","17.58","Unknown","0","09/27/2013","Payment","PAY","17.58","(17.58)"
"4289","1","0.00","0.00","0.00","0.00","0.00","0.00","0.00","0.00","0.00","0.00","0.00","0.00","0.00","11.55","Compound","14978","G:14978","Global","0.00","0.00","0.00","0.00","11.55","0.00","0.00","0.00","11.55","1","Paid in Full","0.00","0.00","0.00","09/27/2013","11.55","0.00","0.00","0.00","0.00","4290","1","","Open","0.00","0.00","0","11.55","Unknown","0","09/27/2013","Payment","PAY","11.55","(11.55)"
"4219","1","0.00","0.00","0.00","0.00","0.00","0.00","12.22","0.00","0.00","0.00","12.22","0.00","0.00","12.22","Compound","14979","G:14979","Global","0.00","0.00","0.00","0.00","0.00","0.00","0.00","0.00","0.00","1","Unpaid","0.00","0.00","0.00","09/27/2013","12.22","0.00","0.00","0.00","0.00"
"4220","1","0.00","0.00","0.00","0.00","0.00","0.00","6.69","0.00","0.00","0.00","6.69","0.00","0.00","6.69","Compound","14980","G:14980","Global","0.00","0.00","0.00","0.00","0.00","0.00","0.00","0.00","0.00","1","Unpaid","0.00","0.00","0.00","09/27/2013","6.69","0.00","0.00","0.00","0.00"
"4221","1","0.00","0.00","0.00","0.00","0.00","0.00","76.32","0.00","0.00","0.00","76.32","0.00","0.00","76.32","Compound","14981","G:14981","Global","0.00","0.00","0.00","0.00","0.00","0.00","0.00","0.00","0.00","1","Unpaid","0.00","0.00","0.00","09/27/2013","76.32","0.00","0.00","0.00","0.00"
"4589","1","0.00","0.00","0.00","0.00","0.00","0.00","6.19","0.00","0.00","0.00","6.19","0.00","0.00","15.28","Compound","14982","G:14982","Global","0.00","0.00","0.00","0.00","9.09","0.00","0.00","0.00","9.09","1","Partially Paid","0.00","0.00","0.00","09/27/2013","15.28","0.00","0.00","0.00","0.00","4754","1","","Open","0.00","0.00","0","9.09","Unknown","0","09/28/2013","Credit","CRED","9.09","(9.09)"
"4312","1","0.00","0.00","0.00","0.00","0.00","0.00","0.00","0.00","0.00","0.00","0.00","0.00","0.00","18.56","Compound","14983","G:14983","Global","0.00","0.00","0.00","0.00","18.56","0.00","0.00","0.00","18.56","1","Paid in Full","0.00","0.00","0.00","09/27/2013","18.56","0.00","0.00","0.00","0.00","4313","1","","Open","0.00","0.00","0","18.56","Unknown","0","09/27/2013","Payment","PAY","18.56","(18.56)"
"4387","1","0.00","0.00","0.00","0.00","0.00","0.00","20.38","0.00","0.00","0.00","20.38","0.00","0.00","20.38","Compound","14984","G:14984","Global","0.00","0.00","0.00","0.00","0.00","0.00","0.00","0.00","0.00","1","Unpaid","0.00","0.00","0.00","09/27/2013","20.38","0.00","0.00","0.00","0.00"
"4508","1","0.00","0.00","0.00","0.00","0.00","0.00","24.83","0.00","0.00","0.00","24.83","0.00","0.00","24.83","Compound","14985","G:14985","Global","0.00","0.00","0.00","0.00","0.00","0.00","0.00","0.00","0.00","1","Unpaid","0.00","0.00","0.00","09/27/2013","24.83","0.00","0.00","0.00","0.00"
"4337","1","0.00","0.00","0.00","0.00","0.00","0.00","30.61","0.00","0.00","0.00","30.61","0.00","0.00","30.61","Compound","14986","G:14986","Global","0.00","0.00","0.00","0.00","0.00","0.00","0.00","0.00","0.00","1","Unpaid","0.00","0.00","0.00","09/27/2013","30.61","0.00","0.00","0.00","0.00"
"4433","1","0.00","0.00","0.00","0.00","0.00","0.00","29.45","0.00","0.00","0.00","29.45","0.00","0.00","29.45","Compound","14987","G:14987","Global","0.00","0.00","0.00","0.00","0.00","0.00","0.00","0.00","0.00","1","Unpaid","0.00","0.00","0.00","09/27/2013","29.45","0.00","0.00","0.00","0.00"
"4338","1","0.00","0.00","0.00","0.00","0.00","0.00","17.59","0.00","0.00","0.00","17.59","0.00","0.00","17.59","Compound","14988","G:14988","Global","0.00","0.00","0.00","0.00","0.00","0.00","0.00","0.00","0.00","1","Unpaid","0.00","0.00","0.00","09/27/2013","17.59","0.00","0.00","0.00","0.00"
"4222","1","0.00","0.00","0.00","0.00","0.00","0.00","0.00","0.00","0.00","0.00","0.00","0.00","0.00","11.75","Compound","14989","G:14989","Global","0.00","0.00","0.00","0.00","11.75","0.00","0.00","0.00","11.75","1","Paid in Full","0.00","0.00","0.00","09/27/2013","11.75","0.00","0.00","0.00","0.00","4223","1","","Open","0.00","0.00","0","11.75","Unknown","0","09/27/2013","Payment","PAY","11.75","(11.75)"
"4291","1","0.00","0.00","0.00","0.00","0.00","0.00","11.01","0.00","0.00","0.00","11.01","0.00","0.00","11.01","Compound","14990","G:14990","Global","0.00","0.00","0.00","0.00","0.00","0.00","0.00","0.00","0.00","1","Unpaid","0.00","0.00","0.00","09/27/2013","11.01","0.00","0.00","0.00","0.00"
"4485","1","0.00","0.00","0.00","0.00","0.00","0.00","0.00","0.00","0.00","0.00","0.00","0.00","0.00","5.91","Compound","14991","G:14991","Global","0.00","0.00","0.00","0.00","5.91","0.00","0.00","0.00","5.91","1","Paid in Full","0.00","0.00","0.00","09/27/2013","5.91","0.00","0.00","0.00","0.00","4755","1","","Open","0.00","0.00","0","5.91","Unknown","0","09/28/2013","Credit","CRED","9.09","(9.09)"
"4620","1","0.00","0.00","0.00","0.00","0.00","0.00","28.92","0.00","0.00","0.00","28.92","0.00","0.00","28.92","Compound","14992","G:14992","Global","0.00","0.00","0.00","0.00","0.00","0.00","0.00","0.00","0.00","1","Unpaid","0.00","0.00","0.00","09/27/2013","28.92","0.00","0.00","0.00","0.00"
"4509","1","0.00","0.00","0.00","0.00","0.00","0.00","12.32","0.00","0.00","0.00","12.32","0.00","0.00","12.32","Compound","14993","G:14993","Global","0.00","0.00","0.00","0.00","0.00","0.00","0.00","0.00","0.00","1","Unpaid","0.00","0.00","0.00","09/27/2013","12.32","0.00","0.00","0.00","0.00"
"4339","1","0.00","0.00","0.00","0.00","0.00","0.00","15.42","0.00","0.00","0.00","15.42","0.00","0.00","15.42","Compound","14994","G:14994","Global","0.00","0.00","0.00","0.00","0.00","0.00","0.00","0.00","0.00","1","Unpaid","0.00","0.00","0.00","09/27/2013","15.42","0.00","0.00","0.00","0.00"
"4605","1","0.00","0.00","0.00","0.00","0.00","0.00","0.00","0.00","0.00","0.00","0.00","0.00","0.00","21.16","Compound","14995","G:14995","Global","0.00","0.00","0.00","0.00","21.16","0.00","0.00","0.00","21.16","1","Paid in Full","0.00","0.00","0.00","09/27/2013","21.16","0.00","0.00","0.00","0.00","4606","1","","Open","0.00","0.00","0","21.16","Unknown","0","09/27/2013","Payment","PAY","21.16","(21.16)"
"4621","1","0.00","0.00","0.00","0.00","0.00","0.00","24.69","0.00","0.00","0.00","24.69","0.00","0.00","24.69","Compound","14996","G:14996","Global","0.00","0.00","0.00","0.00","0.00","0.00","0.00","0.00","0.00","1","Unpaid","0.00","0.00","0.00","09/27/2013","24.69","0.00","0.00","0.00","0.00"
"4388","1","0.00","0.00","0.00","0.00","0.00","0.00","31.18","0.00","0.00","0.00","31.18","0.00","0.00","31.18","Compound","14997","G:14997","Global","0.00","0.00","0.00","0.00","0.00","0.00","0.00","0.00","0.00","1","Unpaid","0.00","0.00","0.00","09/27/2013","31.18","0.00","0.00","0.00","0.00"
"4510","1","0.00","0.00","0.00","0.00","0.00","0.00","29.88","0.00","0.00","0.00","29.88","0.00","0.00","29.88","Compound","14998","G:14998","Global","0.00","0.00","0.00","0.00","0.00","0.00","0.00","0.00","0.00","1","Unpaid","0.00","0.00","0.00","09/27/2013","29.88","0.00","0.00","0.00","0.00"
"4458","1","0.00","0.00","0.00","0.00","0.00","0.00","17.83","0.00","0.00","0.00","17.83","0.00","0.00","17.83","Compound","14999","G:14999","Global","0.00","0.00","0.00","0.00","0.00","0.00","0.00","0.00","0.00","1","Unpaid","0.00","0.00","0.00","09/27/2013","17.83","0.00","0.00","0.00","0.00"
"4417","1","0.00","0.00","0.00","0.00","0.00","0.00","7.52","0.00","0.00","0.00","7.52","0.00","0.00","16.61","Compound","15000","G:15000","Global","0.00","0.00","0.00","0.00","9.09","0.00","0.00","0.00","9.09","1","Partially Paid","0.00","0.00","0.00","09/27/2013","16.61","0.00","0.00","0.00","0.00","4756","1","","Open","0.00","0.00","0","9.09","Unknown","0","09/28/2013","Credit","CRED","9.09","(9.09)"
"4459","1","0.00","0.00","0.00","0.00","0.00","0.00","0.00","0.00","0.00","0.00","0.00","0.00","0.00","19.99","Compound","15001","G:15001","Global","0.00","0.00","0.00","0.00","19.99","0.00","0.00","0.00","19.99","1","Paid in Full","0.00","0.00","0.00","09/27/2013","19.99","0.00","0.00","0.00","0.00","4460","1","","Open","0.00","0.00","0","19.99","Unknown","0","09/27/2013","Payment","PAY","19.99","(19.99)"
"4556","1","0.00","0.00","0.00","0.00","0.00","0.00","11.63","0.00","0.00","0.00","11.63","0.00","0.00","11.63","Compound","15002","G:15002","Global","0.00","0.00","0.00","0.00","0.00","0.00","0.00","0.00","0.00","1","Unpaid","0.00","0.00","0.00","09/27/2013","11.63","0.00","0.00","0.00","0.00"
"4230","1","0.00","0.00","0.00","0.00","0.00","0.00","0.00","0.00","0.00","0.00","0.00","0.00","0.00","19.40","Compound","15003","G:15003","Global","0.00","0.00","0.00","0.00","19.40","0.00","0.00","0.00","19.40","1","Paid in Full","0.00","0.00","0.00","09/27/2013","19.40","0.00","0.00","0.00","0.00","4095","1","","Open","0.00","0.00","0","19.40","Debit Card","0","08/28/2013","Payment","PAY","184.08","(184.08)"
"4229","1","0.00","0.00","0.00","0.00","0.00","0.00","7.31","0.00","0.00","0.00","7.31","0.00","0.00","18.39","Compound","15004","G:15004","Global","0.00","0.00","0.00","0.00","11.08","0.00","0.00","0.00","11.08","1","Partially Paid","0.00","0.00","0.00","09/27/2013","18.39","0.00","0.00","0.00","0.00","4154","1","","Open","0.00","0.00","0","11.08","Unknown","0","08/28/2013","Payment","PAY","11.08","(11.08)"
"4227","1","0.00","0.00","0.00","0.00","0.00","0.00","0.00","0.00","0.00","0.00","0.00","0.00","0.00","5.54","Compound","15005","G:15005","Global","0.00","0.00","0.00","0.00","5.54","0.00","0.00","0.00","5.54","1","Paid in Full","0.00","0.00","0.00","09/27/2013","5.54","0.00","0.00","0.00","0.00","4228","1","","Open","0.00","0.00","0","5.54","Unknown","0","09/27/2013","Payment","PAY","5.54","(5.54)"
"4607","1","0.00","0.00","0.00","0.00","0.00","0.00","32.53","0.00","0.00","0.00","32.53","0.00","0.00","32.53","Compound","15006","G:15006","Global","0.00","0.00","0.00","0.00","0.00","0.00","0.00","0.00","0.00","1","Unpaid","0.00","0.00","0.00","09/27/2013","32.53","0.00","0.00","0.00","0.00"
"4224","1","0.00","0.00","0.00","0.00","0.00","0.00","0.00","0.00","0.00","0.00","0.00","0.00","0.00","16.24","Compound","15007","G:15007","Global","0.00","0.00","0.00","0.00","16.24","0.00","0.00","0.00","16.24","1","Paid in Full","0.00","0.00","0.00","09/27/2013","16.24","0.00","0.00","0.00","0.00","4225","1","","Open","0.00","0.00","0","16.24","Unknown","0","09/27/2013","Payment","PAY","16.24","(16.24)"
"4557","1","0.00","0.00","0.00","0.00","0.00","0.00","51.99","0.00","0.00","0.00","51.99","0.00","0.00","51.99","Compound","15008","G:15008","Global","0.00","0.00","0.00","0.00","0.00","0.00","0.00","0.00","0.00","1","Unpaid","0.00","0.00","0.00","09/27/2013","51.99","0.00","0.00","0.00","0.00"
"4592","1","0.00","0.00","0.00","0.00","0.00","0.00","39.67","0.00","0.00","0.00","39.67","0.00","0.00","48.76","Compound","15009","G:15009","Global","0.00","0.00","0.00","0.00","9.09","0.00","0.00","0.00","9.09","1","Partially Paid","0.00","0.00","0.00","09/27/2013","48.76","0.00","0.00","0.00","0.00","4757","1","","Open","0.00","0.00","0","9.09","Unknown","0","09/28/2013","Credit","CRED","9.09","(9.09)"
"4322","1","0.00","0.00","0.00","0.00","0.00","0.00","16.05","0.00","0.00","0.00","16.05","0.00","0.00","16.05","Compound","15010","G:15010","Global","0.00","0.00","0.00","0.00","0.00","0.00","0.00","0.00","0.00","1","Unpaid","0.00","0.00","0.00","09/27/2013","16.05","0.00","0.00","0.00","0.00"
"4340","1","0.00","0.00","0.00","0.00","0.00","0.00","9.91","0.00","0.00","0.00","9.91","0.00","0.00","9.91","Compound","15011","G:15011","Global","0.00","0.00","0.00","0.00","0.00","0.00","0.00","0.00","0.00","1","Unpaid","0.00","0.00","0.00","09/27/2013","9.91","0.00","0.00","0.00","0.00"
"4486","1","0.00","0.00","0.00","0.00","0.00","0.00","22.46","0.00","0.00","0.00","22.46","0.00","0.00","22.46","Compound","15012","G:15012","Global","0.00","0.00","0.00","0.00","0.00","0.00","0.00","0.00","0.00","1","Unpaid","0.00","0.00","0.00","09/27/2013","22.46","0.00","0.00","0.00","0.00"
"4537","1","0.00","0.00","0.00","0.00","0.00","0.00","0.00","0.00","0.00","0.00","0.00","0.00","0.00","11.14","Compound","15013","G:15013","Global","0.00","0.00","0.00","0.00","11.14","0.00","0.00","0.00","11.14","1","Paid in Full","0.00","0.00","0.00","09/27/2013","11.14","0.00","0.00","0.00","0.00","4538","1","","Open","0.00","0.00","0","11.14","Unknown","0","09/27/2013","Payment","PAY","11.14","(11.14)"
"4622","1","0.00","0.00","0.00","0.00","0.00","0.00","22.01","0.00","0.00","0.00","22.01","0.00","0.00","23.54","Compound","15014","G:15014","Global","0.00","0.00","0.00","0.00","1.53","0.00","0.00","0.00","1.53","1","Partially Paid","0.00","0.00","0.00","09/27/2013","23.54","0.00","0.00","0.00","0.00","4623","1","","Open","0.00","0.00","0","1.53","Unknown","0","09/27/2013","Payment","PAY","1.53","(1.53)"
"4624","1","0.00","0.00","0.00","0.00","0.00","0.00","32.13","0.00","0.00","0.00","32.13","0.00","0.00","32.13","Compound","15015","G:15015","Global","0.00","0.00","0.00","0.00","0.00","0.00","0.00","0.00","0.00","1","Unpaid","0.00","0.00","0.00","09/27/2013","32.13","0.00","0.00","0.00","0.00"
"4593","1","0.00","0.00","0.00","0.00","0.00","0.00","141.91","0.00","0.00","0.00","141.91","0.00","0.00","141.91","Compound","15016","G:15016","Global","0.00","0.00","0.00","0.00","0.00","0.00","0.00","0.00","0.00","1","Unpaid","0.00","0.00","0.00","09/27/2013","141.91","0.00","0.00","0.00","0.00"
"4360","1","0.00","0.00","0.00","0.00","0.00","0.00","32.89","0.00","0.00","0.00","32.89","0.00","0.00","32.89","Compound","15017","G:15017","Global","0.00","0.00","0.00","0.00","0.00","0.00","0.00","0.00","0.00","1","Unpaid","0.00","0.00","0.00","09/27/2013","32.89","0.00","0.00","0.00","0.00"
"4314","1","0.00","0.00","0.00","0.00","0.00","0.00","13.06","0.00","0.00","0.00","13.06","0.00","0.00","22.15","Compound","15018","G:15018","Global","0.00","0.00","0.00","0.00","9.09","0.00","0.00","0.00","9.09","1","Partially Paid","0.00","0.00","0.00","09/27/2013","22.15","0.00","0.00","0.00","0.00","4758","1","","Open","0.00","0.00","0","9.09","Unknown","0","09/28/2013","Credit","CRED","9.09","(9.09)"
"4511","1","0.00","0.00","0.00","0.00","0.00","0.00","22.99","0.00","0.00","0.00","22.99","0.00","0.00","48.07","Compound","15019","G:15019","Global","0.00","0.00","0.00","0.00","25.08","0.00","0.00","0.00","25.08","1","Partially Paid","0.00","0.00","0.00","09/27/2013","48.07","0.00","0.00","0.00","0.00","4512","1","","Open","0.00","0.00","0","25.08","Unknown","0","09/27/2013","Payment","PAY","25.08","(25.08)"
"4424","1","0.00","0.00","0.00","0.00","0.00","0.00","31.31","0.00","0.00","0.00","31.31","0.00","0.00","31.31","Compound","15020","G:15020","Global","0.00","0.00","0.00","0.00","0.00","0.00","0.00","0.00","0.00","1","Unpaid","0.00","0.00","0.00","09/27/2013","31.31","0.00","0.00","0.00","0.00"
"4513","1","0.00","0.00","0.00","0.00","0.00","0.00","18.60","0.00","0.00","0.00","18.60","0.00","0.00","18.60","Compound","15021","G:15021","Global","0.00","0.00","0.00","0.00","0.00","0.00","0.00","0.00","0.00","1","Unpaid","0.00","0.00","0.00","09/27/2013","18.60","0.00","0.00","0.00","0.00"
"4617","1","0.00","0.00","0.00","0.00","0.00","0.00","12.63","0.00","0.00","0.00","12.63","0.00","0.00","12.63","Compound","15022","G:15022","Global","0.00","0.00","0.00","0.00","0.00","0.00","0.00","0.00","0.00","1","Unpaid","0.00","0.00","0.00","09/27/2013","12.63","0.00","0.00","0.00","0.00"
"4364","1","0.00","0.00","0.00","0.00","0.00","0.00","12.55","0.00","0.00","0.00","12.55","0.00","0.00","12.55","Compound","15023","G:15023","Global","0.00","0.00","0.00","0.00","0.00","0.00","0.00","0.00","0.00","1","Unpaid","0.00","0.00","0.00","09/27/2013","12.55","0.00","0.00","0.00","0.00"
"4462","1","0.00","0.00","0.00","0.00","0.00","0.00","6.48","0.00","0.00","0.00","6.48","0.00","0.00","6.48","Compound","15024","G:15024","Global","0.00","0.00","0.00","0.00","0.00","0.00","0.00","0.00","0.00","1","Unpaid","0.00","0.00","0.00","09/27/2013","6.48","0.00","0.00","0.00","0.00"
"4346","1","0.00","0.00","0.00","0.00","0.00","0.00","0.00","0.00","0.00","0.00","0.00","0.00","0.00","13.88","Compound","15025","G:15025","Global","0.00","0.00","0.00","0.00","13.88","0.00","0.00","0.00","13.88","1","Paid in Full","0.00","0.00","0.00","09/27/2013","13.88","0.00","0.00","0.00","0.00","4347","1","","Open","0.00","0.00","0","13.88","Unknown","0","09/27/2013","Payment","PAY","13.88","(13.88)"
"4487","1","0.00","0.00","0.00","0.00","0.00","0.00","14.84","0.00","0.00","0.00","14.84","0.00","0.00","14.84","Compound","15026","G:15026","Global","0.00","0.00","0.00","0.00","0.00","0.00","0.00","0.00","0.00","1","Unpaid","0.00","0.00","0.00","09/27/2013","14.84","0.00","0.00","0.00","0.00"
"4231","1","0.00","0.00","0.00","0.00","0.00","0.00","9.40","0.00","0.00","0.00","9.40","0.00","0.00","18.49","Compound","15027","G:15027","Global","0.00","0.00","0.00","0.00","9.09","0.00","0.00","0.00","9.09","1","Partially Paid","0.00","0.00","0.00","09/27/2013","18.49","0.00","0.00","0.00","0.00","4759","1","","Open","0.00","0.00","0","9.09","Unknown","0","09/28/2013","Credit","CRED","9.09","(9.09)"
"4619","1","0.00","0.00","0.00","0.00","0.00","0.00","19.46","0.00","0.00","0.00","19.46","0.00","0.00","19.46","Compound","15028","G:15028","Global","0.00","0.00","0.00","0.00","0.00","0.00","0.00","0.00","0.00","1","Unpaid","0.00","0.00","0.00","09/27/2013","19.46","0.00","0.00","0.00","0.00"
"4389","1","0.00","0.00","0.00","0.00","0.00","0.00","25.01","0.00","0.00","0.00","25.01","0.00","0.00","25.01","Compound","15029","G:15029","Global","0.00","0.00","0.00","0.00","0.00","0.00","0.00","0.00","0.00","1","Unpaid","0.00","0.00","0.00","09/27/2013","25.01","0.00","0.00","0.00","0.00"
"4232","1","0.00","0.00","0.00","0.00","0.00","0.00","31.51","0.00","0.00","0.00","31.51","0.00","0.00","31.51","Compound","15030","G:15030","Global","0.00","0.00","0.00","0.00","0.00","0.00","0.00","0.00","0.00","1","Unpaid","0.00","0.00","0.00","09/27/2013","31.51","0.00","0.00","0.00","0.00"
"4233","1","0.00","0.00","0.00","0.00","0.00","0.00","4.01","0.00","0.00","0.00","4.01","0.00","0.00","29.09","Compound","15031","G:15031","Global","0.00","0.00","0.00","0.00","25.08","0.00","0.00","0.00","25.08","1","Partially Paid","0.00","0.00","0.00","09/27/2013","29.09","0.00","0.00","0.00","0.00","4234","1","","Open","0.00","0.00","0","25.08","Unknown","0","09/27/2013","Payment","PAY","25.08","(25.08)"
"4292","1","0.00","0.00","0.00","0.00","0.00","0.00","17.00","0.00","0.00","0.00","17.00","0.00","0.00","17.00","Compound","15032","G:15032","Global","0.00","0.00","0.00","0.00","0.00","0.00","0.00","0.00","0.00","1","Unpaid","0.00","0.00","0.00","09/27/2013","17.00","0.00","0.00","0.00","0.00"
"4327","1","0.00","0.00","0.00","0.00","0.00","0.00","11.12","0.00","0.00","0.00","11.12","0.00","0.00","11.12","Compound","15033","G:15033","Global","0.00","0.00","0.00","0.00","0.00","0.00","0.00","0.00","0.00","1","Unpaid","0.00","0.00","0.00","09/27/2013","11.12","0.00","0.00","0.00","0.00"
"4366","1","0.00","0.00","0.00","0.00","0.00","0.00","11.97","0.00","0.00","0.00","11.97","0.00","0.00","11.97","Compound","15034","G:15034","Global","0.00","0.00","0.00","0.00","0.00","0.00","0.00","0.00","0.00","1","Unpaid","0.00","0.00","0.00","09/27/2013","11.97","0.00","0.00","0.00","0.00"
"4463","1","0.00","0.00","0.00","0.00","0.00","0.00","6.44","0.00","0.00","0.00","6.44","0.00","0.00","6.44","Compound","15035","G:15035","Global","0.00","0.00","0.00","0.00","0.00","0.00","0.00","0.00","0.00","1","Unpaid","0.00","0.00","0.00","09/27/2013","6.44","0.00","0.00","0.00","0.00"
"4235","1","0.00","0.00","0.00","0.00","0.00","0.00","2.16","0.00","0.00","0.00","2.16","0.00","0.00","11.25","Compound","15036","G:15036","Global","0.00","0.00","0.00","0.00","9.09","0.00","0.00","0.00","9.09","1","Partially Paid","0.00","0.00","0.00","09/27/2013","11.25","0.00","0.00","0.00","0.00","4760","1","","Open","0.00","0.00","0","9.09","Unknown","0","09/28/2013","Credit","CRED","9.09","(9.09)"
"4558","1","0.00","0.00","0.00","0.00","0.00","0.00","0.00","0.00","0.00","0.00","0.00","0.00","0.00","13.04","Compound","15037","G:15037","Global","0.00","0.00","0.00","0.00","13.04","0.00","0.00","0.00","13.04","1","Paid in Full","0.00","0.00","0.00","09/27/2013","13.04","0.00","0.00","0.00","0.00","4559","1","","Open","0.00","0.00","0","13.04","Unknown","0","09/27/2013","Payment","PAY","13.04","(13.04)"
"4488","1","0.00","0.00","0.00","0.00","0.00","0.00","18.25","0.00","0.00","0.00","18.25","0.00","0.00","18.25","Compound","15038","G:15038","Global","0.00","0.00","0.00","0.00","0.00","0.00","0.00","0.00","0.00","1","Unpaid","0.00","0.00","0.00","09/27/2013","18.25","0.00","0.00","0.00","0.00"
"4236","1","0.00","0.00","0.00","0.00","0.00","0.00","18.38","0.00","0.00","0.00","18.38","0.00","0.00","18.38","Compound","15039","G:15039","Global","0.00","0.00","0.00","0.00","0.00","0.00","0.00","0.00","0.00","1","Unpaid","0.00","0.00","0.00","09/27/2013","18.38","0.00","0.00","0.00","0.00"
"4297","1","0.00","0.00","0.00","0.00","0.00","0.00","21.08","0.00","0.00","0.00","21.08","0.00","0.00","21.08","Compound","15040","G:15040","Global","0.00","0.00","0.00","0.00","0.00","0.00","0.00","0.00","0.00","1","Unpaid","0.00","0.00","0.00","09/27/2013","21.08","0.00","0.00","0.00","0.00"
"4560","1","0.00","0.00","0.00","0.00","0.00","0.00","20.85","0.00","0.00","0.00","20.85","0.00","0.00","20.85","Compound","15041","G:15041","Global","0.00","0.00","0.00","0.00","0.00","0.00","0.00","0.00","0.00","1","Unpaid","0.00","0.00","0.00","09/27/2013","20.85","0.00","0.00","0.00","0.00"
"4561","1","0.00","0.00","0.00","0.00","0.00","0.00","17.58","0.00","0.00","0.00","17.58","0.00","0.00","17.58","Compound","15042","G:15042","Global","0.00","0.00","0.00","0.00","0.00","0.00","0.00","0.00","0.00","1","Unpaid","0.00","0.00","0.00","09/27/2013","17.58","0.00","0.00","0.00","0.00"
"4237","1","0.00","0.00","0.00","0.00","0.00","0.00","0.00","0.00","0.00","0.00","0.00","0.00","0.00","15.76","Compound","15043","G:15043","Global","0.00","0.00","0.00","0.00","15.76","0.00","0.00","0.00","15.76","1","Paid in Full","0.00","0.00","0.00","09/27/2013","15.76","0.00","0.00","0.00","0.00","4238","1","","Open","0.00","0.00","0","15.76","Unknown","0","09/27/2013","Payment","PAY","15.76","(15.76)"
"4367","1","0.00","0.00","0.00","0.00","0.00","0.00","0.00","0.00","0.00","0.00","0.00","0.00","0.00","9.04","Compound","15044","G:15044","Global","0.00","0.00","0.00","0.00","9.04","0.00","0.00","0.00","9.04","1","Paid in Full","0.00","0.00","0.00","09/27/2013","9.04","0.00","0.00","0.00","0.00","4368","1","","Open","0.00","0.00","0","9.04","Unknown","0","09/27/2013","Payment","PAY","9.04","(9.04)"
"4608","1","0.00","0.00","0.00","0.00","0.00","0.00","2.74","0.00","0.00","0.00","2.74","0.00","0.00","11.83","Compound","15045","G:15045","Global","0.00","0.00","0.00","0.00","9.09","0.00","0.00","0.00","9.09","1","Partially Paid","0.00","0.00","0.00","09/27/2013","11.83","0.00","0.00","0.00","0.00","4761","1","","Open","0.00","0.00","0","9.09","Unknown","0","09/28/2013","Credit","CRED","9.09","(9.09)"
"4239","1","0.00","0.00","0.00","0.00","0.00","0.00","0.00","0.00","0.00","0.00","0.00","0.00","0.00","6.79","Compound","15046","G:15046","Global","0.00","0.00","0.00","0.00","6.79","0.00","0.00","0.00","6.79","1","Paid in Full","0.00","0.00","0.00","09/27/2013","6.79","0.00","0.00","0.00","0.00","4105","1","","Open","0.00","0.00","0","6.79","Debit Card","0","08/28/2013","Payment","PAY","227.08","(227.08)"
"4461","1","0.00","0.00","0.00","0.00","0.00","0.00","13.54","0.00","0.00","0.00","13.54","0.00","0.00","13.54","Compound","15047","G:15047","Global","0.00","0.00","0.00","0.00","0.00","0.00","0.00","0.00","0.00","1","Unpaid","0.00","0.00","0.00","09/27/2013","13.54","0.00","0.00","0.00","0.00"
"4336","1","0.00","0.00","0.00","0.00","0.00","0.00","15.14","0.00","0.00","0.00","15.14","0.00","0.00","15.14","Compound","15048","G:15048","Global","0.00","0.00","0.00","0.00","0.00","0.00","0.00","0.00","0.00","1","Unpaid","0.00","0.00","0.00","09/27/2013","15.14","0.00","0.00","0.00","0.00"
"4341","1","0.00","0.00","0.00","0.00","0.00","0.00","0.00","0.00","0.00","0.00","0.00","0.00","0.00","18.56","Compound","15049","G:15049","Global","0.00","0.00","0.00","0.00","18.56","0.00","0.00","0.00","18.56","1","Paid in Full","0.00","0.00","0.00","09/27/2013","18.56","0.00","0.00","0.00","0.00","4342","1","","Open","0.00","0.00","0","18.56","Unknown","0","09/27/2013","Payment","PAY","18.56","(18.56)"
"4514","1","0.00","0.00","0.00","0.00","0.00","0.00","19.93","0.00","0.00","0.00","19.93","0.00","0.00","19.93","Compound","15050","G:15050","Global","0.00","0.00","0.00","0.00","0.00","0.00","0.00","0.00","0.00","1","Unpaid","0.00","0.00","0.00","09/27/2013","19.93","0.00","0.00","0.00","0.00"
"4294","1","0.00","0.00","0.00","0.00","0.00","0.00","156.43","0.00","0.00","0.00","156.43","0.00","0.00","156.43","Compound","15051","G:15051","Global","0.00","0.00","0.00","0.00","0.00","0.00","0.00","0.00","0.00","1","Unpaid","0.00","0.00","0.00","09/27/2013","156.43","0.00","0.00","0.00","0.00"
"4562","1","0.00","0.00","0.00","0.00","0.00","0.00","30.36","0.00","0.00","0.00","30.36","0.00","0.00","30.36","Compound","15052","G:15052","Global","0.00","0.00","0.00","0.00","0.00","0.00","0.00","0.00","0.00","1","Unpaid","0.00","0.00","0.00","09/27/2013","30.36","0.00","0.00","0.00","0.00"
"4390","1","0.00","0.00","0.00","0.00","0.00","0.00","29.07","0.00","0.00","0.00","29.07","0.00","0.00","29.07","Compound","15053","G:15053","Global","0.00","0.00","0.00","0.00","0.00","0.00","0.00","0.00","0.00","1","Unpaid","0.00","0.00","0.00","09/27/2013","29.07","0.00","0.00","0.00","0.00"
"4391","1","0.00","0.00","0.00","0.00","0.00","0.00","9.04","0.00","0.00","0.00","9.04","0.00","0.00","18.13","Compound","15054","G:15054","Global","0.00","0.00","0.00","0.00","9.09","0.00","0.00","0.00","9.09","1","Partially Paid","0.00","0.00","0.00","09/27/2013","18.13","0.00","0.00","0.00","0.00","4762","1","","Open","0.00","0.00","0","9.09","Unknown","0","09/28/2013","Credit","CRED","9.09","(9.09)"
"4434","1","0.00","0.00","0.00","0.00","0.00","0.00","0.00","0.00","0.00","0.00","0.00","0.00","0.00","11.94","Compound","15055","G:15055","Global","0.00","0.00","0.00","0.00","11.94","0.00","0.00","0.00","11.94","1","Paid in Full","0.00","0.00","0.00","09/27/2013","11.94","0.00","0.00","0.00","0.00","4435","1","","Open","0.00","0.00","0","11.94","Unknown","0","09/27/2013","Payment","PAY","11.94","(11.94)"
"4240","1","0.00","0.00","0.00","0.00","0.00","0.00","10.97","0.00","0.00","0.00","10.97","0.00","0.00","10.97","Compound","15056","G:15056","Global","0.00","0.00","0.00","0.00","0.00","0.00","0.00","0.00","0.00","1","Unpaid","0.00","0.00","0.00","09/27/2013","10.97","0.00","0.00","0.00","0.00"
"4436","1","0.00","0.00","0.00","0.00","0.00","0.00","5.95","0.00","0.00","0.00","5.95","0.00","0.00","5.95","Compound","15057","G:15057","Global","0.00","0.00","0.00","0.00","0.00","0.00","0.00","0.00","0.00","1","Unpaid","0.00","0.00","0.00","09/27/2013","5.95","0.00","0.00","0.00","0.00"
"4437","1","0.00","0.00","0.00","0.00","0.00","0.00","13.21","0.00","0.00","0.00","13.21","0.00","0.00","13.21","Compound","15058","G:15058","Global","0.00","0.00","0.00","0.00","0.00","0.00","0.00","0.00","0.00","1","Unpaid","0.00","0.00","0.00","09/27/2013","13.21","0.00","0.00","0.00","0.00"
"4369","1","0.00","0.00","0.00","0.00","0.00","0.00","15.15","0.00","0.00","0.00","15.15","0.00","0.00","15.15","Compound","15059","G:15059","Global","0.00","0.00","0.00","0.00","0.00","0.00","0.00","0.00","0.00","1","Unpaid","0.00","0.00","0.00","09/27/2013","15.15","0.00","0.00","0.00","0.00"
"4438","1","0.00","0.00","0.00","0.00","0.00","0.00","27.65","0.00","0.00","0.00","27.65","0.00","0.00","27.65","Compound","15060","G:15060","Global","0.00","0.00","0.00","0.00","0.00","0.00","0.00","0.00","0.00","1","Unpaid","0.00","0.00","0.00","09/27/2013","27.65","0.00","0.00","0.00","0.00"
"4515","1","0.00","0.00","0.00","0.00","0.00","0.00","2.28","0.00","0.00","0.00","2.28","0.00","0.00","27.36","Compound","15061","G:15061","Global","0.00","0.00","0.00","0.00","25.08","0.00","0.00","0.00","25.08","1","Partially Paid","0.00","0.00","0.00","09/27/2013","27.36","0.00","0.00","0.00","0.00","4516","1","","Open","0.00","0.00","0","25.08","Unknown","0","09/27/2013","Payment","PAY","25.08","(25.08)"
"4241","1","0.00","0.00","0.00","0.00","0.00","0.00","8.07","0.00","0.00","0.00","8.07","0.00","0.00","16.57","Compound","15062","G:15062","Global","0.00","0.00","0.00","0.00","8.50","0.00","0.00","0.00","8.50","1","Partially Paid","0.00","0.00","0.00","09/27/2013","16.57","0.00","0.00","0.00","0.00","4242","1","","Open","0.00","0.00","0","8.50","Unknown","0","09/27/2013","Payment","PAY","8.50","(8.50)"
"4489","1","0.00","0.00","0.00","0.00","0.00","0.00","35.12","0.00","0.00","0.00","35.12","0.00","0.00","44.21","Compound","15063","G:15063","Global","0.00","0.00","0.00","0.00","9.09","0.00","0.00","0.00","9.09","1","Partially Paid","0.00","0.00","0.00","09/27/2013","44.21","0.00","0.00","0.00","0.00","4763","1","","Open","0.00","0.00","0","9.09","Unknown","0","09/28/2013","Credit","CRED","9.09","(9.09)"
"4570","1","0.00","0.00","0.00","0.00","0.00","0.00","36.17","0.00","0.00","0.00","36.17","0.00","0.00","36.17","Compound","15064","G:15064","Global","0.00","0.00","0.00","0.00","0.00","0.00","0.00","0.00","0.00","1","Unpaid","0.00","0.00","0.00","09/27/2013","36.17","0.00","0.00","0.00","0.00"
"4564","1","0.00","0.00","0.00","0.00","0.00","0.00","29.50","0.00","0.00","0.00","29.50","0.00","0.00","29.50","Compound","15065","G:15065","Global","0.00","0.00","0.00","0.00","0.00","0.00","0.00","0.00","0.00","1","Unpaid","0.00","0.00","0.00","09/27/2013","29.50","0.00","0.00","0.00","0.00"
"4392","1","0.00","0.00","0.00","0.00","0.00","0.00","12.42","0.00","0.00","0.00","12.42","0.00","0.00","12.42","Compound","15066","G:15066","Global","0.00","0.00","0.00","0.00","0.00","0.00","0.00","0.00","0.00","1","Unpaid","0.00","0.00","0.00","09/27/2013","12.42","0.00","0.00","0.00","0.00"
"4298","1","0.00","0.00","0.00","0.00","0.00","0.00","0.00","0.00","0.00","0.00","0.00","0.00","0.00","5.76","Compound","15067","G:15067","Global","0.00","0.00","0.00","0.00","5.76","0.00","0.00","0.00","5.76","1","Paid in Full","0.00","0.00","0.00","09/27/2013","5.76","0.00","0.00","0.00","0.00","4299","1","","Open","0.00","0.00","0","5.76","Unknown","0","09/27/2013","Payment","PAY","5.76","(5.76)"
"4464","1","0.00","0.00","0.00","0.00","0.00","0.00","4.57","0.00","0.00","0.00","4.57","0.00","0.00","4.57","Compound","15068","G:15068","Global","0.00","0.00","0.00","0.00","0.00","0.00","0.00","0.00","0.00","1","Unpaid","0.00","0.00","0.00","09/27/2013","4.57","0.00","0.00","0.00","0.00"
"4301","1","0.00","0.00","0.00","0.00","0.00","0.00","9.18","0.00","0.00","0.00","9.18","0.00","0.00","9.18","Compound","15069","G:15069","Global","0.00","0.00","0.00","0.00","0.00","0.00","0.00","0.00","0.00","1","Unpaid","0.00","0.00","0.00","09/27/2013","9.18","0.00","0.00","0.00","0.00"
"4393","1","0.00","0.00","0.00","0.00","0.00","0.00","19.11","0.00","0.00","0.00","19.11","0.00","0.00","19.11","Compound","15070","G:15070","Global","0.00","0.00","0.00","0.00","0.00","0.00","0.00","0.00","0.00","1","Unpaid","0.00","0.00","0.00","09/27/2013","19.11","0.00","0.00","0.00","0.00"
"4302","1","0.00","0.00","0.00","0.00","0.00","0.00","12.45","0.00","0.00","0.00","12.45","0.00","0.00","12.45","Compound","15071","G:15071","Global","0.00","0.00","0.00","0.00","0.00","0.00","0.00","0.00","0.00","1","Unpaid","0.00","0.00","0.00","09/27/2013","12.45","0.00","0.00","0.00","0.00"
"4370","1","0.00","0.00","0.00","0.00","0.00","0.00","10.56","0.00","0.00","0.00","10.56","0.00","0.00","19.65","Compound","15072","G:15072","Global","0.00","0.00","0.00","0.00","9.09","0.00","0.00","0.00","9.09","1","Partially Paid","0.00","0.00","0.00","09/27/2013","19.65","0.00","0.00","0.00","0.00","4764","1","","Open","0.00","0.00","0","9.09","Unknown","0","09/28/2013","Credit","CRED","9.09","(9.09)"
"4243","1","0.00","0.00","0.00","0.00","0.00","0.00","0.00","0.00","0.00","0.00","0.00","0.00","0.00","16.60","Compound","15073","G:15073","Global","0.00","0.00","0.00","0.00","16.60","0.00","0.00","0.00","16.60","1","Paid in Full","0.00","0.00","0.00","09/27/2013","16.60","0.00","0.00","0.00","0.00","4244","1","","Open","0.00","0.00","0","16.60","Unknown","0","09/27/2013","Payment","PAY","16.60","(16.60)"
"4577","1","0.00","0.00","0.00","0.00","0.00","0.00","54.41","0.00","0.00","0.00","54.41","0.00","0.00","54.41","Compound","15074","G:15074","Global","0.00","0.00","0.00","0.00","0.00","0.00","0.00","0.00","0.00","1","Unpaid","0.00","0.00","0.00","09/27/2013","54.41","0.00","0.00","0.00","0.00"
"4333","1","0.00","0.00","0.00","0.00","0.00","0.00","27.58","0.00","0.00","0.00","27.58","0.00","0.00","27.58","Compound","15075","G:15075","Global","0.00","0.00","0.00","0.00","0.00","0.00","0.00","0.00","0.00","1","Unpaid","0.00","0.00","0.00","09/27/2013","27.58","0.00","0.00","0.00","0.00"
"4448","1","0.00","0.00","0.00","0.00","0.00","0.00","21.66","0.00","0.00","0.00","21.66","0.00","0.00","21.66","Compound","15076","G:15076","Global","0.00","0.00","0.00","0.00","0.00","0.00","0.00","0.00","0.00","1","Unpaid","0.00","0.00","0.00","09/27/2013","21.66","0.00","0.00","0.00","0.00"
"4371","1","0.00","0.00","0.00","0.00","0.00","0.00","11.65","0.00","0.00","0.00","11.65","0.00","0.00","11.65","Compound","15077","G:15077","Global","0.00","0.00","0.00","0.00","0.00","0.00","0.00","0.00","0.00","1","Unpaid","0.00","0.00","0.00","09/27/2013","11.65","0.00","0.00","0.00","0.00"
"4283","1","0.00","0.00","0.00","0.00","528.53","549.67","2.12","0.00","21.14","21.14","551.79","528.53","549.67","2.12","Compound","15078","G:15078","Global","0.00","0.00","0.00","0.00","0.00","0.00","0.00","0.00","0.00","1","Unpaid","0.00","21.14","21.14","09/27/2013","551.79","0.00","0.00","0.00","0.00"
"4466","1","0.00","0.00","0.00","0.00","224.29","233.26","0.00","0.00","8.97","8.97","233.26","240.24","249.85","8.49","Compound","15079","G:15079","Global","0.00","0.00","15.95","16.59","8.49","0.00","0.64","0.64","25.08","1","Partially Paid","0.00","9.61","9.61","09/27/2013","258.34","0.00","0.00","0.00","0.00","4467","1","","Open","0.00","16.59","0","8.49","Unknown","0","09/27/2013","Payment","PAY","25.08","(25.08)"
"4245","1","0.00","0.00","0.00","0.00","224.42","233.40","0.09","0.00","8.98","8.98","233.49","224.42","233.40","12.58","Compound","15080","G:15080","Global","0.00","0.00","0.00","0.00","12.49","0.00","0.00","0.00","12.49","1","Partially Paid","0.00","8.98","8.98","09/27/2013","245.98","0.00","0.00","0.00","0.00","4246","1","","Open","0.00","0.00","0","12.49","Unknown","0","09/27/2013","Payment","PAY","12.49","(12.49)"
"4372","1","0.00","0.00","0.00","0.00","329.66","342.85","3.90","0.00","13.19","13.19","346.75","329.66","342.85","12.99","Compound","15081","G:15081","Global","0.00","0.00","0.00","0.00","9.09","0.00","0.00","0.00","9.09","1","Partially Paid","0.00","13.19","13.19","09/27/2013","355.84","0.00","0.00","0.00","0.00","4765","1","","Open","0.00","0.00","0","9.09","Unknown","0","09/28/2013","Credit","CRED","9.09","(9.09)"
"4477","1","0.00","0.00","0.00","0.00","657.39","683.69","15.06","0.00","26.30","26.30","698.75","657.39","683.69","15.06","Compound","15082","G:15082","Global","0.00","0.00","0.00","0.00","0.00","0.00","0.00","0.00","0.00","1","Unpaid","0.00","26.30","26.30","09/27/2013","698.75","0.00","0.00","0.00","0.00"
"4490","1","0.00","0.00","0.00","0.00","436.97","454.45","17.01","0.00","17.48","17.48","471.46","436.97","454.45","17.01","Compound","15083","G:15083","Global","0.00","0.00","0.00","0.00","0.00","0.00","0.00","0.00","0.00","1","Unpaid","0.00","17.48","17.48","09/27/2013","471.46","0.00","0.00","0.00","0.00"
"4536","1","0.00","0.00","0.00","0.00","0.00","0.00","24.74","0.00","0.00","0.00","24.74","0.00","0.00","24.74","Compound","15084","G:15084","Global","0.00","0.00","0.00","0.00","0.00","0.00","0.00","0.00","0.00","1","Unpaid","0.00","0.00","0.00","09/27/2013","24.74","0.00","0.00","0.00","0.00"
"4491","1","0.00","0.00","0.00","0.00","770.83","801.66","2.72","0.00","30.83","30.83","804.38","770.83","801.66","27.80","Compound","15085","G:15085","Global","0.00","0.00","0.00","0.00","25.08","0.00","0.00","0.00","25.08","1","Partially Paid","0.00","30.83","30.83","09/27/2013","829.46","0.00","0.00","0.00","0.00","4492","1","","Open","0.00","0.00","0","25.08","Unknown","0","09/27/2013","Payment","PAY","25.08","(25.08)"
"4517","1","0.00","0.00","0.00","0.00","886.17","921.62","192.55","0.00","35.45","35.45","1114.17","886.17","921.62","192.55","Compound","15086","G:15086","Global","0.00","0.00","0.00","0.00","0.00","0.00","0.00","0.00","0.00","1","Unpaid","0.00","35.45","35.45","09/27/2013","1114.17","0.00","0.00","0.00","0.00"
"4493","1","0.00","0.00","0.00","0.00","1003.54","1043.68","12.87","0.00","40.14","40.14","1056.55","1003.54","1043.68","12.87","Compound","15087","G:15087","Global","0.00","0.00","0.00","0.00","0.00","0.00","0.00","0.00","0.00","1","Unpaid","0.00","40.14","40.14","09/27/2013","1056.55","0.00","0.00","0.00","0.00"
"4626","1","0.00","0.00","0.00","0.00","0.00","0.00","11.37","0.00","0.00","0.00","11.37","0.00","0.00","11.37","Compound","15088","G:15088","Global","0.00","0.00","0.00","0.00","0.00","0.00","0.00","0.00","0.00","1","Unpaid","0.00","0.00","0.00","09/27/2013","11.37","0.00","0.00","0.00","0.00"
"4439","1","0.00","0.00","0.00","0.00","0.00","0.00","6.96","0.00","0.00","0.00","6.96","0.00","0.00","6.96","Compound","15089","G:15089","Global","0.00","0.00","0.00","0.00","0.00","0.00","0.00","0.00","0.00","1","Unpaid","0.00","0.00","0.00","09/27/2013","6.96","0.00","0.00","0.00","0.00"
"4518","1","0.00","0.00","0.00","0.00","117.79","122.50","0.00","0.00","4.71","4.71","122.50","121.33","126.18","5.41","Compound","15090","G:15090","Global","0.00","0.00","3.54","3.68","5.41","0.00","0.14","0.14","9.09","1","Partially Paid","0.00","4.85","4.85","09/27/2013","131.59","0.00","0.00","0.00","0.00","4766","1","","Open","0.00","3.68","0","5.41","Unknown","0","09/28/2013","Credit","CRED","9.09","(9.09)"
"4609","1","0.00","0.00","0.00","0.00","208.44","216.78","0.00","0.00","8.34","8.34","216.78","224.66","233.65","8.21","Compound","15091","G:15091","Global","0.00","0.00","16.22","16.87","8.21","0.00","0.65","0.65","25.08","1","Partially Paid","0.00","8.99","8.99","09/27/2013","241.86","0.00","0.00","0.00","0.00","4610","1","","Open","0.00","16.87","0","8.21","Unknown","0","09/27/2013","Payment","PAY","25.08","(25.08)"
"4627","1","0.00","0.00","0.00","0.00","330.02","343.22","2.05","0.00","13.20","13.20","345.27","330.02","343.22","13.56","Compound","15092","G:15092","Global","0.00","0.00","0.00","0.00","11.51","0.00","0.00","0.00","11.51","1","Partially Paid","0.00","13.20","13.20","09/27/2013","356.78","0.00","0.00","0.00","0.00","4628","1","","Open","0.00","0.00","0","11.51","Unknown","0","09/27/2013","Payment","PAY","11.51","(11.51)"
"4440","1","0.00","0.00","0.00","0.00","658.07","684.39","11.73","0.00","26.32","26.32","696.12","658.07","684.39","11.73","Compound","15093","G:15093","Global","0.00","0.00","0.00","0.00","0.00","0.00","0.00","0.00","0.00","1","Unpaid","0.00","26.32","26.32","09/27/2013","696.12","0.00","0.00","0.00","0.00"
"4519","1","0.00","0.00","0.00","0.00","437.43","454.93","18.12","0.00","17.50","17.50","473.05","437.43","454.93","18.12","Compound","15094","G:15094","Global","0.00","0.00","0.00","0.00","0.00","0.00","0.00","0.00","0.00","1","Unpaid","0.00","17.50","17.50","09/27/2013","473.05","0.00","0.00","0.00","0.00"
"4544","1","0.00","0.00","0.00","0.00","0.00","0.00","24.70","0.00","0.00","0.00","24.70","0.00","0.00","24.70","Compound","15095","G:15095","Global","0.00","0.00","0.00","0.00","0.00","0.00","0.00","0.00","0.00","1","Unpaid","0.00","0.00","0.00","09/27/2013","24.70","0.00","0.00","0.00","0.00"
"4520","1","0.00","0.00","0.00","0.00","771.62","802.48","26.59","0.00","30.86","30.86","829.07","771.62","802.48","26.59","Compound","15096","G:15096","Global","0.00","0.00","0.00","0.00","0.00","0.00","0.00","0.00","0.00","1","Unpaid","0.00","30.86","30.86","09/27/2013","829.07","0.00","0.00","0.00","0.00"
"4546","1","0.00","0.00","0.00","0.00","886.59","922.05","0.00","0.00","35.46","35.46","922.05","887.08","922.56","24.57","Compound","15097","G:15097","Global","0.00","0.00","0.49","0.51","24.57","0.00","0.02","0.02","25.08","1","Partially Paid","0.00","35.48","35.48","09/27/2013","947.13","0.00","0.00","0.00","0.00","4547","1","","Open","0.00","0.51","0","24.57","Unknown","0","09/27/2013","Payment","PAY","25.08","(25.08)"
"4441","1","0.00","0.00","0.00","0.00","1003.54","1043.68","0.00","0.00","40.14","40.14","1043.68","1004.55","1044.73","12.01","Compound","15098","G:15098","Global","0.00","0.00","1.01","1.05","12.01","0.00","0.04","0.04","13.06","1","Partially Paid","0.00","40.18","40.18","09/27/2013","1056.74","0.00","0.00","0.00","0.00","4442","1","","Open","0.00","1.05","0","12.01","Unknown","0","09/27/2013","Payment","PAY","13.06","(13.06)"
"4468","1","0.00","0.00","0.00","0.00","0.00","0.00","2.69","0.00","0.00","0.00","2.69","0.00","0.00","11.78","Compound","15099","G:15099","Global","0.00","0.00","0.00","0.00","9.09","0.00","0.00","0.00","9.09","1","Partially Paid","0.00","0.00","0.00","09/27/2013","11.78","0.00","0.00","0.00","0.00","4767","1","","Open","0.00","0.00","0","9.09","Unknown","0","09/28/2013","Credit","CRED","9.09","(9.09)"
"4465","1","0.00","0.00","0.00","0.00","1142.51","1188.21","4.10","0.00","45.70","45.70","1192.31","1142.51","1188.21","6.09","Compound","15100","G:15100","Global","0.00","0.00","0.00","0.00","1.99","0.00","0.00","0.00","1.99","1","Partially Paid","0.00","45.70","45.70","09/27/2013","1194.30","0.00","0.00","0.00","0.00","4187","1","","Open","0.00","0.00","0","1.99","Unknown","0","08/28/2013","Credit","CRED","8.08","(8.08)"
"4563","1","0.00","0.00","0.00","0.00","126.02","131.06","4.37","0.00","5.04","5.04","135.43","126.02","131.06","4.37","Compound","15101","G:15101","Global","0.00","0.00","0.00","0.00","0.00","0.00","0.00","0.00","0.00","1","Unpaid","0.00","5.04","5.04","09/27/2013","135.43","0.00","0.00","0.00","0.00"
"4303","1","0.00","0.00","0.00","0.00","226.67","235.74","11.20","0.00","9.07","9.07","246.94","226.67","235.74","11.20","Compound","15102","G:15102","Global","0.00","0.00","0.00","0.00","0.00","0.00","0.00","0.00","0.00","1","Unpaid","0.00","9.07","9.07","09/27/2013","246.94","0.00","0.00","0.00","0.00"
"4494","1","0.00","0.00","0.00","0.00","320.67","333.50","0.00","0.00","12.83","12.83","333.50","332.93","346.25","12.33","Compound","15103","G:15103","Global","0.00","0.00","12.26","12.75","12.33","0.00","0.49","0.49","25.08","1","Partially Paid","0.00","13.32","13.32","09/27/2013","358.58","0.00","0.00","0.00","0.00","4495","1","","Open","0.00","12.75","0","12.33","Unknown","0","09/27/2013","Payment","PAY","25.08","(25.08)"
"4443","1","0.00","0.00","0.00","0.00","626.51","651.57","5.91","0.00","25.06","25.06","657.48","626.51","651.57","15.49","Compound","15104","G:15104","Global","0.00","0.00","0.00","0.00","9.58","0.00","0.00","0.00","9.58","1","Partially Paid","0.00","25.06","25.06","09/27/2013","667.06","0.00","0.00","0.00","0.00","4444","1","","Open","0.00","0.00","0","9.58","Unknown","0","09/27/2013","Payment","PAY","9.58","(9.58)"
"4394","1","0.00","0.00","0.00","0.00","428.65","445.80","17.91","0.00","17.15","17.15","463.71","428.65","445.80","17.91","Compound","15105","G:15105","Global","0.00","0.00","0.00","0.00","0.00","0.00","0.00","0.00","0.00","1","Unpaid","0.00","17.15","17.15","09/27/2013","463.71","0.00","0.00","0.00","0.00"
"4521","1","0.00","0.00","0.00","0.00","0.00","0.00","22.97","0.00","0.00","0.00","22.97","0.00","0.00","22.97","Compound","15106","G:15106","Global","0.00","0.00","0.00","0.00","0.00","0.00","0.00","0.00","0.00","1","Unpaid","0.00","0.00","0.00","09/27/2013","22.97","0.00","0.00","0.00","0.00"
"4395","1","0.00","0.00","0.00","0.00","742.18","771.87","26.04","0.00","29.69","29.69","797.91","742.18","771.87","26.04","Compound","15107","G:15107","Global","0.00","0.00","0.00","0.00","0.00","0.00","0.00","0.00","0.00","1","Unpaid","0.00","29.69","29.69","09/27/2013","797.91","0.00","0.00","0.00","0.00"
"4550","1","0.00","0.00","0.00","0.00","853.54","887.68","15.16","0.00","34.14","34.14","902.84","853.54","887.68","24.25","Compound","15108","G:15108","Global","0.00","0.00","0.00","0.00","9.09","0.00","0.00","0.00","9.09","1","Partially Paid","0.00","34.14","34.14","09/27/2013","911.93","0.00","0.00","0.00","0.00","4768","1","","Open","0.00","0.00","0","9.09","Unknown","0","09/28/2013","Credit","CRED","9.09","(9.09)"
"4343","1","0.00","0.00","0.00","0.00","871.47","906.32","0.00","0.00","34.85","34.85","906.32","930.12","967.32","13.17","Compound","15109","G:15109","Global","0.00","0.00","58.65","61.00","13.17","0.00","2.35","2.35","74.17","1","Partially Paid","0.00","37.20","37.20","09/27/2013","980.49","0.00","0.00","0.00","0.00","4344","1","","Open","0.00","11.91","0","13.17","Unknown","0","09/27/2013","Payment","PAY","25.08","(25.08)","4652","1","","Open","0.00","49.09","0","0.00","Unknown","0","09/28/2013","Discount","DISC","49.09","(49.09)"
"4247","1","0.00","0.00","0.00","0.00","0.00","0.00","0.00","0.00","0.00","0.00","0.00","0.00","0.00","11.06","Compound","15110","G:15110","Global","0.00","0.00","0.00","0.00","11.06","0.00","0.00","0.00","11.06","1","Paid in Full","0.00","0.00","0.00","09/27/2013","11.06","0.00","0.00","0.00","0.00","4248","1","","Open","0.00","0.00","0","11.06","Unknown","0","09/27/2013","Payment","PAY","11.06","(11.06)"
"4345","1","0.00","0.00","0.00","0.00","1177.34","1224.43","4.81","0.00","47.09","47.09","1229.24","1177.34","1224.43","4.81","Compound","15111","G:15111","Global","0.00","0.00","0.00","0.00","0.00","0.00","0.00","0.00","0.00","1","Unpaid","0.00","47.09","47.09","09/27/2013","1229.24","0.00","0.00","0.00","0.00"
"4305","1","0.00","0.00","0.00","0.00","123.76","128.71","4.33","0.00","4.95","4.95","133.04","123.76","128.71","4.33","Compound","15112","G:15112","Global","0.00","0.00","0.00","0.00","0.00","0.00","0.00","0.00","0.00","1","Unpaid","0.00","4.95","4.95","09/27/2013","133.04","0.00","0.00","0.00","0.00"
"4267","1","0.00","0.00","0.00","0.00","229.11","238.27","11.11","0.00","9.16","9.16","249.38","229.11","238.27","11.11","Compound","15113","G:15113","Global","0.00","0.00","0.00","0.00","0.00","0.00","0.00","0.00","0.00","1","Unpaid","0.00","9.16","9.16","09/27/2013","249.38","0.00","0.00","0.00","0.00"
"4321","1","0.00","0.00","0.00","0.00","0.00","0.00","13.49","0.00","0.00","0.00","13.49","0.00","0.00","13.49","Compound","15114","G:15114","Global","0.00","0.00","0.00","0.00","0.00","0.00","0.00","0.00","0.00","1","Unpaid","0.00","0.00","0.00","09/27/2013","13.49","0.00","0.00","0.00","0.00"
"4481","1","0.00","0.00","0.00","0.00","609.27","633.65","13.74","0.00","24.38","24.38","647.39","633.39","658.73","13.74","Compound","15115","G:15115","Global","0.00","0.00","24.12","25.08","0.00","0.00","0.96","0.96","25.08","1","Partially Paid","0.00","25.34","25.34","09/27/2013","672.47","0.00","0.00","0.00","0.00","4482","1","","Open","0.00","25.08","0","0.00","Unknown","0","09/27/2013","Payment","PAY","25.08","(25.08)"
"4594","1","0.00","0.00","0.00","0.00","428.01","445.13","9.56","0.00","17.12","17.12","454.69","441.71","459.38","9.56","Compound","15116","G:15116","Global","0.00","0.00","13.70","14.25","0.00","0.00","0.55","0.55","14.25","1","Partially Paid","0.00","17.67","17.67","09/27/2013","468.94","0.00","0.00","0.00","0.00","4595","1","","Open","0.00","14.25","0","0.00","Unknown","0","09/27/2013","Payment","PAY","14.25","(14.25)"
"4445","1","0.00","0.00","0.00","0.00","0.00","0.00","4.55","0.00","0.00","0.00","4.55","0.00","0.00","13.64","Compound","15117","G:15117","Global","0.00","0.00","0.00","0.00","9.09","0.00","0.00","0.00","9.09","1","Partially Paid","0.00","0.00","0.00","09/27/2013","13.64","0.00","0.00","0.00","0.00","4769","1","","Open","0.00","0.00","0","9.09","Unknown","0","09/28/2013","Credit","CRED","9.09","(9.09)"
"4586","1","0.00","0.00","0.00","0.00","750.17","780.18","20.59","0.00","30.01","30.01","800.77","750.17","780.18","20.59","Compound","15118","G:15118","Global","0.00","0.00","0.00","0.00","0.00","0.00","0.00","0.00","0.00","1","Unpaid","0.00","30.01","30.01","09/27/2013","800.77","0.00","0.00","0.00","0.00"
"4300","1","0.00","0.00","0.00","0.00","829.84","863.03","24.44","0.00","33.19","33.19","887.47","829.84","863.03","24.44","Compound","15119","G:15119","Global","0.00","0.00","0.00","0.00","0.00","0.00","0.00","0.00","0.00","1","Unpaid","0.00","33.19","33.19","09/27/2013","887.47","0.00","0.00","0.00","0.00"
"4629","1","0.00","0.00","0.00","0.00","3118.89","3243.65","18.93","0.00","124.76","124.76","3262.58","3118.89","3243.65","18.93","Compound","15120","G:15120","Global","0.00","0.00","0.00","0.00","0.00","0.00","0.00","0.00","0.00","1","Unpaid","0.00","124.76","124.76","09/27/2013","3262.58","0.00","0.00","0.00","0.00"
"4396","1","0.00","0.00","0.00","0.00","0.00","0.00","191.29","0.00","0.00","0.00","191.29","0.00","0.00","216.37","Compound","15121","G:15121","Global","0.00","0.00","0.00","0.00","25.08","0.00","0.00","0.00","25.08","1","Partially Paid","0.00","0.00","0.00","09/27/2013","216.37","0.00","0.00","0.00","0.00","4397","1","","Open","0.00","0.00","0","25.08","Unknown","0","09/27/2013","Payment","PAY","25.08","(25.08)"
"4304","1","0.00","0.00","0.00","0.00","717.14","745.83","3.39","0.00","28.69","28.69","749.22","717.14","745.83","3.39","Compound","15122","G:15122","Global","0.00","0.00","0.00","0.00","0.00","0.00","0.00","0.00","0.00","1","Unpaid","0.00","28.69","28.69","09/27/2013","749.22","0.00","0.00","0.00","0.00"
"4348","1","0.00","0.00","0.00","0.00","117.65","122.36","4.93","0.00","4.71","4.71","127.29","117.65","122.36","4.93","Compound","15123","G:15123","Global","0.00","0.00","0.00","0.00","0.00","0.00","0.00","0.00","0.00","1","Unpaid","0.00","4.71","4.71","09/27/2013","127.29","0.00","0.00","0.00","0.00"
"4497","1","0.00","0.00","0.00","0.00","499.51","519.49","19.02","0.00","19.98","19.98","538.51","499.51","519.49","19.02","Compound","15124","G:15124","Global","0.00","0.00","0.00","0.00","0.00","0.00","0.00","0.00","0.00","1","Unpaid","0.00","19.98","19.98","09/27/2013","538.51","0.00","0.00","0.00","0.00"
"4496","1","0.00","0.00","0.00","0.00","723.39","752.33","26.37","0.00","28.94","28.94","778.70","723.39","752.33","26.37","Compound","15125","G:15125","Global","0.00","0.00","0.00","0.00","0.00","0.00","0.00","0.00","0.00","1","Unpaid","0.00","28.94","28.94","09/27/2013","778.70","0.00","0.00","0.00","0.00"
"4580","1","0.00","0.00","0.00","0.00","1845.49","1919.31","34.27","0.00","73.82","73.82","1953.58","1854.23","1928.40","34.27","Compound","15126","G:15126","Global","0.00","0.00","8.74","9.09","0.00","0.00","0.35","0.35","9.09","1","Partially Paid","0.00","74.17","74.17","09/27/2013","1962.67","0.00","0.00","0.00","0.00","4770","1","","Open","0.00","9.09","0","0.00","Unknown","0","09/28/2013","Credit","CRED","9.09","(9.09)"
"4522","1","0.00","0.00","0.00","0.00","1026.22","1067.27","23.39","0.00","41.05","41.05","1090.66","1050.34","1092.35","23.39","Compound","15127","G:15127","Global","0.00","0.00","24.12","25.08","0.00","0.00","0.96","0.96","25.08","1","Partially Paid","0.00","42.01","42.01","09/27/2013","1115.74","0.00","0.00","0.00","0.00","4523","1","","Open","0.00","25.08","0","0.00","Unknown","0","09/27/2013","Payment","PAY","25.08","(25.08)"
"4306","1","0.00","0.00","0.00","0.00","0.00","0.00","0.00","0.00","0.00","0.00","0.00","0.00","0.00","15.46","Compound","15128","G:15128","Global","0.00","0.00","0.00","0.00","15.46","0.00","0.00","0.00","15.46","1","Paid in Full","0.00","0.00","0.00","09/27/2013","15.46","0.00","0.00","0.00","0.00","3542","1","","Open","0.00","0.00","0","15.46","Japan Credit Bureau (JCB)","0","07/28/2013","Payment","PAY","309.07","(309.07)"
"4308","1","0.00","0.00","0.00","0.00","1421.90","1478.78","34.50","0.00","56.88","56.88","1513.28","1433.52","1490.86","34.50","Compound","15129","G:15129","Global","0.00","0.00","11.62","12.08","0.00","0.00","0.46","0.46","12.08","1","Partially Paid","0.00","57.34","57.34","09/27/2013","1525.36","0.00","0.00","0.00","0.00","4156","1","","Open","0.00","12.08","0","0.00","Unknown","0","08/28/2013","Payment","PAY","12.08","(12.08)"
"4311","1","0.00","0.00","0.00","0.00","2797.10","2908.98","38.77","0.00","111.88","111.88","2947.75","2797.10","2908.98","38.77","Compound","15130","G:15130","Global","0.00","0.00","0.00","0.00","0.00","0.00","0.00","0.00","0.00","1","Unpaid","0.00","111.88","111.88","09/27/2013","2947.75","0.00","0.00","0.00","0.00"
"4307","1","0.00","0.00","0.00","0.00","1325.90","1378.94","12.80","0.00","53.04","53.04","1391.74","1325.90","1378.94","12.80","Compound","15131","G:15131","Global","0.00","0.00","0.00","0.00","0.00","0.00","0.00","0.00","0.00","1","Unpaid","0.00","53.04","53.04","09/27/2013","1391.74","0.00","0.00","0.00","0.00"
"4309","1","0.00","0.00","0.00","0.00","0.00","0.00","0.00","0.00","0.00","0.00","0.00","0.00","0.00","13.24","Compound","15132","G:15132","Global","0.00","0.00","0.00","0.00","13.24","0.00","0.00","0.00","13.24","1","Paid in Full","0.00","0.00","0.00","09/27/2013","13.24","0.00","0.00","0.00","0.00","4310","1","","Open","0.00","0.00","0","13.24","Unknown","0","09/27/2013","Payment","PAY","13.24","(13.24)"
"4249","1","0.00","0.00","0.00","0.00","279.85","291.05","0.61","0.00","11.20","11.20","291.66","303.97","316.13","0.61","Compound","15133","G:15133","Global","0.00","0.00","24.12","25.08","0.00","0.00","0.96","0.96","25.08","1","Partially Paid","0.00","12.16","12.16","09/27/2013","316.74","0.00","0.00","0.00","0.00","4250","1","","Open","0.00","25.08","0","0.00","Unknown","0","09/27/2013","Payment","PAY","25.08","(25.08)"
"4398","1","0.00","0.00","0.00","0.00","152.78","158.89","6.56","0.00","6.11","6.11","165.45","170.58","177.40","6.56","Compound","15134","G:15134","Global","0.00","0.00","17.80","18.51","0.00","0.00","0.71","0.71","18.51","1","Partially Paid","0.00","6.82","6.82","09/27/2013","183.96","0.00","0.00","0.00","0.00","4399","1","","Open","0.00","18.51","0","0.00","Unknown","0","09/27/2013","Payment","PAY","18.51","(18.51)"
"4400","1","0.00","0.00","0.00","0.00","306.21","318.46","14.16","0.00","12.25","12.25","332.62","314.95","327.55","14.16","Compound","15135","G:15135","Global","0.00","0.00","8.74","9.09","0.00","0.00","0.35","0.35","9.09","1","Partially Paid","0.00","12.60","12.60","09/27/2013","341.71","0.00","0.00","0.00","0.00","4771","1","","Open","0.00","9.09","0","0.00","Unknown","0","09/28/2013","Credit","CRED","9.09","(9.09)"
"4349","1","0.00","0.00","0.00","0.00","317.34","330.03","11.69","0.00","12.69","12.69","341.72","317.34","330.03","11.69","Compound","15136","G:15136","Global","0.00","0.00","0.00","0.00","0.00","0.00","0.00","0.00","0.00","1","Unpaid","0.00","12.69","12.69","09/27/2013","341.72","0.00","0.00","0.00","0.00"
"4634","1","0.00","0.00","0.00","0.00","2127.72","2212.83","37.47","0.00","85.11","85.11","2250.30","2127.72","2212.83","37.47","Compound","15137","G:15137","Global","0.00","0.00","0.00","0.00","0.00","0.00","0.00","0.00","0.00","1","Unpaid","0.00","85.11","85.11","09/27/2013","2250.30","0.00","0.00","0.00","0.00"
"4524","1","0.00","0.00","0.00","0.00","1055.00","1097.20","22.44","0.00","42.20","42.20","1119.64","1055.00","1097.20","22.44","Compound","15138","G:15138","Global","0.00","0.00","0.00","0.00","0.00","0.00","0.00","0.00","0.00","1","Unpaid","0.00","42.20","42.20","09/27/2013","1119.64","0.00","0.00","0.00","0.00"
"4525","1","0.00","0.00","0.00","0.00","0.00","0.00","11.19","0.00","0.00","0.00","11.19","0.00","0.00","36.27","Compound","15139","G:15139","Global","0.00","0.00","0.00","0.00","25.08","0.00","0.00","0.00","25.08","1","Partially Paid","0.00","0.00","0.00","09/27/2013","36.27","0.00","0.00","0.00","0.00","4526","1","","Open","0.00","0.00","0","25.08","Unknown","0","09/27/2013","Payment","PAY","25.08","(25.08)"
"4596","1","0.00","0.00","0.00","0.00","768.79","799.54","23.32","0.00","30.75","30.75","822.86","770.47","801.29","23.32","Compound","15140","G:15140","Global","0.00","0.00","1.68","1.75","0.00","0.00","0.07","0.07","1.75","1","Partially Paid","0.00","30.82","30.82","09/27/2013","824.61","0.00","0.00","0.00","0.00","4597","1","","Open","0.00","1.75","0","0.00","Unknown","0","09/27/2013","Payment","PAY","1.75","(1.75)"
"4251","1","0.00","0.00","0.00","0.00","885.76","921.19","14.01","0.00","35.43","35.43","935.20","885.76","921.19","14.01","Compound","15141","G:15141","Global","0.00","0.00","0.00","0.00","0.00","0.00","0.00","0.00","0.00","1","Unpaid","0.00","35.43","35.43","09/27/2013","935.20","0.00","0.00","0.00","0.00"
"4350","1","0.00","0.00","0.00","0.00","1003.08","1043.20","10.40","0.00","40.12","40.12","1053.60","1003.08","1043.20","10.40","Compound","15142","G:15142","Global","0.00","0.00","0.00","0.00","0.00","0.00","0.00","0.00","0.00","1","Unpaid","0.00","40.12","40.12","09/27/2013","1053.60","0.00","0.00","0.00","0.00"
"4611","1","0.00","0.00","0.00","0.00","0.00","0.00","8.67","0.00","0.00","0.00","8.67","0.00","0.00","8.67","Compound","15143","G:15143","Global","0.00","0.00","0.00","0.00","0.00","0.00","0.00","0.00","0.00","1","Unpaid","0.00","0.00","0.00","09/27/2013","8.67","0.00","0.00","0.00","0.00"
"4315","1","0.00","0.00","0.00","0.00","1235.02","1284.42","3.80","0.00","49.40","49.40","1288.22","1243.76","1293.51","3.80","Compound","15144","G:15144","Global","0.00","0.00","8.74","9.09","0.00","0.00","0.35","0.35","9.09","1","Partially Paid","0.00","49.75","49.75","09/27/2013","1297.31","0.00","0.00","0.00","0.00","4772","1","","Open","0.00","9.09","0","0.00","Unknown","0","09/28/2013","Credit","CRED","9.09","(9.09)"
"4401","1","0.00","0.00","0.00","0.00","94.38","98.16","5.20","0.00","3.78","3.78","103.36","121.27","126.12","5.20","Compound","15145","G:15145","Global","0.00","0.00","26.89","27.96","0.00","0.00","1.07","1.07","27.96","1","Partially Paid","0.00","4.85","4.85","09/27/2013","131.32","0.00","0.00","0.00","0.00","4192","1","","Open","0.00","2.88","0","0.00","Unknown","0","08/28/2013","Credit","CRED","8.08","(8.08)","4402","1","","Open","0.00","25.08","0","0.00","Unknown","0","09/27/2013","Payment","PAY","25.08","(25.08)"
"4252","1","0.00","0.00","0.00","0.00","212.22","220.71","10.86","0.00","8.49","8.49","231.57","224.55","233.53","10.86","Compound","15146","G:15146","Global","0.00","0.00","12.33","12.82","0.00","0.00","0.49","0.49","12.82","1","Partially Paid","0.00","8.98","8.98","09/27/2013","244.39","0.00","0.00","0.00","0.00","4253","1","","Open","0.00","12.82","0","0.00","Unknown","0","09/27/2013","Payment","PAY","12.82","(12.82)"
"4422","1","0.00","0.00","0.00","0.00","329.86","343.05","12.37","0.00","13.19","13.19","355.42","329.86","343.05","12.37","Compound","15147","G:15147","Global","0.00","0.00","0.00","0.00","0.00","0.00","0.00","0.00","0.00","1","Unpaid","0.00","13.19","13.19","09/27/2013","355.42","0.00","0.00","0.00","0.00"
"4499","1","0.00","0.00","0.00","0.00","657.76","684.07","19.90","0.00","26.31","26.31","703.97","657.76","684.07","19.90","Compound","15148","G:15148","Global","0.00","0.00","0.00","0.00","0.00","0.00","0.00","0.00","0.00","1","Unpaid","0.00","26.31","26.31","09/27/2013","703.97","0.00","0.00","0.00","0.00"
"4211","1","0.00","0.00","0.00","0.00","437.22","454.71","17.88","0.00","17.49","17.49","472.59","437.22","454.71","17.88","Compound","15149","G:15149","Global","0.00","0.00","0.00","0.00","0.00","0.00","0.00","0.00","0.00","1","Unpaid","0.00","17.49","17.49","09/27/2013","472.59","0.00","0.00","0.00","0.00"
"4567","1","0.00","0.00","0.00","0.00","0.00","0.00","24.44","0.00","0.00","0.00","24.44","0.00","0.00","24.44","Compound","15150","G:15150","Global","0.00","0.00","0.00","0.00","0.00","0.00","0.00","0.00","0.00","1","Unpaid","0.00","0.00","0.00","09/27/2013","24.44","0.00","0.00","0.00","0.00"
"4373","1","0.00","0.00","0.00","0.00","747.14","777.03","26.12","0.00","29.89","29.89","803.15","771.26","802.11","26.12","Compound","15151","G:15151","Global","0.00","0.00","24.12","25.08","0.00","0.00","0.96","0.96","25.08","1","Partially Paid","0.00","30.85","30.85","09/27/2013","828.23","0.00","0.00","0.00","0.00","4374","1","","Open","0.00","25.08","0","0.00","Unknown","0","09/27/2013","Payment","PAY","25.08","(25.08)"
"4295","1","0.00","0.00","0.00","0.00","885.64","921.07","24.00","0.00","35.43","35.43","945.07","886.67","922.14","24.00","Compound","15152","G:15152","Global","0.00","0.00","1.03","1.07","0.00","0.00","0.04","0.04","1.07","1","Partially Paid","0.00","35.47","35.47","09/27/2013","946.14","0.00","0.00","0.00","0.00","4296","1","","Open","0.00","1.07","0","0.00","Unknown","0","09/27/2013","Payment","PAY","1.07","(1.07)"
"4351","1","0.00","0.00","0.00","0.00","993.20","1032.92","11.60","0.00","39.72","39.72","1044.52","1004.09","1044.25","11.60","Compound","15153","G:15153","Global","0.00","0.00","10.89","11.33","0.00","0.00","0.44","0.44","11.33","1","Partially Paid","0.00","40.16","40.16","09/27/2013","1055.85","0.00","0.00","0.00","0.00","4352","1","","Open","0.00","2.24","0","0.00","Unknown","0","09/27/2013","Payment","PAY","2.24","(2.24)","4773","1","","Open","0.00","9.09","0","0.00","Unknown","0","09/28/2013","Credit","CRED","9.09","(9.09)"
"4331","1","0.00","0.00","0.00","0.00","0.00","0.00","11.49","0.00","0.00","0.00","11.49","0.00","0.00","11.49","Compound","15154","G:15154","Global","0.00","0.00","0.00","0.00","0.00","0.00","0.00","0.00","0.00","1","Unpaid","0.00","0.00","0.00","09/27/2013","11.49","0.00","0.00","0.00","0.00"
"4284","1","0.00","0.00","0.00","0.00","1244.99","1294.79","5.91","0.00","49.80","49.80","1300.70","1244.99","1294.79","5.91","Compound","15155","G:15155","Global","0.00","0.00","0.00","0.00","0.00","0.00","0.00","0.00","0.00","1","Unpaid","0.00","49.80","49.80","09/27/2013","1300.70","0.00","0.00","0.00","0.00"
"4254","1","0.00","0.00","0.00","0.00","121.40","126.26","241.89","0.00","4.86","4.86","368.15","121.40","126.26","241.89","Compound","15156","G:15156","Global","0.00","0.00","0.00","0.00","0.00","0.00","0.00","0.00","0.00","1","Unpaid","0.00","4.86","4.86","09/27/2013","368.15","0.00","0.00","0.00","0.00"
"4632","1","0.00","0.00","0.00","0.00","200.68","208.71","11.82","0.00","8.03","8.03","220.53","224.80","233.79","11.82","Compound","15157","G:15157","Global","0.00","0.00","24.12","25.08","0.00","0.00","0.96","0.96","25.08","1","Partially Paid","0.00","8.99","8.99","09/27/2013","245.61","0.00","0.00","0.00","0.00","4633","1","","Open","0.00","25.08","0","0.00","Unknown","0","09/27/2013","Payment","PAY","25.08","(25.08)"
"4568","1","0.00","0.00","0.00","0.00","318.84","331.60","13.25","0.00","12.76","12.76","344.85","330.21","343.42","13.25","Compound","15158","G:15158","Global","0.00","0.00","11.37","11.82","0.00","0.00","0.45","0.45","11.82","1","Partially Paid","0.00","13.21","13.21","09/27/2013","356.67","0.00","0.00","0.00","0.00","4569","1","","Open","0.00","11.82","0","0.00","Unknown","0","09/27/2013","Payment","PAY","11.82","(11.82)"
"4571","1","0.00","0.00","0.00","0.00","658.44","684.78","16.88","0.00","26.34","26.34","701.66","658.44","684.78","16.88","Compound","15159","G:15159","Global","0.00","0.00","0.00","0.00","0.00","0.00","0.00","0.00","0.00","1","Unpaid","0.00","26.34","26.34","09/27/2013","701.66","0.00","0.00","0.00","0.00"
"4403","1","0.00","0.00","0.00","0.00","428.44","445.58","18.68","0.00","17.14","17.14","464.26","428.44","445.58","18.68","Compound","15160","G:15160","Global","0.00","0.00","0.00","0.00","0.00","0.00","0.00","0.00","0.00","1","Unpaid","0.00","17.14","17.14","09/27/2013","464.26","0.00","0.00","0.00","0.00"
"4612","1","0.00","0.00","0.00","0.00","0.00","0.00","23.48","0.00","0.00","0.00","23.48","0.00","0.00","23.48","Compound","15161","G:15161","Global","0.00","0.00","0.00","0.00","0.00","0.00","0.00","0.00","0.00","1","Unpaid","0.00","0.00","0.00","09/27/2013","23.48","0.00","0.00","0.00","0.00"
"4545","1","0.00","0.00","0.00","0.00","733.08","762.40","26.58","0.00","29.32","29.32","788.98","741.82","771.49","26.58","Compound","15162","G:15162","Global","0.00","0.00","8.74","9.09","0.00","0.00","0.35","0.35","9.09","1","Partially Paid","0.00","29.67","29.67","09/27/2013","798.07","0.00","0.00","0.00","0.00","4774","1","","Open","0.00","9.09","0","0.00","Unknown","0","09/28/2013","Credit","CRED","9.09","(9.09)"
"4572","1","0.00","0.00","0.00","0.00","829.01","862.18","24.76","0.00","33.17","33.17","886.94","853.13","887.26","24.76","Compound","15163","G:15163","Global","0.00","0.00","24.12","25.08","0.00","0.00","0.96","0.96","25.08","1","Partially Paid","0.00","34.13","34.13","09/27/2013","912.02","0.00","0.00","0.00","0.00","4573","1","","Open","0.00","25.08","0","0.00","Unknown","0","09/27/2013","Payment","PAY","25.08","(25.08)"
"4635","1","0.00","0.00","0.00","0.00","0.00","0.00","0.67","0.00","0.00","0.00","0.67","0.00","0.00","12.87","Compound","15164","G:15164","Global","0.00","0.00","0.00","0.00","12.20","0.00","0.00","0.00","12.20","1","Partially Paid","0.00","0.00","0.00","09/27/2013","12.87","0.00","0.00","0.00","0.00","4636","1","","Open","0.00","0.00","0","12.20","Unknown","0","09/27/2013","Payment","PAY","12.20","(12.20)"
"4469","1","0.00","0.00","0.00","0.00","0.00","0.00","0.00","0.00","0.00","0.00","0.00","0.00","0.00","5.89","Compound","15165","G:15165","Global","0.00","0.00","0.00","0.00","5.89","0.00","0.00","0.00","5.89","1","Paid in Full","0.00","0.00","0.00","09/27/2013","5.89","0.00","0.00","0.00","0.00","4470","1","","Open","0.00","0.00","0","5.89","Unknown","0","09/27/2013","Payment","PAY","5.89","(5.89)"
"4637","1","0.00","0.00","0.00","0.00","1176.78","1223.85","2.32","0.00","47.07","47.07","1226.17","1176.78","1223.85","2.32","Compound","15166","G:15166","Global","0.00","0.00","0.00","0.00","0.00","0.00","0.00","0.00","0.00","1","Unpaid","0.00","47.07","47.07","09/27/2013","1226.17","0.00","0.00","0.00","0.00"
"4541","1","0.00","0.00","0.00","0.00","96.46","100.32","0.00","0.00","3.86","3.86","100.32","123.70","128.65","0.00","Compound","15167","G:15167","Global","0.00","0.00","27.24","28.33","0.00","0.00","1.09","1.09","28.33","1","Partially Paid","0.00","4.95","4.95","09/27/2013","128.65","0.00","0.00","0.00","0.00","3551","1","","Open","0.00","28.33","0","0.00","Japan Credit Bureau (JCB)","0","07/28/2013","Payment","PAY","348.07","(348.07)"
"4316","1","0.00","0.00","0.00","0.00","229.00","238.16","10.61","0.00","9.16","9.16","248.77","229.00","238.16","10.61","Compound","15168","G:15168","Global","0.00","0.00","0.00","0.00","0.00","0.00","0.00","0.00","0.00","1","Unpaid","0.00","9.16","9.16","09/27/2013","248.77","0.00","0.00","0.00","0.00"
"4638","1","0.00","0.00","0.00","0.00","299.40","311.38","9.48","0.00","11.98","11.98","320.86","323.52","336.46","9.48","Compound","15169","G:15169","Global","0.00","0.00","24.12","25.08","0.00","0.00","0.96","0.96","25.08","1","Partially Paid","0.00","12.94","12.94","09/27/2013","345.94","0.00","0.00","0.00","0.00","4639","1","","Open","0.00","25.08","0","0.00","Unknown","0","09/27/2013","Payment","PAY","25.08","(25.08)"
"4574","1","0.00","0.00","0.00","0.00","623.66","648.60","15.27","0.00","24.94","24.94","663.87","633.08","658.40","15.27","Compound","15170","G:15170","Global","0.00","0.00","9.42","9.80","0.00","0.00","0.38","0.38","9.80","1","Partially Paid","0.00","25.32","25.32","09/27/2013","673.67","0.00","0.00","0.00","0.00","4575","1","","Open","0.00","9.80","0","0.00","Unknown","0","09/27/2013","Payment","PAY","9.80","(9.80)"
"4500","1","0.00","0.00","0.00","0.00","432.76","450.07","16.02","0.00","17.31","17.31","466.09","441.50","459.16","16.02","Compound","15171","G:15171","Global","0.00","0.00","8.74","9.09","0.00","0.00","0.35","0.35","9.09","1","Partially Paid","0.00","17.66","17.66","09/27/2013","475.18","0.00","0.00","0.00","0.00","4775","1","","Open","0.00","9.09","0","0.00","Unknown","0","09/28/2013","Credit","CRED","9.09","(9.09)"
"4353","1","0.00","0.00","0.00","0.00","0.00","0.00","22.30","0.00","0.00","0.00","22.30","0.00","0.00","22.30","Compound","15172","G:15172","Global","0.00","0.00","0.00","0.00","0.00","0.00","0.00","0.00","0.00","1","Unpaid","0.00","0.00","0.00","09/27/2013","22.30","0.00","0.00","0.00","0.00"
"4501","1","0.00","0.00","0.00","0.00","749.81","779.80","25.18","0.00","29.99","29.99","804.98","749.81","779.80","25.18","Compound","15173","G:15173","Global","0.00","0.00","0.00","0.00","0.00","0.00","0.00","0.00","0.00","1","Unpaid","0.00","29.99","29.99","09/27/2013","804.98","0.00","0.00","0.00","0.00"
"4354","1","0.00","0.00","0.00","0.00","829.43","862.61","25.17","0.00","33.18","33.18","887.78","829.43","862.61","25.17","Compound","15174","G:15174","Global","0.00","0.00","0.00","0.00","0.00","0.00","0.00","0.00","0.00","1","Unpaid","0.00","33.18","33.18","09/27/2013","887.78","0.00","0.00","0.00","0.00"
"4255","1","0.00","0.00","0.00","0.00","915.75","952.38","12.92","0.00","36.63","36.63","965.30","939.87","977.46","12.92","Compound","15175","G:15175","Global","0.00","0.00","24.12","25.08","0.00","0.00","0.96","0.96","25.08","1","Partially Paid","0.00","37.59","37.59","09/27/2013","990.38","0.00","0.00","0.00","0.00","4256","1","","Open","0.00","25.08","0","0.00","Unknown","0","09/27/2013","Payment","PAY","25.08","(25.08)"
"4404","1","0.00","0.00","0.00","0.00","0.00","0.00","0.00","0.00","0.00","0.00","0.00","0.00","0.00","9.36","Compound","15176","G:15176","Global","0.00","0.00","0.00","0.00","9.36","0.00","0.00","0.00","9.36","1","Paid in Full","0.00","0.00","0.00","09/27/2013","9.36","0.00","0.00","0.00","0.00","4405","1","","Open","0.00","0.00","0","9.36","Unknown","0","09/27/2013","Payment","PAY","9.36","(9.36)"
"4502","1","0.00","0.00","0.00","0.00","1155.62","1201.84","4.24","0.00","46.22","46.22","1206.08","1155.62","1201.84","4.24","Compound","15177","G:15177","Global","0.00","0.00","0.00","0.00","0.00","0.00","0.00","0.00","0.00","1","Unpaid","0.00","46.22","46.22","09/27/2013","1206.08","0.00","0.00","0.00","0.00"
"4498","1","0.00","0.00","0.00","0.00","125.03","130.03","3.67","0.00","5.00","5.00","133.70","125.03","130.03","3.67","Compound","15178","G:15178","Global","0.00","0.00","0.00","0.00","0.00","0.00","0.00","0.00","0.00","1","Unpaid","0.00","5.00","5.00","09/27/2013","133.70","0.00","0.00","0.00","0.00"
"4317","1","0.00","0.00","0.00","0.00","222.64","231.55","12.01","0.00","8.91","8.91","243.56","222.64","231.55","12.01","Compound","15179","G:15179","Global","0.00","0.00","0.00","0.00","0.00","0.00","0.00","0.00","0.00","1","Unpaid","0.00","8.91","8.91","09/27/2013","243.56","0.00","0.00","0.00","0.00"
"4598","1","0.00","0.00","0.00","0.00","992.89","1032.61","33.61","0.00","39.72","39.72","1066.22","1001.63","1041.70","33.61","Compound","15180","G:15180","Global","0.00","0.00","8.74","9.09","0.00","0.00","0.35","0.35","9.09","1","Partially Paid","0.00","40.07","40.07","09/27/2013","1075.31","0.00","0.00","0.00","0.00","4776","1","","Open","0.00","9.09","0","0.00","Unknown","0","09/28/2013","Credit","CRED","9.09","(9.09)"
"4478","1","0.00","0.00","0.00","0.00","1284.20","1335.57","31.32","0.00","51.37","51.37","1366.89","1308.32","1360.65","31.32","Compound","15181","G:15181","Global","0.00","0.00","24.12","25.08","0.00","0.00","0.96","0.96","25.08","1","Partially Paid","0.00","52.33","52.33","09/27/2013","1391.97","0.00","0.00","0.00","0.00","4479","1","","Open","0.00","25.08","0","0.00","Unknown","0","09/27/2013","Payment","PAY","25.08","(25.08)"
"4318","1","0.00","0.00","0.00","0.00","292.40","304.09","14.53","0.00","11.69","11.69","318.62","302.53","314.63","14.53","Compound","15182","G:15182","Global","0.00","0.00","10.13","10.54","0.00","0.00","0.41","0.41","10.54","1","Partially Paid","0.00","12.10","12.10","09/27/2013","329.16","0.00","0.00","0.00","0.00","4319","1","","Open","0.00","10.54","0","0.00","Unknown","0","09/27/2013","Payment","PAY","10.54","(10.54)"
"4527","1","0.00","0.00","0.00","0.00","0.00","0.00","34.50","0.00","0.00","0.00","34.50","0.00","0.00","34.50","Compound","15183","G:15183","Global","0.00","0.00","0.00","0.00","0.00","0.00","0.00","0.00","0.00","1","Unpaid","0.00","0.00","0.00","09/27/2013","34.50","0.00","0.00","0.00","0.00"
"4640","1","0.00","0.00","0.00","0.00","2498.76","2598.71","49.23","0.00","99.95","99.95","2647.94","2498.76","2598.71","49.23","Compound","15184","G:15184","Global","0.00","0.00","0.00","0.00","0.00","0.00","0.00","0.00","0.00","1","Unpaid","0.00","99.95","99.95","09/27/2013","2647.94","0.00","0.00","0.00","0.00"
"4528","1","0.00","0.00","0.00","0.00","2083.29","2166.62","33.54","0.00","83.33","83.33","2200.16","2083.29","2166.62","33.54","Compound","15185","G:15185","Global","0.00","0.00","0.00","0.00","0.00","0.00","0.00","0.00","0.00","1","Unpaid","0.00","83.33","83.33","09/27/2013","2200.16","0.00","0.00","0.00","0.00"
"4320","1","0.00","0.00","0.00","0.00","672.24","699.13","10.58","0.00","26.89","26.89","709.71","672.24","699.13","10.58","Compound","15186","G:15186","Global","0.00","0.00","0.00","0.00","0.00","0.00","0.00","0.00","0.00","1","Unpaid","0.00","26.89","26.89","09/27/2013","709.71","0.00","0.00","0.00","0.00"
"4355","1","0.00","0.00","0.00","0.00","0.00","0.00","0.00","0.00","0.00","0.00","0.00","0.00","0.00","9.36","Compound","15187","G:15187","Global","0.00","0.00","0.00","0.00","9.36","0.00","0.00","0.00","9.36","1","Paid in Full","0.00","0.00","0.00","09/27/2013","9.36","0.00","0.00","0.00","0.00","4356","1","","Open","0.00","0.00","0","9.36","Unknown","0","09/27/2013","Payment","PAY","9.36","(9.36)"
"4446","1","0.00","0.00","0.00","0.00","1770.23","1841.04","8.07","0.00","70.81","70.81","1849.11","2028.21","2109.34","8.07","Compound","15188","G:15188","Global","0.00","0.00","257.98","268.30","0.00","0.00","10.32","10.32","268.30","1","Partially Paid","0.00","81.13","81.13","09/27/2013","2117.41","0.00","0.00","0.00","0.00","5860","0","","Open","0.00","268.30","0","0.00","Other 2","0","11/28/2013","Payment","PAY","369.11","(369.11)"
"4375","1","0.00","0.00","0.00","0.00","0.00","0.00","0.00","0.00","0.00","0.00","0.00","0.00","0.00","5.73","Compound","15189","G:15189","Global","0.00","0.00","0.00","0.00","5.73","0.00","0.00","0.00","5.73","1","Paid in Full","0.00","0.00","0.00","09/27/2013","5.73","0.00","0.00","0.00","0.00","4777","1","","Open","0.00","0.00","0","5.73","Unknown","0","09/28/2013","Credit","CRED","9.09","(9.09)"
"4406","1","0.00","0.00","0.00","0.00","325.84","338.87","11.97","0.00","13.03","13.03","350.84","325.84","338.87","11.97","Compound","15190","G:15190","Global","0.00","0.00","0.00","0.00","0.00","0.00","0.00","0.00","0.00","1","Unpaid","0.00","13.03","13.03","09/27/2013","350.84","0.00","0.00","0.00","0.00"
"4257","1","0.00","0.00","0.00","0.00","53.59","55.73","272.99","0.00","2.14","2.14","328.72","102.78","106.89","272.99","Compound","15191","G:15191","Global","0.00","0.00","49.19","51.16","0.00","0.00","1.97","1.97","51.16","1","Partially Paid","0.00","4.11","4.11","09/27/2013","379.88","0.00","0.00","0.00","0.00","4136","1","","Open","0.00","51.16","0","0.00","Debit Card","0","08/28/2013","Payment","PAY","372.08","(372.08)"
"4625","1","0.00","0.00","0.00","0.00","2084.01","2167.37","30.48","0.00","83.36","83.36","2197.85","2084.01","2167.37","30.48","Compound","15192","G:15192","Global","0.00","0.00","0.00","0.00","0.00","0.00","0.00","0.00","0.00","1","Unpaid","0.00","83.36","83.36","09/27/2013","2197.85","0.00","0.00","0.00","0.00"
"4534","1","0.00","0.00","0.00","0.00","1072.67","1115.58","12.70","0.00","42.91","42.91","1128.28","1096.79","1140.66","12.70","Compound","15193","G:15193","Global","0.00","0.00","24.12","25.08","0.00","0.00","0.96","0.96","25.08","1","Partially Paid","0.00","43.87","43.87","09/27/2013","1153.36","0.00","0.00","0.00","0.00","4535","1","","Open","0.00","25.08","0","0.00","Unknown","0","09/27/2013","Payment","PAY","25.08","(25.08)"
"4259","1","0.00","0.00","0.00","0.00","0.00","0.00","17.32","0.00","0.00","0.00","17.32","0.00","0.00","17.32","Compound","15194","G:15194","Global","0.00","0.00","0.00","0.00","0.00","0.00","0.00","0.00","0.00","1","Unpaid","0.00","0.00","0.00","09/27/2013","17.32","0.00","0.00","0.00","0.00"
"4258","1","0.00","0.00","0.00","0.00","238.75","248.30","21.24","0.00","9.55","9.55","269.54","238.75","248.30","21.24","Compound","15195","G:15195","Global","0.00","0.00","0.00","0.00","0.00","0.00","0.00","0.00","0.00","1","Unpaid","0.00","9.55","9.55","09/27/2013","269.54","0.00","0.00","0.00","0.00"
"4447","1","0.00","0.00","0.00","0.00","1493.79","1553.54","29.06","0.00","59.75","59.75","1582.60","1493.79","1553.54","29.06","Compound","15196","G:15196","Global","0.00","0.00","0.00","0.00","0.00","0.00","0.00","0.00","0.00","1","Unpaid","0.00","59.75","59.75","09/27/2013","1582.60","0.00","0.00","0.00","0.00"
"4407","1","0.00","0.00","0.00","0.00","1372.46","1427.36","13.55","0.00","54.90","54.90","1440.91","1372.46","1427.36","13.55","Compound","15197","G:15197","Global","0.00","0.00","0.00","0.00","0.00","0.00","0.00","0.00","0.00","1","Unpaid","0.00","54.90","54.90","09/27/2013","1440.91","0.00","0.00","0.00","0.00"
"4260","1","0.00","0.00","0.00","0.00","0.00","0.00","0.00","0.00","0.00","0.00","0.00","0.00","0.00","4.15","Compound","15198","G:15198","Global","0.00","0.00","0.00","0.00","4.15","0.00","0.00","0.00","4.15","1","Paid in Full","0.00","0.00","0.00","09/27/2013","4.15","0.00","0.00","0.00","0.00","4778","1","","Open","0.00","0.00","0","4.15","Unknown","0","09/28/2013","Credit","CRED","9.09","(9.09)"
"4408","1","0.00","0.00","0.00","0.00","1658.12","1724.45","8.09","0.00","66.33","66.33","1732.54","1682.24","1749.53","8.09","Compound","15199","G:15199","Global","0.00","0.00","24.12","25.08","0.00","0.00","0.96","0.96","25.08","1","Partially Paid","0.00","67.29","67.29","09/27/2013","1757.62","0.00","0.00","0.00","0.00","4409","1","","Open","0.00","25.08","0","0.00","Unknown","0","09/27/2013","Payment","PAY","25.08","(25.08)"
"4282","1","0.00","0.00","0.00","0.00","121.21","126.06","5.03","0.00","4.85","4.85","131.09","121.21","126.06","5.03","Compound","15200","G:15200","Global","0.00","0.00","0.00","0.00","0.00","0.00","0.00","0.00","0.00","1","Unpaid","0.00","4.85","4.85","09/27/2013","131.09","0.00","0.00","0.00","0.00"
"4410","1","0.00","0.00","0.00","0.00","224.44","233.42","10.42","0.00","8.98","8.98","243.84","224.44","233.42","10.42","Compound","15201","G:15201","Global","0.00","0.00","0.00","0.00","0.00","0.00","0.00","0.00","0.00","1","Unpaid","0.00","8.98","8.98","09/27/2013","243.84","0.00","0.00","0.00","0.00"
"4323","1","0.00","0.00","0.00","0.00","329.70","342.89","11.88","0.00","13.19","13.19","354.77","329.70","342.89","11.88","Compound","15202","G:15202","Global","0.00","0.00","0.00","0.00","0.00","0.00","0.00","0.00","0.00","1","Unpaid","0.00","13.19","13.19","09/27/2013","354.77","0.00","0.00","0.00","0.00"
"4548","1","0.00","0.00","0.00","0.00","657.45","683.75","13.97","0.00","26.30","26.30","697.72","657.45","683.75","13.97","Compound","15203","G:15203","Global","0.00","0.00","0.00","0.00","0.00","0.00","0.00","0.00","0.00","1","Unpaid","0.00","26.30","26.30","09/27/2013","697.72","0.00","0.00","0.00","0.00"
"4529","1","0.00","0.00","0.00","0.00","437.01","454.49","17.62","0.00","17.48","17.48","472.11","437.01","454.49","17.62","Compound","15204","G:15204","Global","0.00","0.00","0.00","0.00","0.00","0.00","0.00","0.00","0.00","1","Unpaid","0.00","17.48","17.48","09/27/2013","472.11","0.00","0.00","0.00","0.00"
"4449","1","0.00","0.00","0.00","0.00","0.00","0.00","0.00","0.00","0.00","0.00","0.00","0.00","0.00","24.15","Compound","15205","G:15205","Global","0.00","0.00","0.00","0.00","24.15","0.00","0.00","0.00","24.15","1","Paid in Full","0.00","0.00","0.00","09/27/2013","24.15","0.00","0.00","0.00","0.00","4450","1","","Open","0.00","0.00","0","24.15","Unknown","0","09/27/2013","Payment","PAY","24.15","(24.15)"
"4411","1","0.00","0.00","0.00","0.00","770.90","801.74","25.48","0.00","30.84","30.84","827.22","770.90","801.74","25.48","Compound","15206","G:15206","Global","0.00","0.00","0.00","0.00","0.00","0.00","0.00","0.00","0.00","1","Unpaid","0.00","30.84","30.84","09/27/2013","827.22","0.00","0.00","0.00","0.00"
"4451","1","0.00","0.00","0.00","0.00","877.52","912.62","23.57","0.00","35.10","35.10","936.19","886.26","921.71","23.57","Compound","15207","G:15207","Global","0.00","0.00","8.74","9.09","0.00","0.00","0.35","0.35","9.09","1","Partially Paid","0.00","35.45","35.45","09/27/2013","945.28","0.00","0.00","0.00","0.00","4779","1","","Open","0.00","9.09","0","0.00","Unknown","0","09/28/2013","Credit","CRED","9.09","(9.09)"
"4357","1","0.00","0.00","0.00","0.00","1003.63","1043.78","11.07","0.00","40.15","40.15","1054.85","1003.63","1043.78","11.07","Compound","15208","G:15208","Global","0.00","0.00","0.00","0.00","0.00","0.00","0.00","0.00","0.00","1","Unpaid","0.00","40.15","40.15","09/27/2013","1054.85","0.00","0.00","0.00","0.00"
"4420","1","0.00","0.00","0.00","0.00","0.00","0.00","11.23","0.00","0.00","0.00","11.23","0.00","0.00","11.23","Compound","15209","G:15209","Global","0.00","0.00","0.00","0.00","0.00","0.00","0.00","0.00","0.00","1","Unpaid","0.00","0.00","0.00","09/27/2013","11.23","0.00","0.00","0.00","0.00"
"4480","1","0.00","0.00","0.00","0.00","1244.43","1294.21","5.67","0.00","49.78","49.78","1299.88","1244.43","1294.21","5.67","Compound","15210","G:15210","Global","0.00","0.00","0.00","0.00","0.00","0.00","0.00","0.00","0.00","1","Unpaid","0.00","49.78","49.78","09/27/2013","1299.88","0.00","0.00","0.00","0.00"
"4641","1","0.00","0.00","0.00","0.00","97.22","101.11","3.43","0.00","3.89","3.89","104.54","121.34","126.19","3.43","Compound","15211","G:15211","Global","0.00","0.00","24.12","25.08","0.00","0.00","0.96","0.96","25.08","1","Partially Paid","0.00","4.85","4.85","09/27/2013","129.62","0.00","0.00","0.00","0.00","4642","1","","Open","0.00","25.08","0","0.00","Unknown","0","09/27/2013","Payment","PAY","25.08","(25.08)"
"4645","1","0.00","0.00","0.00","0.00","224.69","233.68","10.22","0.00","8.99","8.99","243.90","224.69","233.68","10.22","Compound","15212","G:15212","Global","0.00","0.00","0.00","0.00","0.00","0.00","0.00","0.00","0.00","1","Unpaid","0.00","8.99","8.99","09/27/2013","243.90","0.00","0.00","0.00","0.00"
"4376","1","0.00","0.00","0.00","0.00","330.05","343.25","11.80","0.00","13.20","13.20","355.05","330.05","343.25","11.80","Compound","15213","G:15213","Global","0.00","0.00","0.00","0.00","0.00","0.00","0.00","0.00","0.00","1","Unpaid","0.00","13.20","13.20","09/27/2013","355.05","0.00","0.00","0.00","0.00"
"4471","1","0.00","0.00","0.00","0.00","0.00","0.00","15.61","0.00","0.00","0.00","15.61","0.00","0.00","15.61","Compound","15214","G:15214","Global","0.00","0.00","0.00","0.00","0.00","0.00","0.00","0.00","0.00","1","Unpaid","0.00","0.00","0.00","09/27/2013","15.61","0.00","0.00","0.00","0.00"
"4599","1","0.00","0.00","0.00","0.00","437.47","454.97","17.58","0.00","17.50","17.50","472.55","437.47","454.97","17.58","Compound","15215","G:15215","Global","0.00","0.00","0.00","0.00","0.00","0.00","0.00","0.00","0.00","1","Unpaid","0.00","17.50","17.50","09/27/2013","472.55","0.00","0.00","0.00","0.00"
"4423","1","0.00","0.00","0.00","0.00","0.00","0.00","5.41","0.00","0.00","0.00","5.41","0.00","0.00","14.50","Compound","15216","G:15216","Global","0.00","0.00","0.00","0.00","9.09","0.00","0.00","0.00","9.09","1","Partially Paid","0.00","0.00","0.00","09/27/2013","14.50","0.00","0.00","0.00","0.00","4780","1","","Open","0.00","0.00","0","9.09","Unknown","0","09/28/2013","Credit","CRED","9.09","(9.09)"
"4503","1","0.00","0.00","0.00","0.00","747.58","777.49","15.45","0.00","29.91","29.91","792.94","771.70","802.57","15.45","Compound","15217","G:15217","Global","0.00","0.00","24.12","25.08","0.00","0.00","0.96","0.96","25.08","1","Partially Paid","0.00","30.87","30.87","09/27/2013","818.02","0.00","0.00","0.00","0.00","4504","1","","Open","0.00","25.08","0","0.00","Unknown","0","09/27/2013","Payment","PAY","25.08","(25.08)"
"4377","1","0.00","0.00","0.00","0.00","887.16","922.65","22.79","0.00","35.49","35.49","945.44","887.16","922.65","22.79","Compound","15218","G:15218","Global","0.00","0.00","0.00","0.00","0.00","0.00","0.00","0.00","0.00","1","Unpaid","0.00","35.49","35.49","09/27/2013","945.44","0.00","0.00","0.00","0.00"
"4614","1","0.00","0.00","0.00","0.00","1001.81","1041.89","11.24","0.00","40.08","40.08","1053.13","1004.64","1044.83","11.24","Compound","15219","G:15219","Global","0.00","0.00","2.83","2.94","0.00","0.00","0.11","0.11","2.94","1","Partially Paid","0.00","40.19","40.19","09/27/2013","1056.07","0.00","0.00","0.00","0.00","4615","1","","Open","0.00","2.94","0","0.00","Unknown","0","09/27/2013","Payment","PAY","2.94","(2.94)"
"4472","1","0.00","0.00","0.00","0.00","0.00","0.00","10.59","0.00","0.00","0.00","10.59","0.00","0.00","10.59","Compound","15220","G:15220","Global","0.00","0.00","0.00","0.00","0.00","0.00","0.00","0.00","0.00","1","Unpaid","0.00","0.00","0.00","09/27/2013","10.59","0.00","0.00","0.00","0.00"
"4324","1","0.00","0.00","0.00","0.00","1176.22","1223.27","3.85","0.00","47.05","47.05","1227.12","1176.22","1223.27","3.85","Compound","15221","G:15221","Global","0.00","0.00","0.00","0.00","0.00","0.00","0.00","0.00","0.00","1","Unpaid","0.00","47.05","47.05","09/27/2013","1227.12","0.00","0.00","0.00","0.00"
"4412","1","0.00","0.00","0.00","0.00","123.64","128.59","3.36","0.00","4.95","4.95","131.95","123.64","128.59","3.36","Compound","15222","G:15222","Global","0.00","0.00","0.00","0.00","0.00","0.00","0.00","0.00","0.00","1","Unpaid","0.00","4.95","4.95","09/27/2013","131.95","0.00","0.00","0.00","0.00"
"4413","1","0.00","0.00","0.00","0.00","204.78","212.97","10.13","0.00","8.19","8.19","223.10","228.89","238.05","10.13","Compound","15223","G:15223","Global","0.00","0.00","24.11","25.08","0.00","0.00","0.97","0.97","25.08","1","Partially Paid","0.00","9.16","9.16","09/27/2013","248.18","0.00","0.00","0.00","0.00","4414","1","","Open","0.00","25.08","0","0.00","Unknown","0","09/27/2013","Payment","PAY","25.08","(25.08)"
"4473","1","0.00","0.00","0.00","0.00","323.36","336.29","12.88","0.00","12.93","12.93","349.17","323.36","336.29","12.88","Compound","15224","G:15224","Global","0.00","0.00","0.00","0.00","0.00","0.00","0.00","0.00","0.00","1","Unpaid","0.00","12.93","12.93","09/27/2013","349.17","0.00","0.00","0.00","0.00"
"4261","1","0.00","0.00","0.00","0.00","624.03","648.99","15.09","0.00","24.96","24.96","664.08","632.77","658.08","15.09","Compound","15225","G:15225","Global","0.00","0.00","8.74","9.09","0.00","0.00","0.35","0.35","9.09","1","Partially Paid","0.00","25.31","25.31","09/27/2013","673.17","0.00","0.00","0.00","0.00","4781","1","","Open","0.00","9.09","0","0.00","Unknown","0","09/28/2013","Credit","CRED","9.09","(9.09)"
"4579","1","0.00","0.00","0.00","0.00","0.00","0.00","26.67","0.00","0.00","0.00","26.67","0.00","0.00","26.67","Compound","15226","G:15226","Global","0.00","0.00","0.00","0.00","0.00","0.00","0.00","0.00","0.00","1","Unpaid","0.00","0.00","0.00","09/27/2013","26.67","0.00","0.00","0.00","0.00"
"4262","1","0.00","0.00","0.00","0.00","749.45","779.43","26.01","0.00","29.98","29.98","805.44","749.45","779.43","26.01","Compound","15227","G:15227","Global","0.00","0.00","0.00","0.00","0.00","0.00","0.00","0.00","0.00","1","Unpaid","0.00","29.98","29.98","09/27/2013","805.44","0.00","0.00","0.00","0.00"
"4600","1","0.00","0.00","0.00","0.00","804.90","837.10","26.24","0.00","32.20","32.20","863.34","829.02","862.18","26.24","Compound","15228","G:15228","Global","0.00","0.00","24.12","25.08","0.00","0.00","0.96","0.96","25.08","1","Partially Paid","0.00","33.16","33.16","09/27/2013","888.42","0.00","0.00","0.00","0.00","4601","1","","Open","0.00","25.08","0","0.00","Unknown","0","09/27/2013","Payment","PAY","25.08","(25.08)"
"4263","1","0.00","0.00","0.00","0.00","928.74","965.89","13.97","0.00","37.15","37.15","979.86","939.41","976.99","13.97","Compound","15229","G:15229","Global","0.00","0.00","10.67","11.10","0.00","0.00","0.43","0.43","11.10","1","Partially Paid","0.00","37.58","37.58","09/27/2013","990.96","0.00","0.00","0.00","0.00","4264","1","","Open","0.00","11.10","0","0.00","Unknown","0","09/27/2013","Payment","PAY","11.10","(11.10)"
"4358","1","0.00","0.00","0.00","0.00","0.00","0.00","10.26","0.00","0.00","0.00","10.26","0.00","0.00","10.26","Compound","15230","G:15230","Global","0.00","0.00","0.00","0.00","0.00","0.00","0.00","0.00","0.00","1","Unpaid","0.00","0.00","0.00","09/27/2013","10.26","0.00","0.00","0.00","0.00"
"4288","1","0.00","0.00","0.00","0.00","1155.06","1201.26","5.13","0.00","46.20","46.20","1206.39","1155.06","1201.26","5.13","Compound","15231","G:15231","Global","0.00","0.00","0.00","0.00","0.00","0.00","0.00","0.00","0.00","1","Unpaid","0.00","46.20","46.20","09/27/2013","1206.39","0.00","0.00","0.00","0.00"
"4581","1","0.00","0.00","0.00","0.00","124.97","129.97","4.56","0.00","5.00","5.00","134.53","124.97","129.97","4.56","Compound","15232","G:15232","Global","0.00","0.00","0.00","0.00","0.00","0.00","0.00","0.00","0.00","1","Unpaid","0.00","5.00","5.00","09/27/2013","134.53","0.00","0.00","0.00","0.00"
"4452","1","0.00","0.00","0.00","0.00","213.79","222.34","11.77","0.00","8.55","8.55","234.11","222.53","231.43","11.77","Compound","15233","G:15233","Global","0.00","0.00","8.74","9.09","0.00","0.00","0.35","0.35","9.09","1","Partially Paid","0.00","8.90","8.90","09/27/2013","243.20","0.00","0.00","0.00","0.00","4782","1","","Open","0.00","9.09","0","0.00","Unknown","0","09/28/2013","Credit","CRED","9.09","(9.09)"
"4415","1","0.00","0.00","0.00","0.00","302.79","314.91","12.96","0.00","12.12","12.12","327.87","326.91","339.99","12.96","Compound","15234","G:15234","Global","0.00","0.00","24.12","25.08","0.00","0.00","0.96","0.96","25.08","1","Partially Paid","0.00","13.08","13.08","09/27/2013","352.95","0.00","0.00","0.00","0.00","4416","1","","Open","0.00","25.08","0","0.00","Unknown","0","09/27/2013","Payment","PAY","25.08","(25.08)"
"4585","1","0.00","0.00","0.00","0.00","652.05","678.13","13.21","0.00","26.08","26.08","691.34","652.05","678.13","13.21","Compound","15235","G:15235","Global","0.00","0.00","0.00","0.00","0.00","0.00","0.00","0.00","0.00","1","Unpaid","0.00","26.08","26.08","09/27/2013","691.34","0.00","0.00","0.00","0.00"
"4616","1","0.00","0.00","0.00","0.00","433.36","450.69","15.46","0.00","17.33","17.33","466.15","433.36","450.69","15.46","Compound","15236","G:15236","Global","0.00","0.00","0.00","0.00","0.00","0.00","0.00","0.00","0.00","1","Unpaid","0.00","17.33","17.33","09/27/2013","466.15","0.00","0.00","0.00","0.00"
"4359","1","0.00","0.00","0.00","0.00","0.00","0.00","21.72","0.00","0.00","0.00","21.72","0.00","0.00","21.72","Compound","15237","G:15237","Global","0.00","0.00","0.00","0.00","0.00","0.00","0.00","0.00","0.00","1","Unpaid","0.00","0.00","0.00","09/27/2013","21.72","0.00","0.00","0.00","0.00"
"4505","1","0.00","0.00","0.00","0.00","0.00","0.00","26.50","0.00","0.00","0.00","26.50","0.00","0.00","26.50","Compound","15238","G:15238","Global","0.00","0.00","0.00","0.00","0.00","0.00","0.00","0.00","0.00","1","Unpaid","0.00","0.00","0.00","09/27/2013","26.50","0.00","0.00","0.00","0.00"
"4270","1","0.00","0.00","0.00","0.00","146.04","151.87","14.41","0.00","5.83","5.83","166.28","1295.68","1347.51","14.41","Compound","15239","G:15239","Global","0.00","0.00","1149.64","1195.64","0.00","0.00","46.00","46.00","1195.64","1","Partially Paid","0.00","51.83","51.83","09/27/2013","1361.92","0.00","0.00","0.00","0.00","2980","1","","Open","0.00","353.49","0","0.00","Discover","0","06/28/2013","Payment","PAY","421.06","(421.06)","3566","1","","Open","0.00","421.07","0","0.00","Japan Credit Bureau (JCB)","0","07/28/2013","Payment","PAY","421.07","(421.07)","4146","1","","Open","0.00","421.08","0","0.00","Debit Card","0","08/28/2013","Payment","PAY","421.08","(421.08)"
"4273","1","0.00","0.00","0.00","0.00","1425.63","1482.68","6.79","0.00","57.05","57.05","1489.47","2704.98","2813.18","6.79","Compound","15240","G:15240","Global","0.00","0.00","1279.35","1330.50","0.00","0.00","51.15","51.15","1330.50","1","Partially Paid","0.00","108.20","108.20","09/27/2013","2819.97","0.00","0.00","0.00","0.00","2981","1","","Open","0.00","422.06","0","0.00","Discover","0","06/28/2013","Payment","PAY","422.06","(422.06)","2993","1","","Open","0.00","13.06","0","0.00","Unknown","0","06/28/2013","Payment","PAY","13.06","(13.06)","3567","1","","Open","0.00","422.07","0","0.00","Japan Credit Bureau (JCB)","0","07/28/2013","Payment","PAY","422.07","(422.07)","3579","1","","Open","0.00","13.07","0","0.00","Unknown","0","07/28/2013","Payment","PAY","13.07","(13.07)","4147","1","","Open","0.00","422.08","0","0.00","Debit Card","0","08/28/2013","Payment","PAY","422.08","(422.08)","4158","1","","Open","0.00","13.08","0","0.00","Unknown","0","08/28/2013","Payment","PAY","13.08","(13.08)","4274","1","","Open","0.00","25.08","0","0.00","Unknown","0","09/27/2013","Payment","PAY","25.08","(25.08)"
"4271","1","0.00","0.00","0.00","0.00","0.00","0.00","11.82","0.00","0.00","0.00","11.82","0.00","0.00","11.82","Compound","15241","G:15241","Global","0.00","0.00","0.00","0.00","0.00","0.00","0.00","0.00","0.00","1","Unpaid","0.00","0.00","0.00","09/27/2013","11.82","0.00","0.00","0.00","0.00"
"4272","1","0.00","0.00","0.00","0.00","2623.71","2728.66","3.96","0.00","104.95","104.95","2732.62","2632.45","2737.75","3.96","Compound","15242","G:15242","Global","0.00","0.00","8.74","9.09","0.00","0.00","0.35","0.35","9.09","1","Partially Paid","0.00","105.30","105.30","09/27/2013","2741.71","0.00","0.00","0.00","0.00","4783","1","","Open","0.00","9.09","0","0.00","Unknown","0","09/28/2013","Credit","CRED","9.09","(9.09)"
"4268","1","0.00","0.00","0.00","0.00","49.26","51.23","3.17","0.00","1.97","1.97","54.40","49.26","51.23","3.17","Compound","15243","G:15243","Global","0.00","0.00","0.00","0.00","0.00","0.00","0.00","0.00","0.00","1","Unpaid","0.00","1.97","1.97","09/27/2013","54.40","0.00","0.00","0.00","0.00"
"4269","1","0.00","0.00","0.00","0.00","171.73","178.60","10.56","0.00","6.87","6.87","189.16","171.73","178.60","10.56","Compound","15244","G:15244","Global","0.00","0.00","0.00","0.00","0.00","0.00","0.00","0.00","0.00","1","Unpaid","0.00","6.87","6.87","09/27/2013","189.16","0.00","0.00","0.00","0.00"
"4275","1","0.00","0.00","0.00","0.00","1005.40","1045.62","23.78","0.00","40.22","40.22","1069.40","1011.42","1051.88","23.78","Compound","15245","G:15245","Global","0.00","0.00","6.02","6.26","0.00","0.00","0.24","0.24","6.26","1","Partially Paid","0.00","40.46","40.46","09/27/2013","1075.66","0.00","0.00","0.00","0.00","4276","1","","Open","0.00","6.26","0","0.00","Unknown","0","09/27/2013","Payment","PAY","6.26","(6.26)"
"4418","1","0.00","0.00","0.00","0.00","949.78","987.78","18.39","0.00","38.00","38.00","1006.17","973.90","1012.86","18.39","Compound","15246","G:15246","Global","0.00","0.00","24.12","25.08","0.00","0.00","0.96","0.96","25.08","1","Partially Paid","0.00","38.96","38.96","09/27/2013","1031.25","0.00","0.00","0.00","0.00","4419","1","","Open","0.00","25.08","0","0.00","Unknown","0","09/27/2013","Payment","PAY","25.08","(25.08)"
"4265","1","0.00","0.00","0.00","0.00","152.21","158.30","12.62","0.00","6.09","6.09","170.92","164.18","170.75","12.62","Compound","15247","G:15247","Global","0.00","0.00","11.97","12.45","0.00","0.00","0.48","0.48","12.45","1","Partially Paid","0.00","6.57","6.57","09/27/2013","183.37","0.00","0.00","0.00","0.00","4266","1","","Open","0.00","12.45","0","0.00","Unknown","0","09/27/2013","Payment","PAY","12.45","(12.45)"
"4474","1","0.00","0.00","0.00","0.00","0.00","0.00","32.02","0.00","0.00","0.00","32.02","0.00","0.00","32.02","Compound","15248","G:15248","Global","0.00","0.00","0.00","0.00","0.00","0.00","0.00","0.00","0.00","1","Unpaid","0.00","0.00","0.00","09/27/2013","32.02","0.00","0.00","0.00","0.00"
"4226","1","0.00","0.00","0.00","0.00","94.39","98.17","18.18","0.00","3.78","3.78","116.35","94.39","98.17","18.18","Compound","15249","G:15249","Global","0.00","0.00","0.00","0.00","0.00","0.00","0.00","0.00","0.00","1","Unpaid","0.00","3.78","3.78","09/27/2013","116.35","0.00","0.00","0.00","0.00"
"4365","1","0.00","0.00","0.00","0.00","927.58","964.68","23.53","0.00","37.10","37.10","988.21","927.58","964.68","23.53","Compound","15250","G:15250","Global","0.00","0.00","0.00","0.00","0.00","0.00","0.00","0.00","0.00","1","Unpaid","0.00","37.10","37.10","09/27/2013","988.21","0.00","0.00","0.00","0.00"
"4587","1","0.00","0.00","0.00","0.00","2798.46","2910.40","15.68","0.00","111.94","111.94","2926.08","2807.20","2919.49","15.68","Compound","15251","G:15251","Global","0.00","0.00","8.74","9.09","0.00","0.00","0.35","0.35","9.09","1","Partially Paid","0.00","112.29","112.29","09/27/2013","2935.17","0.00","0.00","0.00","0.00","4784","1","","Open","0.00","9.09","0","0.00","Unknown","0","09/28/2013","Credit","CRED","9.09","(9.09)"
"4646","1","0.00","0.00","0.00","0.00","0.00","0.00","6.40","0.00","0.00","0.00","6.40","0.00","0.00","31.48","Compound","15252","G:15252","Global","0.00","0.00","0.00","0.00","25.08","0.00","0.00","0.00","25.08","1","Partially Paid","0.00","0.00","0.00","09/27/2013","31.48","0.00","0.00","0.00","0.00","4647","1","","Open","0.00","0.00","0","25.08","Unknown","0","09/27/2013","Payment","PAY","25.08","(25.08)"
"4530","1","0.00","0.00","0.00","0.00","2880.08","2995.28","13.34","0.00","115.20","115.20","3008.62","2880.08","2995.28","13.34","Compound","15253","G:15253","Global","0.00","0.00","0.00","0.00","0.00","0.00","0.00","0.00","0.00","1","Unpaid","0.00","115.20","115.20","09/27/2013","3008.62","0.00","0.00","0.00","0.00"
"4551","1","0.00","0.00","0.00","0.00","327.79","340.90","9.77","0.00","13.11","13.11","350.67","327.79","340.90","9.77","Compound","15254","G:15254","Global","0.00","0.00","0.00","0.00","0.00","0.00","0.00","0.00","0.00","1","Unpaid","0.00","13.11","13.11","09/27/2013","350.67","0.00","0.00","0.00","0.00"
"4277","1","0.00","0.00","0.00","0.00","92.77","96.48","6.98","0.00","3.71","3.71","103.46","92.77","96.48","6.98","Compound","15255","G:15255","Global","0.00","0.00","0.00","0.00","0.00","0.00","0.00","0.00","0.00","1","Unpaid","0.00","3.71","3.71","09/27/2013","103.46","0.00","0.00","0.00","0.00"
"4576","1","0.00","0.00","0.00","0.00","944.58","982.36","29.61","0.00","37.78","37.78","1011.97","944.58","982.36","29.61","Compound","15256","G:15256","Global","0.00","0.00","0.00","0.00","0.00","0.00","0.00","0.00","0.00","1","Unpaid","0.00","37.78","37.78","09/27/2013","1011.97","0.00","0.00","0.00","0.00"
"4278","1","0.00","0.00","0.00","0.00","267.78","278.49","7.22","0.00","10.71","10.71","285.71","267.78","278.49","7.22","Compound","15257","G:15257","Global","0.00","0.00","0.00","0.00","0.00","0.00","0.00","0.00","0.00","1","Unpaid","0.00","10.71","10.71","09/27/2013","285.71","0.00","0.00","0.00","0.00"
"4279","1","0.00","0.00","0.00","0.00","161.53","167.99","14.69","0.00","6.46","6.46","182.68","185.64","193.07","14.69","Compound","15258","G:15258","Global","0.00","0.00","24.11","25.08","0.00","0.00","0.97","0.97","25.08","1","Partially Paid","0.00","7.43","7.43","09/27/2013","207.76","0.00","0.00","0.00","0.00","4280","1","","Open","0.00","25.08","0","0.00","Unknown","0","09/27/2013","Payment","PAY","25.08","(25.08)"
"4325","1","0.00","0.00","0.00","0.00","0.00","0.00","23.81","0.00","0.00","0.00","23.81","0.00","0.00","23.81","Compound","15259","G:15259","Global","0.00","0.00","0.00","0.00","0.00","0.00","0.00","0.00","0.00","1","Unpaid","0.00","0.00","0.00","09/27/2013","23.81","0.00","0.00","0.00","0.00"
"4475","1","0.00","0.00","0.00","0.00","761.80","792.27","368.09","0.00","30.47","30.47","1160.36","770.54","801.36","368.09","Compound","15260","G:15260","Global","0.00","0.00","8.74","9.09","0.00","0.00","0.35","0.35","9.09","1","Partially Paid","0.00","30.82","30.82","09/27/2013","1169.45","0.00","0.00","0.00","0.00","4785","1","","Open","0.00","9.09","0","0.00","Unknown","0","09/28/2013","Credit","CRED","9.09","(9.09)"
"4378","1","0.00","0.00","0.00","0.00","885.85","921.28","24.52","0.00","35.43","35.43","945.80","885.85","921.28","24.52","Compound","15261","G:15261","Global","0.00","0.00","0.00","0.00","0.00","0.00","0.00","0.00","0.00","1","Unpaid","0.00","35.43","35.43","09/27/2013","945.80","0.00","0.00","0.00","0.00"
"4476","1","0.00","0.00","0.00","0.00","1003.17","1043.30","12.07","0.00","40.13","40.13","1055.37","1003.17","1043.30","12.07","Compound","15262","G:15262","Global","0.00","0.00","0.00","0.00","0.00","0.00","0.00","0.00","0.00","1","Unpaid","0.00","40.13","40.13","09/27/2013","1055.37","0.00","0.00","0.00","0.00"
"4326","1","0.00","0.00","0.00","0.00","0.00","0.00","12.46","0.00","0.00","0.00","12.46","0.00","0.00","12.46","Compound","15263","G:15263","Global","0.00","0.00","0.00","0.00","0.00","0.00","0.00","0.00","0.00","1","Unpaid","0.00","0.00","0.00","09/27/2013","12.46","0.00","0.00","0.00","0.00"
"4542","1","0.00","0.00","0.00","0.00","1219.75","1268.54","6.38","0.00","48.79","48.79","1274.92","1243.87","1293.62","6.38","Compound","15264","G:15264","Global","0.00","0.00","24.12","25.08","0.00","0.00","0.96","0.96","25.08","1","Partially Paid","0.00","49.75","49.75","09/27/2013","1300.00","0.00","0.00","0.00","0.00","4543","1","","Open","0.00","25.08","0","0.00","Unknown","0","09/27/2013","Payment","PAY","25.08","(25.08)"
"4453","1","0.00","0.00","0.00","0.00","121.28","126.13","4.36","0.00","4.85","4.85","130.49","121.28","126.13","4.36","Compound","15265","G:15265","Global","0.00","0.00","0.00","0.00","0.00","0.00","0.00","0.00","0.00","1","Unpaid","0.00","4.85","4.85","09/27/2013","130.49","0.00","0.00","0.00","0.00"
"4421","1","0.00","0.00","0.00","0.00","224.58","233.56","6.42","0.00","8.98","8.98","239.98","224.58","233.56","6.42","Compound","15266","G:15266","Global","0.00","0.00","0.00","0.00","0.00","0.00","0.00","0.00","0.00","1","Unpaid","0.00","8.98","8.98","09/27/2013","239.98","0.00","0.00","0.00","0.00"
"4281","1","0.00","0.00","0.00","0.00","329.89","343.09","9.37","0.00","13.20","13.20","352.46","329.89","343.09","9.37","Compound","15267","G:15267","Global","0.00","0.00","0.00","0.00","0.00","0.00","0.00","0.00","0.00","1","Unpaid","0.00","13.20","13.20","09/27/2013","352.46","0.00","0.00","0.00","0.00"
"4531","1","0.00","0.00","0.00","0.00","657.82","684.13","10.81","0.00","26.31","26.31","694.94","657.82","684.13","10.81","Compound","15268","G:15268","Global","0.00","0.00","0.00","0.00","0.00","0.00","0.00","0.00","0.00","1","Unpaid","0.00","26.31","26.31","09/27/2013","694.94","0.00","0.00","0.00","0.00"
"4613","1","0.00","0.00","0.00","0.00","428.52","445.66","17.32","0.00","17.14","17.14","462.98","437.26","454.75","17.32","Compound","15269","G:15269","Global","0.00","0.00","8.74","9.09","0.00","0.00","0.35","0.35","9.09","1","Partially Paid","0.00","17.49","17.49","09/27/2013","472.07","0.00","0.00","0.00","0.00","4786","1","","Open","0.00","9.09","0","0.00","Unknown","0","09/28/2013","Credit","CRED","9.09","(9.09)"
"5151","1","0.00","0.00","0.00","0.00","0.00","0.00","0.00","0.00","0.00","0.00","0.00","0.00","0.00","28.19","Compound","15270","G:15270","Global","0.00","0.00","0.00","0.00","28.19","0.00","0.00","0.00","28.19","1","Paid in Full","0.00","0.00","0.00","10/27/2013","28.19","0.00","0.00","0.00","0.00","4743","1","","Open","0.00","0.00","0","4.67","Unknown","0","09/28/2013","Credit","CRED","9.09","(9.09)","5152","1","","Open","0.00","0.00","0","23.52","Unknown","0","10/27/2013","Payment","PAY","23.52","(23.52)"
"5008","1","0.00","0.00","0.00","0.00","0.00","0.00","0.00","0.00","0.00","0.00","0.00","0.00","0.00","34.70","Compound","15271","G:15271","Global","0.00","0.00","0.00","0.00","34.70","0.00","0.00","0.00","34.70","1","Paid in Full","0.00","0.00","0.00","10/27/2013","34.70","0.00","0.00","0.00","0.00","5009","1","","Open","0.00","0.00","0","25.09","Unknown","0","10/27/2013","Payment","PAY","25.09","(25.09)","5321","1","","Open","0.00","0.00","0","9.61","Unknown","0","10/28/2013","Credit","CRED","10.10","(10.10)"
"5215","1","0.00","0.00","0.00","0.00","0.00","0.00","0.00","0.00","0.00","0.00","0.00","0.00","0.00","25.14","Compound","15272","G:15272","Global","0.00","0.00","0.00","0.00","25.14","0.00","0.00","0.00","25.14","1","Paid in Full","0.00","0.00","0.00","10/27/2013","25.14","0.00","0.00","0.00","0.00","5216","1","","Open","0.00","0.00","0","25.09","Unknown","0","10/27/2013","Payment","PAY","25.09","(25.09)","5322","1","","Open","0.00","0.00","0","0.05","Unknown","0","10/28/2013","Credit","CRED","10.10","(10.10)"
"4863","1","163.97","170.94","152.62","159.11","0.00","0.00","0.00","6.49","0.00","6.49","159.11","0.00","0.00","23.36","Compound","15273","G:15273","Global","11.35","11.83","0.00","0.00","23.36","0.48","0.00","0.48","35.19","1","Partially Paid","6.97","0.00","6.97","10/27/2013","194.30","50.12","0.00","0.00","0.00","4864","1","","Open","1.73","0.00","0","23.36","Unknown","0","10/27/2013","Payment","PAY","25.09","(25.09)","5323","1","","Open","10.10","0.00","0","0.00","Unknown","0","10/28/2013","Credit","CRED","10.10","(10.10)"
"4789","1","0.00","0.00","0.00","0.00","0.00","0.00","0.00","0.00","0.00","0.00","0.00","0.00","0.00","22.80","Compound","15274","G:15274","Global","0.00","0.00","0.00","0.00","22.80","0.00","0.00","0.00","22.80","1","Paid in Full","0.00","0.00","0.00","10/27/2013","22.80","0.00","0.00","0.00","0.00","4790","1","","Open","0.00","0.00","0","22.80","Unknown","0","10/27/2013","Payment","PAY","22.80","(22.80)"
"4871","1","369.60","385.31","369.60","385.31","0.00","0.00","22.59","15.71","0.00","15.71","407.90","0.00","0.00","22.59","Compound","15275","G:15275","Global","0.00","0.00","0.00","0.00","0.00","0.00","0.00","0.00","0.00","1","Unpaid","15.71","0.00","15.71","10/27/2013","407.90","50.12","0.00","0.00","0.00"
"5066","1","1640.18","1709.89","1640.18","1709.89","287.89","299.41","60.14","69.71","11.52","81.23","2069.44","287.89","299.41","60.14","Compound","15276","G:15276","Global","0.00","0.00","0.00","0.00","0.00","0.00","0.00","0.00","0.00","1","Unpaid","69.71","11.52","81.23","10/27/2013","2069.44","0.00","89.43","51.23","0.00"
"4793","1","0.00","0.00","0.00","0.00","332.91","346.23","16.18","0.00","13.32","13.32","362.41","332.91","346.23","26.28","Compound","15277","G:15277","Global","0.00","0.00","0.00","0.00","10.10","0.00","0.00","0.00","10.10","1","Partially Paid","0.00","13.32","13.32","10/27/2013","372.51","0.00","88.68","0.00","0.00","5325","1","","Open","0.00","0.00","0","10.10","Unknown","0","10/28/2013","Credit","CRED","10.10","(10.10)"
"5037","1","0.00","0.00","0.00","0.00","1381.43","1436.69","42.95","0.00","55.26","55.26","1479.64","1381.43","1436.69","68.04","Compound","15278","G:15278","Global","0.00","0.00","0.00","0.00","25.09","0.00","0.00","0.00","25.09","1","Partially Paid","0.00","55.26","55.26","10/27/2013","1504.73","0.00","66.84","0.00","0.00","5038","1","","Open","0.00","0.00","0","25.09","Unknown","0","10/27/2013","Payment","PAY","25.09","(25.09)"
"5177","1","0.00","0.00","0.00","0.00","0.00","0.00","23.55","0.00","0.00","0.00","23.55","0.00","0.00","23.55","Compound","15279","G:15279","Global","0.00","0.00","0.00","0.00","0.00","0.00","0.00","0.00","0.00","1","Unpaid","0.00","0.00","0.00","10/27/2013","23.55","0.00","0.00","0.00","0.00"
"5167","1","0.00","0.00","0.00","0.00","0.00","0.00","28.26","0.00","0.00","0.00","28.26","0.00","0.00","28.26","Compound","15280","G:15280","Global","0.00","0.00","0.00","0.00","0.00","0.00","0.00","0.00","0.00","1","Unpaid","0.00","0.00","0.00","10/27/2013","28.26","0.00","0.00","0.00","0.00"
"4946","1","0.00","0.00","0.00","0.00","0.00","0.00","29.94","0.00","0.00","0.00","29.94","0.00","0.00","29.94","Compound","15281","G:15281","Global","0.00","0.00","0.00","0.00","0.00","0.00","0.00","0.00","0.00","1","Unpaid","0.00","0.00","0.00","10/27/2013","29.94","0.00","0.00","0.00","0.00"
"4947","1","0.00","0.00","0.00","0.00","0.00","0.00","35.44","0.00","0.00","0.00","35.44","0.00","0.00","35.44","Compound","15282","G:15282","Global","0.00","0.00","0.00","0.00","0.00","0.00","0.00","0.00","0.00","1","Unpaid","0.00","0.00","0.00","10/27/2013","35.44","0.00","0.00","0.00","0.00"
"4912","1","0.00","0.00","0.00","0.00","0.00","0.00","24.86","0.00","0.00","0.00","24.86","0.00","0.00","24.86","Compound","15283","G:15283","Global","0.00","0.00","0.00","0.00","0.00","0.00","0.00","0.00","0.00","1","Unpaid","0.00","0.00","0.00","10/27/2013","24.86","0.00","0.00","0.00","0.00"
"5010","1","0.00","0.00","0.00","0.00","0.00","0.00","0.00","0.00","0.00","0.00","0.00","0.00","0.00","20.24","Compound","15284","G:15284","Global","0.00","0.00","0.00","0.00","20.24","0.00","0.00","0.00","20.24","1","Paid in Full","0.00","0.00","0.00","10/27/2013","20.24","0.00","0.00","0.00","0.00","5011","1","","Open","0.00","0.00","0","20.24","Unknown","0","10/27/2013","Payment","PAY","20.24","(20.24)"
"4913","1","0.00","0.00","0.00","0.00","0.00","0.00","20.55","0.00","0.00","0.00","20.55","0.00","0.00","20.55","Compound","15285","G:15285","Global","0.00","0.00","0.00","0.00","0.00","0.00","0.00","0.00","0.00","1","Unpaid","0.00","0.00","0.00","10/27/2013","20.55","0.00","0.00","0.00","0.00"
"5203","1","0.00","0.00","0.00","0.00","0.00","0.00","6.55","0.00","0.00","0.00","6.55","0.00","0.00","16.65","Compound","15286","G:15286","Global","0.00","0.00","0.00","0.00","10.10","0.00","0.00","0.00","10.10","1","Partially Paid","0.00","0.00","0.00","10/27/2013","16.65","0.00","0.00","0.00","0.00","5326","1","","Open","0.00","0.00","0","10.10","Unknown","0","10/28/2013","Credit","CRED","10.10","(10.10)"
"4964","1","0.00","0.00","0.00","0.00","0.00","0.00","14.28","0.00","0.00","0.00","14.28","0.00","0.00","14.28","Compound","15287","G:15287","Global","0.00","0.00","0.00","0.00","0.00","0.00","0.00","0.00","0.00","1","Unpaid","0.00","0.00","0.00","10/27/2013","14.28","0.00","0.00","0.00","0.00"
"5137","1","0.00","0.00","0.00","0.00","0.00","0.00","14.85","0.00","0.00","0.00","14.85","0.00","0.00","14.85","Compound","15288","G:15288","Global","0.00","0.00","0.00","0.00","0.00","0.00","0.00","0.00","0.00","1","Unpaid","0.00","0.00","0.00","10/27/2013","14.85","0.00","0.00","0.00","0.00"
"4948","1","0.00","0.00","0.00","0.00","0.00","0.00","15.83","0.00","0.00","0.00","15.83","0.00","0.00","15.83","Compound","15289","G:15289","Global","0.00","0.00","0.00","0.00","0.00","0.00","0.00","0.00","0.00","1","Unpaid","0.00","0.00","0.00","10/27/2013","15.83","0.00","0.00","0.00","0.00"
"5186","1","0.00","0.00","0.00","0.00","0.00","0.00","10.62","0.00","0.00","0.00","10.62","0.00","0.00","35.71","Compound","15290","G:15290","Global","0.00","0.00","0.00","0.00","25.09","0.00","0.00","0.00","25.09","1","Partially Paid","0.00","0.00","0.00","10/27/2013","35.71","0.00","0.00","0.00","0.00","5187","1","","Open","0.00","0.00","0","25.09","Unknown","0","10/27/2013","Payment","PAY","25.09","(25.09)"
"4794","1","0.00","0.00","0.00","0.00","0.00","0.00","12.56","0.00","0.00","0.00","12.56","0.00","0.00","12.56","Compound","15291","G:15291","Global","0.00","0.00","0.00","0.00","0.00","0.00","0.00","0.00","0.00","1","Unpaid","0.00","0.00","0.00","10/27/2013","12.56","0.00","0.00","0.00","0.00"
"4865","1","0.00","0.00","0.00","0.00","0.00","0.00","13.51","0.00","0.00","0.00","13.51","0.00","0.00","13.51","Compound","15292","G:15292","Global","0.00","0.00","0.00","0.00","0.00","0.00","0.00","0.00","0.00","1","Unpaid","0.00","0.00","0.00","10/27/2013","13.51","0.00","0.00","0.00","0.00"
"5012","1","0.00","0.00","0.00","0.00","0.00","0.00","40.20","0.00","0.00","0.00","40.20","0.00","0.00","40.20","Compound","15293","G:15293","Global","0.00","0.00","0.00","0.00","0.00","0.00","0.00","0.00","0.00","1","Unpaid","0.00","0.00","0.00","10/27/2013","40.20","0.00","0.00","0.00","0.00"
"4795","1","0.00","0.00","0.00","0.00","0.00","0.00","18.99","0.00","0.00","0.00","18.99","0.00","0.00","18.99","Compound","15294","G:15294","Global","0.00","0.00","0.00","0.00","0.00","0.00","0.00","0.00","0.00","1","Unpaid","0.00","0.00","0.00","10/27/2013","18.99","0.00","0.00","0.00","0.00"
"5088","1","0.00","0.00","0.00","0.00","0.00","0.00","48.51","0.00","0.00","0.00","48.51","0.00","0.00","58.61","Compound","15295","G:15295","Global","0.00","0.00","0.00","0.00","10.10","0.00","0.00","0.00","10.10","1","Partially Paid","0.00","0.00","0.00","10/27/2013","58.61","0.00","0.00","0.00","0.00","5327","1","","Open","0.00","0.00","0","10.10","Unknown","0","10/28/2013","Credit","CRED","10.10","(10.10)"
"5168","1","0.00","0.00","0.00","0.00","0.00","0.00","15.28","0.00","0.00","0.00","15.28","0.00","0.00","40.37","Compound","15296","G:15296","Global","0.00","0.00","0.00","0.00","25.09","0.00","0.00","0.00","25.09","1","Partially Paid","0.00","0.00","0.00","10/27/2013","40.37","0.00","0.00","0.00","0.00","5169","1","","Open","0.00","0.00","0","25.09","Unknown","0","10/27/2013","Payment","PAY","25.09","(25.09)"
"5224","1","0.00","0.00","0.00","0.00","0.00","0.00","24.79","0.00","0.00","0.00","24.79","0.00","0.00","24.79","Compound","15297","G:15297","Global","0.00","0.00","0.00","0.00","0.00","0.00","0.00","0.00","0.00","1","Unpaid","0.00","0.00","0.00","10/27/2013","24.79","0.00","0.00","0.00","0.00"
"4965","1","0.00","0.00","0.00","0.00","0.00","0.00","15.44","0.00","0.00","0.00","15.44","0.00","0.00","15.44","Compound","15298","G:15298","Global","0.00","0.00","0.00","0.00","0.00","0.00","0.00","0.00","0.00","1","Unpaid","0.00","0.00","0.00","10/27/2013","15.44","0.00","0.00","0.00","0.00"
"4915","1","0.00","0.00","0.00","0.00","0.00","0.00","15.42","0.00","0.00","0.00","15.42","0.00","0.00","15.42","Compound","15299","G:15299","Global","0.00","0.00","0.00","0.00","0.00","0.00","0.00","0.00","0.00","1","Unpaid","0.00","0.00","0.00","10/27/2013","15.42","0.00","0.00","0.00","0.00"
"4791","1","0.00","0.00","0.00","0.00","0.00","0.00","19.63","0.00","0.00","0.00","19.63","0.00","0.00","19.63","Compound","15300","G:15300","Global","0.00","0.00","0.00","0.00","0.00","0.00","0.00","0.00","0.00","1","Unpaid","0.00","0.00","0.00","10/27/2013","19.63","0.00","0.00","0.00","0.00"
"5039","1","0.00","0.00","0.00","0.00","0.00","0.00","28.33","0.00","0.00","0.00","28.33","0.00","0.00","28.33","Compound","15301","G:15301","Global","0.00","0.00","0.00","0.00","0.00","0.00","0.00","0.00","0.00","1","Unpaid","0.00","0.00","0.00","10/27/2013","28.33","0.00","0.00","0.00","0.00"
"4966","1","0.00","0.00","0.00","0.00","0.00","0.00","3.10","0.00","0.00","0.00","3.10","0.00","0.00","30.29","Compound","15302","G:15302","Global","0.00","0.00","0.00","0.00","27.19","0.00","0.00","0.00","27.19","1","Partially Paid","0.00","0.00","0.00","10/27/2013","30.29","0.00","0.00","0.00","0.00","4967","1","","Open","0.00","0.00","0","25.09","Unknown","0","10/27/2013","Payment","PAY","25.09","(25.09)","5227","1","","Open","0.00","0.00","0","2.10","Unknown","0","10/28/2013","Write Off","WOFF","2.10","(2.10)"
"4796","1","0.00","0.00","0.00","0.00","0.00","0.00","11.66","0.00","0.00","0.00","11.66","0.00","0.00","18.07","Compound","15303","G:15303","Global","0.00","0.00","0.00","0.00","6.41","0.00","0.00","0.00","6.41","1","Partially Paid","0.00","0.00","0.00","10/27/2013","18.07","0.00","0.00","0.00","0.00","4797","1","","Open","0.00","0.00","0","6.41","Unknown","0","10/27/2013","Payment","PAY","6.41","(6.41)"
"5013","1","0.00","0.00","0.00","0.00","0.00","0.00","31.47","0.00","0.00","0.00","31.47","0.00","0.00","41.57","Compound","15304","G:15304","Global","0.00","0.00","0.00","0.00","10.10","0.00","0.00","0.00","10.10","1","Partially Paid","0.00","0.00","0.00","10/27/2013","41.57","0.00","0.00","0.00","0.00","5328","1","","Open","0.00","0.00","0","10.10","Unknown","0","10/28/2013","Credit","CRED","10.10","(10.10)"
"5115","1","0.00","0.00","0.00","0.00","0.00","0.00","34.52","0.00","0.00","0.00","34.52","0.00","0.00","34.52","Compound","15305","G:15305","Global","0.00","0.00","0.00","0.00","0.00","0.00","0.00","0.00","0.00","1","Unpaid","0.00","0.00","0.00","10/27/2013","34.52","0.00","0.00","0.00","0.00"
"5174","1","0.00","0.00","0.00","0.00","0.00","0.00","37.78","0.00","0.00","0.00","37.78","0.00","0.00","37.78","Compound","15306","G:15306","Global","0.00","0.00","0.00","0.00","0.00","0.00","0.00","0.00","0.00","1","Unpaid","0.00","0.00","0.00","10/27/2013","37.78","0.00","0.00","0.00","0.00"
"5007","1","0.00","0.00","0.00","0.00","0.00","0.00","26.60","0.00","0.00","0.00","26.60","0.00","0.00","26.60","Compound","15307","G:15307","Global","0.00","0.00","0.00","0.00","0.00","0.00","0.00","0.00","0.00","1","Unpaid","0.00","0.00","0.00","10/27/2013","26.60","0.00","0.00","0.00","0.00"
"5067","1","0.00","0.00","0.00","0.00","0.00","0.00","0.00","0.00","0.00","0.00","0.00","0.00","0.00","20.29","Compound","15308","G:15308","Global","0.00","0.00","0.00","0.00","20.29","0.00","0.00","0.00","20.29","1","Paid in Full","0.00","0.00","0.00","10/27/2013","20.29","0.00","0.00","0.00","0.00","5068","1","","Open","0.00","0.00","0","20.29","Unknown","0","10/27/2013","Payment","PAY","20.29","(20.29)"
"4968","1","0.00","0.00","0.00","0.00","0.00","0.00","15.94","0.00","0.00","0.00","15.94","0.00","0.00","15.94","Compound","15309","G:15309","Global","0.00","0.00","0.00","0.00","0.00","0.00","0.00","0.00","0.00","1","Unpaid","0.00","0.00","0.00","10/27/2013","15.94","0.00","0.00","0.00","0.00"
"5131","1","0.00","0.00","0.00","0.00","0.00","0.00","16.89","0.00","0.00","0.00","16.89","0.00","0.00","16.89","Compound","15310","G:15310","Global","0.00","0.00","0.00","0.00","0.00","0.00","0.00","0.00","0.00","1","Unpaid","0.00","0.00","0.00","10/27/2013","16.89","0.00","0.00","0.00","0.00"
"5188","1","0.00","0.00","0.00","0.00","0.00","0.00","18.51","0.00","0.00","0.00","18.51","0.00","0.00","18.51","Compound","15311","G:15311","Global","0.00","0.00","0.00","0.00","0.00","0.00","0.00","0.00","0.00","1","Unpaid","0.00","0.00","0.00","10/27/2013","18.51","0.00","0.00","0.00","0.00"
"5138","1","0.00","0.00","0.00","0.00","0.00","0.00","23.27","0.00","0.00","0.00","23.27","0.00","0.00","23.27","Compound","15312","G:15312","Global","0.00","0.00","0.00","0.00","0.00","0.00","0.00","0.00","0.00","1","Unpaid","0.00","0.00","0.00","10/27/2013","23.27","0.00","0.00","0.00","0.00"
"4798","1","0.00","0.00","0.00","0.00","0.00","0.00","13.89","0.00","0.00","0.00","13.89","0.00","0.00","23.99","Compound","15313","G:15313","Global","0.00","0.00","0.00","0.00","10.10","0.00","0.00","0.00","10.10","1","Partially Paid","0.00","0.00","0.00","10/27/2013","23.99","0.00","0.00","0.00","0.00","5329","1","","Open","0.00","0.00","0","10.10","Unknown","0","10/28/2013","Credit","CRED","10.10","(10.10)"
"5135","1","0.00","0.00","0.00","0.00","0.00","0.00","2.48","0.00","0.00","0.00","2.48","0.00","0.00","27.57","Compound","15314","G:15314","Global","0.00","0.00","0.00","0.00","25.09","0.00","0.00","0.00","25.09","1","Partially Paid","0.00","0.00","0.00","10/27/2013","27.57","0.00","0.00","0.00","0.00","5136","1","","Open","0.00","0.00","0","25.09","Unknown","0","10/27/2013","Payment","PAY","25.09","(25.09)"
"4969","1","0.00","0.00","0.00","0.00","0.00","0.00","31.02","0.00","0.00","0.00","31.02","0.00","0.00","31.02","Compound","15315","G:15315","Global","0.00","0.00","0.00","0.00","0.00","0.00","0.00","0.00","0.00","1","Unpaid","0.00","0.00","0.00","10/27/2013","31.02","0.00","0.00","0.00","0.00"
"5162","1","0.00","0.00","0.00","0.00","0.00","0.00","13.93","0.00","0.00","0.00","13.93","0.00","0.00","13.93","Compound","15316","G:15316","Global","0.00","0.00","0.00","0.00","0.00","0.00","0.00","0.00","0.00","1","Unpaid","0.00","0.00","0.00","10/27/2013","13.93","0.00","0.00","0.00","0.00"
"4917","1","0.00","0.00","0.00","0.00","0.00","0.00","17.96","0.00","0.00","0.00","17.96","0.00","0.00","17.96","Compound","15317","G:15317","Global","0.00","0.00","0.00","0.00","0.00","0.00","0.00","0.00","0.00","1","Unpaid","0.00","0.00","0.00","10/27/2013","17.96","0.00","0.00","0.00","0.00"
"5036","1","0.00","0.00","0.00","0.00","0.00","0.00","17.95","0.00","0.00","0.00","17.95","0.00","0.00","17.95","Compound","15318","G:15318","Global","0.00","0.00","0.00","0.00","0.00","0.00","0.00","0.00","0.00","1","Unpaid","0.00","0.00","0.00","10/27/2013","17.95","0.00","0.00","0.00","0.00"
"5116","1","0.00","0.00","0.00","0.00","0.00","0.00","17.09","0.00","0.00","0.00","17.09","0.00","0.00","17.09","Compound","15319","G:15319","Global","0.00","0.00","0.00","0.00","0.00","0.00","0.00","0.00","0.00","1","Unpaid","0.00","0.00","0.00","10/27/2013","17.09","0.00","0.00","0.00","0.00"
"5089","1","0.00","0.00","0.00","0.00","0.00","0.00","0.00","0.00","0.00","0.00","0.00","0.00","0.00","14.11","Compound","15320","G:15320","Global","0.00","0.00","0.00","0.00","14.11","0.00","0.00","0.00","14.11","1","Paid in Full","0.00","0.00","0.00","10/27/2013","14.11","0.00","0.00","0.00","0.00","5090","1","","Open","0.00","0.00","0","14.11","Unknown","0","10/27/2013","Payment","PAY","14.11","(14.11)"
"5014","1","0.00","0.00","0.00","0.00","0.00","0.00","16.82","0.00","0.00","0.00","16.82","0.00","0.00","16.82","Compound","15321","G:15321","Global","0.00","0.00","0.00","0.00","0.00","0.00","0.00","0.00","0.00","1","Unpaid","0.00","0.00","0.00","10/27/2013","16.82","0.00","0.00","0.00","0.00"
"5139","1","0.00","0.00","0.00","0.00","0.00","0.00","5.01","0.00","0.00","0.00","5.01","0.00","0.00","18.21","Compound","15322","G:15322","Global","0.00","0.00","0.00","0.00","13.20","0.00","0.00","0.00","13.20","1","Partially Paid","0.00","0.00","0.00","10/27/2013","18.21","0.00","0.00","0.00","0.00","5228","1","","Open","0.00","0.00","0","3.10","Unknown","0","10/28/2013","Write Off","WOFF","3.10","(3.10)","5330","1","","Open","0.00","0.00","0","10.10","Unknown","0","10/28/2013","Credit","CRED","10.10","(10.10)"
"4918","1","0.00","0.00","0.00","0.00","0.00","0.00","23.16","0.00","0.00","0.00","23.16","0.00","0.00","23.16","Compound","15323","G:15323","Global","0.00","0.00","0.00","0.00","0.00","0.00","0.00","0.00","0.00","1","Unpaid","0.00","0.00","0.00","10/27/2013","23.16","0.00","0.00","0.00","0.00"
"4970","1","1103.18","1150.07","1103.18","1150.07","0.00","0.00","24.53","46.89","0.00","46.89","1174.60","0.00","0.00","24.53","Compound","15324","G:15324","Global","0.00","0.00","0.00","0.00","0.00","0.00","0.00","0.00","0.00","1","Unpaid","46.89","0.00","46.89","10/27/2013","1174.60","0.00","0.00","0.00","0.00"
"5189","1","0.00","0.00","0.00","0.00","0.00","0.00","30.21","0.00","0.00","0.00","30.21","0.00","0.00","30.21","Compound","15325","G:15325","Global","0.00","0.00","0.00","0.00","0.00","0.00","0.00","0.00","0.00","1","Unpaid","0.00","0.00","0.00","10/27/2013","30.21","0.00","0.00","0.00","0.00"
"5040","1","1548.67","1614.49","1548.67","1614.49","0.00","0.00","3.64","65.82","0.00","65.82","1618.13","0.00","0.00","28.73","Compound","15326","G:15326","Global","0.00","0.00","0.00","0.00","25.09","0.00","0.00","0.00","25.09","1","Partially Paid","65.82","0.00","65.82","10/27/2013","1643.22","0.00","0.00","0.00","0.00","5041","1","","Open","0.00","0.00","0","25.09","Unknown","0","10/27/2013","Payment","PAY","25.09","(25.09)"
"5122","1","1774.57","1849.99","1774.57","1849.99","0.00","0.00","9.52","75.42","0.00","75.42","1859.51","0.00","0.00","17.02","Compound","15327","G:15327","Global","0.00","0.00","0.00","0.00","7.50","0.00","0.00","0.00","7.50","1","Partially Paid","75.42","0.00","75.42","10/27/2013","1867.01","0.00","0.00","0.00","0.00","5123","1","","Open","0.00","0.00","0","7.50","Unknown","0","10/27/2013","Payment","PAY","7.50","(7.50)"
"4867","1","2002.57","2087.68","2002.57","2087.68","0.00","0.00","9.21","85.11","0.00","85.11","2096.89","0.00","0.00","11.18","Compound","15328","G:15328","Global","0.00","0.00","0.00","0.00","1.97","0.00","0.00","0.00","1.97","1","Partially Paid","85.11","0.00","85.11","10/27/2013","2098.86","0.00","0.00","0.00","0.00","4868","1","","Open","0.00","0.00","0","1.97","Unknown","0","10/27/2013","Payment","PAY","1.97","(1.97)"
"4799","1","2232.67","2327.56","2232.67","2327.56","0.00","0.00","11.88","94.89","0.00","94.89","2339.44","0.00","0.00","11.88","Compound","15329","G:15329","Global","0.00","0.00","0.00","0.00","0.00","0.00","0.00","0.00","0.00","1","Unpaid","94.89","0.00","94.89","10/27/2013","2339.44","0.00","0.00","0.00","0.00"
"4800","1","2464.88","2569.64","2464.88","2569.64","0.00","0.00","67.83","104.76","0.00","104.76","2637.47","0.00","0.00","67.83","Compound","15330","G:15330","Global","0.00","0.00","0.00","0.00","0.00","0.00","0.00","0.00","0.00","1","Unpaid","104.76","0.00","104.76","10/27/2013","2637.47","0.00","0.00","0.00","0.00"
"4801","1","237.44","247.53","237.44","247.53","0.00","0.00","3.11","10.09","0.00","10.09","250.64","0.00","0.00","13.21","Compound","15331","G:15331","Global","0.00","0.00","0.00","0.00","10.10","0.00","0.00","0.00","10.10","1","Partially Paid","10.09","0.00","10.09","10/27/2013","260.74","0.00","0.00","0.00","0.00","5331","1","","Open","0.00","0.00","0","10.10","Unknown","0","10/28/2013","Credit","CRED","10.10","(10.10)"
"5175","1","450.71","469.87","440.85","459.59","0.00","0.00","0.00","18.74","0.00","18.74","459.59","0.00","0.00","14.81","Compound","15332","G:15332","Global","9.86","10.28","0.00","0.00","14.81","0.42","0.00","0.42","25.09","1","Partially Paid","19.16","0.00","19.16","10/27/2013","484.68","0.00","0.00","0.00","0.00","5176","1","","Open","10.28","0.00","0","14.81","Unknown","0","10/27/2013","Payment","PAY","25.09","(25.09)"
"4891","1","0.00","0.00","0.00","0.00","0.00","0.00","11.44","0.00","0.00","0.00","11.44","0.00","0.00","17.96","Compound","15333","G:15333","Global","0.00","0.00","0.00","0.00","6.52","0.00","0.00","0.00","6.52","1","Partially Paid","0.00","0.00","0.00","10/27/2013","17.96","0.00","0.00","0.00","0.00","4892","1","","Open","0.00","0.00","0","6.52","Unknown","0","10/27/2013","Payment","PAY","6.52","(6.52)"
"4971","1","883.60","921.15","883.60","921.15","0.00","0.00","19.81","37.55","0.00","37.55","940.96","0.00","0.00","19.81","Compound","15334","G:15334","Global","0.00","0.00","0.00","0.00","0.00","0.00","0.00","0.00","0.00","1","Unpaid","37.55","0.00","37.55","10/27/2013","940.96","0.00","0.00","0.00","0.00"
"5091","1","1103.18","1150.07","1103.18","1150.07","0.00","0.00","23.45","46.89","0.00","46.89","1173.52","0.00","0.00","23.45","Compound","15335","G:15335","Global","0.00","0.00","0.00","0.00","0.00","0.00","0.00","0.00","0.00","1","Unpaid","46.89","0.00","46.89","10/27/2013","1173.52","0.00","0.00","0.00","0.00"
"4921","1","0.00","0.00","0.00","0.00","0.00","0.00","29.75","0.00","0.00","0.00","29.75","0.00","0.00","29.75","Compound","15336","G:15336","Global","0.00","0.00","0.00","0.00","0.00","0.00","0.00","0.00","0.00","1","Unpaid","0.00","0.00","0.00","10/27/2013","29.75","0.00","0.00","0.00","0.00"
"5015","1","1548.67","1614.49","1548.67","1614.49","0.00","0.00","28.62","65.82","0.00","65.82","1643.11","0.00","0.00","28.62","Compound","15337","G:15337","Global","0.00","0.00","0.00","0.00","0.00","0.00","0.00","0.00","0.00","1","Unpaid","65.82","0.00","65.82","10/27/2013","1643.11","0.00","0.00","0.00","0.00"
"4922","1","0.00","0.00","0.00","0.00","0.00","0.00","0.00","0.00","0.00","0.00","0.00","0.00","0.00","17.10","Compound","15338","G:15338","Global","0.00","0.00","0.00","0.00","17.10","0.00","0.00","0.00","17.10","1","Paid in Full","0.00","0.00","0.00","10/27/2013","17.10","0.00","0.00","0.00","0.00","4923","1","","Open","0.00","0.00","0","17.10","Unknown","0","10/27/2013","Payment","PAY","17.10","(17.10)"
"4802","1","2002.57","2087.68","2000.69","2085.72","0.00","0.00","0.00","85.03","0.00","85.03","2085.72","0.00","0.00","11.37","Compound","15339","G:15339","Global","1.88","1.96","0.00","0.00","11.37","0.08","0.00","0.08","13.33","1","Partially Paid","85.11","0.00","85.11","10/27/2013","2099.05","0.00","0.00","0.00","0.00","4803","1","","Open","1.96","0.00","0","11.37","Unknown","0","10/27/2013","Payment","PAY","13.33","(13.33)"
"4869","1","2232.67","2327.56","2232.57","2327.46","0.00","0.00","0.00","94.89","0.00","94.89","2327.46","0.00","0.00","10.00","Compound","15340","G:15340","Global","0.10","0.10","0.00","0.00","10.00","0.00","0.00","0.00","10.10","1","Partially Paid","94.89","0.00","94.89","10/27/2013","2337.56","0.00","0.00","0.00","0.00","5332","1","","Open","0.10","0.00","0","10.00","Unknown","0","10/28/2013","Credit","CRED","10.10","(10.10)"
"5069","1","2464.88","2569.64","2464.88","2569.64","0.00","0.00","23.23","104.76","0.00","104.76","2592.87","0.00","0.00","26.41","Compound","15341","G:15341","Global","0.00","0.00","0.00","0.00","3.18","0.00","0.00","0.00","3.18","1","Partially Paid","104.76","0.00","104.76","10/27/2013","2596.05","0.00","0.00","0.00","0.00","4755","1","","Open","0.00","0.00","0","3.18","Unknown","0","09/28/2013","Credit","CRED","9.09","(9.09)"
"5205","1","237.44","247.53","237.44","247.53","0.00","0.00","8.76","10.09","0.00","10.09","256.29","0.00","0.00","8.76","Compound","15342","G:15342","Global","0.00","0.00","0.00","0.00","0.00","0.00","0.00","0.00","0.00","1","Unpaid","10.09","0.00","10.09","10/27/2013","256.29","0.00","0.00","0.00","0.00"
"5092","1","450.71","469.87","450.71","469.87","0.00","0.00","11.97","19.16","0.00","19.16","481.84","0.00","0.00","11.97","Compound","15343","G:15343","Global","0.00","0.00","0.00","0.00","0.00","0.00","0.00","0.00","0.00","1","Unpaid","19.16","0.00","19.16","10/27/2013","481.84","0.00","0.00","0.00","0.00"
"4924","1","0.00","0.00","0.00","0.00","0.00","0.00","0.00","0.00","0.00","0.00","0.00","0.00","0.00","14.99","Compound","15344","G:15344","Global","0.00","0.00","0.00","0.00","14.99","0.00","0.00","0.00","14.99","1","Paid in Full","0.00","0.00","0.00","10/27/2013","14.99","0.00","0.00","0.00","0.00","4925","1","","Open","0.00","0.00","0","14.99","Unknown","0","10/27/2013","Payment","PAY","14.99","(14.99)"
"5190","1","883.60","921.15","883.60","921.15","0.00","0.00","15.83","37.55","0.00","37.55","936.98","0.00","0.00","19.75","Compound","15345","G:15345","Global","0.00","0.00","0.00","0.00","3.92","0.00","0.00","0.00","3.92","1","Partially Paid","37.55","0.00","37.55","10/27/2013","940.90","0.00","0.00","0.00","0.00","5191","1","","Open","0.00","0.00","0","3.92","Unknown","0","10/27/2013","Payment","PAY","3.92","(3.92)"
"5206","1","1103.18","1150.07","1103.18","1150.07","0.00","0.00","23.99","46.89","0.00","46.89","1174.06","0.00","0.00","23.99","Compound","15346","G:15346","Global","0.00","0.00","0.00","0.00","0.00","0.00","0.00","0.00","0.00","1","Unpaid","46.89","0.00","46.89","10/27/2013","1174.06","0.00","0.00","0.00","0.00"
"4972","1","0.00","0.00","0.00","0.00","0.00","0.00","30.31","0.00","0.00","0.00","30.31","0.00","0.00","30.31","Compound","15347","G:15347","Global","0.00","0.00","0.00","0.00","0.00","0.00","0.00","0.00","0.00","1","Unpaid","0.00","0.00","0.00","10/27/2013","30.31","0.00","0.00","0.00","0.00"
"5093","1","1548.67","1614.49","1548.67","1614.49","0.00","0.00","29.04","65.82","0.00","65.82","1643.53","0.00","0.00","29.04","Compound","15348","G:15348","Global","0.00","0.00","0.00","0.00","0.00","0.00","0.00","0.00","0.00","1","Unpaid","65.82","0.00","65.82","10/27/2013","1643.53","0.00","0.00","0.00","0.00"
"5042","1","1774.57","1849.99","1774.57","1849.99","0.00","0.00","7.23","75.42","0.00","75.42","1857.22","0.00","0.00","17.33","Compound","15349","G:15349","Global","0.00","0.00","0.00","0.00","10.10","0.00","0.00","0.00","10.10","1","Partially Paid","75.42","0.00","75.42","10/27/2013","1867.32","0.00","0.00","0.00","0.00","5333","1","","Open","0.00","0.00","0","10.10","Unknown","0","10/28/2013","Credit","CRED","10.10","(10.10)"
"4998","1","2002.57","2087.68","1993.24","2077.95","0.00","0.00","0.00","84.71","0.00","84.71","2077.95","0.00","0.00","15.36","Compound","15350","G:15350","Global","9.33","9.73","0.00","0.00","15.36","0.40","0.00","0.40","25.09","1","Partially Paid","85.11","0.00","85.11","10/27/2013","2103.04","0.00","0.00","0.00","0.00","4999","1","","Open","9.73","0.00","0","15.36","Unknown","0","10/27/2013","Payment","PAY","25.09","(25.09)"
"5043","1","2232.67","2327.56","2232.67","2327.56","0.00","0.00","14.26","94.89","0.00","94.89","2341.82","0.00","0.00","19.35","Compound","15351","G:15351","Global","0.00","0.00","0.00","0.00","5.09","0.00","0.00","0.00","5.09","1","Partially Paid","94.89","0.00","94.89","10/27/2013","2346.91","0.00","0.00","0.00","0.00","5044","1","","Open","0.00","0.00","0","5.09","Unknown","0","10/27/2013","Payment","PAY","5.09","(5.09)"
"5140","1","2464.88","2569.64","2464.88","2569.64","0.00","0.00","11.30","104.76","0.00","104.76","2580.94","0.00","0.00","11.30","Compound","15352","G:15352","Global","0.00","0.00","0.00","0.00","0.00","0.00","0.00","0.00","0.00","1","Unpaid","104.76","0.00","104.76","10/27/2013","2580.94","0.00","0.00","0.00","0.00"
"4810","1","237.44","247.53","0.00","0.00","0.00","0.00","0.00","0.00","0.00","0.00","0.00","0.00","0.00","18.78","Compound","15353","G:15353","Global","237.44","247.53","0.00","0.00","18.78","10.09","0.00","10.09","266.31","1","Paid in Full","10.09","0.00","10.09","10/27/2013","266.31","0.00","0.00","0.00","0.00","4095","1","","Open","123.73","0.00","0","18.78","Debit Card","0","08/28/2013","Payment","PAY","184.08","(184.08)","4674","1","","Open","123.80","0.00","0","0.00","Electronic Transfer","0","09/28/2013","Payment","PAY","184.09","(184.09)"
"4809","1","450.71","469.87","450.71","469.87","0.00","0.00","6.73","19.16","0.00","19.16","476.60","0.00","0.00","17.82","Compound","15354","G:15354","Global","0.00","0.00","0.00","0.00","11.09","0.00","0.00","0.00","11.09","1","Partially Paid","19.16","0.00","19.16","10/27/2013","487.69","0.00","0.00","0.00","0.00","4734","1","","Open","0.00","0.00","0","11.09","Unknown","0","09/28/2013","Payment","PAY","11.09","(11.09)"
"4807","1","0.00","0.00","0.00","0.00","0.00","0.00","0.00","0.00","0.00","0.00","0.00","0.00","0.00","4.59","Compound","15355","G:15355","Global","0.00","0.00","0.00","0.00","4.59","0.00","0.00","0.00","4.59","1","Paid in Full","0.00","0.00","0.00","10/27/2013","4.59","0.00","0.00","0.00","0.00","4808","1","","Open","0.00","0.00","0","4.59","Unknown","0","10/27/2013","Payment","PAY","4.59","(4.59)"
"5192","1","883.60","921.15","883.60","921.15","0.00","0.00","6.52","37.55","0.00","37.55","927.67","0.00","0.00","31.61","Compound","15356","G:15356","Global","0.00","0.00","0.00","0.00","25.09","0.00","0.00","0.00","25.09","1","Partially Paid","37.55","0.00","37.55","10/27/2013","952.76","0.00","0.00","0.00","0.00","5193","1","","Open","0.00","0.00","0","25.09","Unknown","0","10/27/2013","Payment","PAY","25.09","(25.09)"
"4804","1","1103.18","1150.07","1103.18","1150.07","0.00","0.00","6.87","46.89","0.00","46.89","1156.94","0.00","0.00","15.71","Compound","15357","G:15357","Global","0.00","0.00","0.00","0.00","8.84","0.00","0.00","0.00","8.84","1","Partially Paid","46.89","0.00","46.89","10/27/2013","1165.78","0.00","0.00","0.00","0.00","4805","1","","Open","0.00","0.00","0","8.84","Unknown","0","10/27/2013","Payment","PAY","8.84","(8.84)"
"5141","1","0.00","0.00","0.00","0.00","0.00","0.00","40.43","0.00","0.00","0.00","40.43","0.00","0.00","50.53","Compound","15358","G:15358","Global","0.00","0.00","0.00","0.00","10.10","0.00","0.00","0.00","10.10","1","Partially Paid","0.00","0.00","0.00","10/27/2013","50.53","0.00","0.00","0.00","0.00","5334","1","","Open","0.00","0.00","0","10.10","Unknown","0","10/28/2013","Credit","CRED","10.10","(10.10)"
"5178","1","1548.67","1614.49","1548.67","1614.49","0.00","0.00","47.35","65.82","0.00","65.82","1661.84","0.00","0.00","47.35","Compound","15359","G:15359","Global","0.00","0.00","0.00","0.00","0.00","0.00","0.00","0.00","0.00","1","Unpaid","65.82","0.00","65.82","10/27/2013","1661.84","0.00","0.00","0.00","0.00"
"4905","1","1774.57","1849.99","1774.57","1849.99","0.00","0.00","14.81","75.42","0.00","75.42","1864.80","0.00","0.00","14.81","Compound","15360","G:15360","Global","0.00","0.00","0.00","0.00","0.00","0.00","0.00","0.00","0.00","1","Unpaid","75.42","0.00","75.42","10/27/2013","1864.80","0.00","0.00","0.00","0.00"
"4926","1","2002.57","2087.68","2002.57","2087.68","0.00","0.00","9.63","85.11","0.00","85.11","2097.31","0.00","0.00","9.63","Compound","15361","G:15361","Global","0.00","0.00","0.00","0.00","0.00","0.00","0.00","0.00","0.00","1","Unpaid","85.11","0.00","85.11","10/27/2013","2097.31","0.00","0.00","0.00","0.00"
"5070","1","2232.67","2327.56","2229.54","2324.30","0.00","0.00","0.00","94.76","0.00","94.76","2324.30","0.00","0.00","21.83","Compound","15362","G:15362","Global","3.13","3.26","0.00","0.00","21.83","0.13","0.00","0.13","25.09","1","Partially Paid","94.89","0.00","94.89","10/27/2013","2349.39","0.00","0.00","0.00","0.00","5071","1","","Open","3.26","0.00","0","21.83","Unknown","0","10/27/2013","Payment","PAY","25.09","(25.09)"
"5120","1","0.00","0.00","0.00","0.00","0.00","0.00","0.00","0.00","0.00","0.00","0.00","0.00","0.00","10.78","Compound","15363","G:15363","Global","0.00","0.00","0.00","0.00","10.78","0.00","0.00","0.00","10.78","1","Paid in Full","0.00","0.00","0.00","10/27/2013","10.78","0.00","0.00","0.00","0.00","5121","1","","Open","0.00","0.00","0","10.78","Unknown","0","10/27/2013","Payment","PAY","10.78","(10.78)"
"5207","1","237.44","247.53","237.44","247.53","0.00","0.00","22.87","10.09","0.00","10.09","270.40","0.00","0.00","22.87","Compound","15364","G:15364","Global","0.00","0.00","0.00","0.00","0.00","0.00","0.00","0.00","0.00","1","Unpaid","10.09","0.00","10.09","10/27/2013","270.40","0.00","0.00","0.00","0.00"
"5208","1","450.71","469.87","450.71","469.87","0.00","0.00","127.41","19.16","0.00","19.16","597.28","0.00","0.00","127.41","Compound","15365","G:15365","Global","0.00","0.00","0.00","0.00","0.00","0.00","0.00","0.00","0.00","1","Unpaid","19.16","0.00","19.16","10/27/2013","597.28","0.00","0.00","0.00","0.00"
"5179","1","0.00","0.00","0.00","0.00","0.00","0.00","63.89","0.00","0.00","0.00","63.89","0.00","0.00","63.89","Compound","15366","G:15366","Global","0.00","0.00","0.00","0.00","0.00","0.00","0.00","0.00","0.00","1","Unpaid","0.00","0.00","0.00","10/27/2013","63.89","0.00","0.00","0.00","0.00"
"4945","1","883.60","921.15","883.60","921.15","0.00","0.00","2.52","37.55","0.00","37.55","923.67","0.00","0.00","12.62","Compound","15367","G:15367","Global","0.00","0.00","0.00","0.00","10.10","0.00","0.00","0.00","10.10","1","Partially Paid","37.55","0.00","37.55","10/27/2013","933.77","0.00","0.00","0.00","0.00","5335","1","","Open","0.00","0.00","0","10.10","Unknown","0","10/28/2013","Credit","CRED","10.10","(10.10)"
"4893","1","1103.18","1150.07","1099.73","1146.47","0.00","0.00","0.00","46.74","0.00","46.74","1146.47","0.00","0.00","21.49","Compound","15368","G:15368","Global","3.45","3.60","0.00","0.00","21.49","0.15","0.00","0.15","25.09","1","Partially Paid","46.89","0.00","46.89","10/27/2013","1171.56","0.00","0.00","0.00","0.00","4894","1","","Open","3.60","0.00","0","21.49","Unknown","0","10/27/2013","Payment","PAY","25.09","(25.09)"
"5094","1","0.00","0.00","0.00","0.00","0.00","0.00","46.61","0.00","0.00","0.00","46.61","0.00","0.00","46.61","Compound","15369","G:15369","Global","0.00","0.00","0.00","0.00","0.00","0.00","0.00","0.00","0.00","1","Unpaid","0.00","0.00","0.00","10/27/2013","46.61","0.00","0.00","0.00","0.00"
"5006","1","1548.67","1614.49","1548.67","1614.49","0.00","0.00","29.60","65.82","0.00","65.82","1644.09","0.00","0.00","29.60","Compound","15370","G:15370","Global","0.00","0.00","0.00","0.00","0.00","0.00","0.00","0.00","0.00","1","Unpaid","65.82","0.00","65.82","10/27/2013","1644.09","0.00","0.00","0.00","0.00"
"5095","1","1774.57","1849.99","1774.57","1849.99","0.00","0.00","18.08","75.42","0.00","75.42","1868.07","0.00","0.00","18.08","Compound","15371","G:15371","Global","0.00","0.00","0.00","0.00","0.00","0.00","0.00","0.00","0.00","1","Unpaid","75.42","0.00","75.42","10/27/2013","1868.07","0.00","0.00","0.00","0.00"
"5202","1","2002.57","2087.68","2002.57","2087.68","0.00","0.00","12.27","85.11","0.00","85.11","2099.95","0.00","0.00","12.27","Compound","15372","G:15372","Global","0.00","0.00","0.00","0.00","0.00","0.00","0.00","0.00","0.00","1","Unpaid","85.11","0.00","85.11","10/27/2013","2099.95","0.00","0.00","0.00","0.00"
"4949","1","2232.67","2327.56","2232.67","2327.56","0.00","0.00","12.20","94.89","0.00","94.89","2339.76","0.00","0.00","12.20","Compound","15373","G:15373","Global","0.00","0.00","0.00","0.00","0.00","0.00","0.00","0.00","0.00","1","Unpaid","94.89","0.00","94.89","10/27/2013","2339.76","0.00","0.00","0.00","0.00"
"5046","1","2464.88","2569.64","2446.86","2550.85","0.00","0.00","0.00","103.99","0.00","103.99","2550.85","0.00","0.00","6.30","Compound","15374","G:15374","Global","18.02","18.79","0.00","0.00","6.30","0.77","0.00","0.77","25.09","1","Partially Paid","104.76","0.00","104.76","10/27/2013","2575.94","0.00","0.00","0.00","0.00","5047","1","","Open","18.79","0.00","0","6.30","Unknown","0","10/27/2013","Payment","PAY","25.09","(25.09)"
"4931","1","237.44","247.53","237.44","247.53","0.00","0.00","1.38","10.09","0.00","10.09","248.91","0.00","0.00","12.58","Compound","15375","G:15375","Global","0.00","0.00","0.00","0.00","11.20","0.00","0.00","0.00","11.20","1","Partially Paid","10.09","0.00","10.09","10/27/2013","260.11","0.00","0.00","0.00","0.00","4932","1","","Open","0.00","0.00","0","11.20","Unknown","0","10/27/2013","Payment","PAY","11.20","(11.20)"
"5072","1","450.71","469.87","450.71","469.87","0.00","0.00","4.32","19.16","0.00","19.16","474.19","0.00","0.00","14.42","Compound","15376","G:15376","Global","0.00","0.00","0.00","0.00","10.10","0.00","0.00","0.00","10.10","1","Partially Paid","19.16","0.00","19.16","10/27/2013","484.29","0.00","0.00","0.00","0.00","5336","1","","Open","0.00","0.00","0","10.10","Unknown","0","10/28/2013","Credit","CRED","10.10","(10.10)"
"4811","1","0.00","0.00","0.00","0.00","0.00","0.00","17.93","0.00","0.00","0.00","17.93","0.00","0.00","17.93","Compound","15377","G:15377","Global","0.00","0.00","0.00","0.00","0.00","0.00","0.00","0.00","0.00","1","Unpaid","0.00","0.00","0.00","10/27/2013","17.93","0.00","0.00","0.00","0.00"
"5204","1","883.60","921.15","883.60","921.15","0.00","0.00","18.91","37.55","0.00","37.55","940.06","0.00","0.00","18.91","Compound","15378","G:15378","Global","0.00","0.00","0.00","0.00","0.00","0.00","0.00","0.00","0.00","1","Unpaid","37.55","0.00","37.55","10/27/2013","940.06","0.00","0.00","0.00","0.00"
"4973","1","1103.18","1150.07","1103.18","1150.07","0.00","0.00","24.30","46.89","0.00","46.89","1174.37","0.00","0.00","24.30","Compound","15379","G:15379","Global","0.00","0.00","0.00","0.00","0.00","0.00","0.00","0.00","0.00","1","Unpaid","46.89","0.00","46.89","10/27/2013","1174.37","0.00","0.00","0.00","0.00"
"4812","1","0.00","0.00","0.00","0.00","0.00","0.00","4.66","0.00","0.00","0.00","4.66","0.00","0.00","29.75","Compound","15380","G:15380","Global","0.00","0.00","0.00","0.00","25.09","0.00","0.00","0.00","25.09","1","Partially Paid","0.00","0.00","0.00","10/27/2013","29.75","0.00","0.00","0.00","0.00","4813","1","","Open","0.00","0.00","0","25.09","Unknown","0","10/27/2013","Payment","PAY","25.09","(25.09)"
"4814","1","1548.67","1614.49","1548.67","1614.49","0.00","0.00","28.17","65.82","0.00","65.82","1642.66","0.00","0.00","28.17","Compound","15381","G:15381","Global","0.00","0.00","0.00","0.00","0.00","0.00","0.00","0.00","0.00","1","Unpaid","65.82","0.00","65.82","10/27/2013","1642.66","0.00","0.00","0.00","0.00"
"4870","1","1774.57","1849.99","1774.57","1849.99","0.00","0.00","16.52","75.42","0.00","75.42","1866.51","0.00","0.00","16.52","Compound","15382","G:15382","Global","0.00","0.00","0.00","0.00","0.00","0.00","0.00","0.00","0.00","1","Unpaid","75.42","0.00","75.42","10/27/2013","1866.51","0.00","0.00","0.00","0.00"
"4911","1","2002.57","2087.68","2002.57","2087.68","0.00","0.00","10.81","85.11","0.00","85.11","2098.49","0.00","0.00","10.81","Compound","15383","G:15383","Global","0.00","0.00","0.00","0.00","0.00","0.00","0.00","0.00","0.00","1","Unpaid","85.11","0.00","85.11","10/27/2013","2098.49","0.00","0.00","0.00","0.00"
"4951","1","2232.67","2327.56","2232.67","2327.56","0.00","0.00","11.64","94.89","0.00","94.89","2339.20","0.00","0.00","11.64","Compound","15384","G:15384","Global","0.00","0.00","0.00","0.00","0.00","0.00","0.00","0.00","0.00","1","Unpaid","94.89","0.00","94.89","10/27/2013","2339.20","0.00","0.00","0.00","0.00"
"5048","1","2464.88","2569.64","2460.34","2564.91","0.00","0.00","0.00","104.57","0.00","104.57","2564.91","0.00","0.00","5.37","Compound","15385","G:15385","Global","4.54","4.73","0.00","0.00","5.37","0.19","0.00","0.19","10.10","1","Partially Paid","104.76","0.00","104.76","10/27/2013","2575.01","0.00","0.00","0.00","0.00","5337","1","","Open","4.73","0.00","0","5.37","Unknown","0","10/28/2013","Credit","CRED","10.10","(10.10)"
"4815","1","237.44","247.53","69.55","72.51","0.00","0.00","0.00","2.96","0.00","2.96","72.51","0.00","0.00","10.77","Compound","15386","G:15386","Global","167.89","175.02","0.00","0.00","10.77","7.13","0.00","7.13","185.79","1","Partially Paid","10.09","0.00","10.09","10/27/2013","258.30","0.00","0.00","0.00","0.00","4816","1","","Open","14.32","0.00","0","10.77","Unknown","0","10/27/2013","Payment","PAY","25.09","(25.09)","4817","1","","Open","160.70","0.00","0","0.00","Unknown","0","10/27/2013","Payment","PAY","160.70","(160.70)"
"5142","1","450.71","469.87","286.97","299.17","0.00","0.00","0.45","12.20","0.00","12.20","299.62","0.00","0.00","12.49","Compound","15387","G:15387","Global","163.74","170.70","0.00","0.00","12.04","6.96","0.00","6.96","182.74","1","Partially Paid","19.16","0.00","19.16","10/27/2013","482.36","0.00","0.00","0.00","0.00","5143","1","","Open","0.00","0.00","0","12.04","Unknown","0","10/27/2013","Payment","PAY","12.04","(12.04)","5144","1","","Open","170.70","0.00","0","0.00","Unknown","0","10/27/2013","Payment","PAY","170.70","(170.70)"
"5073","1","0.00","0.00","0.00","0.00","0.00","0.00","17.73","0.00","0.00","0.00","17.73","0.00","0.00","17.73","Compound","15388","G:15388","Global","0.00","0.00","0.00","0.00","0.00","0.00","0.00","0.00","0.00","1","Unpaid","0.00","0.00","0.00","10/27/2013","17.73","0.00","0.00","0.00","0.00"
"4818","1","883.60","921.15","883.60","921.15","0.00","0.00","17.87","37.55","0.00","37.55","939.02","0.00","0.00","17.87","Compound","15389","G:15389","Global","0.00","0.00","0.00","0.00","0.00","0.00","0.00","0.00","0.00","1","Unpaid","37.55","0.00","37.55","10/27/2013","939.02","0.00","0.00","0.00","0.00"
"4874","1","1103.18","1150.07","1103.18","1150.07","0.00","0.00","19.58","46.89","0.00","46.89","1169.65","0.00","0.00","19.58","Compound","15390","G:15390","Global","0.00","0.00","0.00","0.00","0.00","0.00","0.00","0.00","0.00","1","Unpaid","46.89","0.00","46.89","10/27/2013","1169.65","0.00","0.00","0.00","0.00"
"5145","1","0.00","0.00","0.00","0.00","0.00","0.00","20.26","0.00","0.00","0.00","20.26","0.00","0.00","20.26","Compound","15391","G:15391","Global","0.00","0.00","0.00","0.00","0.00","0.00","0.00","0.00","0.00","1","Unpaid","0.00","0.00","0.00","10/27/2013","20.26","0.00","0.00","0.00","0.00"
"5146","1","1548.67","1614.49","1540.99","1606.48","0.00","0.00","0.00","65.49","0.00","65.49","1606.48","0.00","0.00","17.08","Compound","15392","G:15392","Global","7.68","8.01","0.00","0.00","17.08","0.33","0.00","0.33","25.09","1","Partially Paid","65.82","0.00","65.82","10/27/2013","1631.57","0.00","0.00","0.00","0.00","5147","1","","Open","8.01","0.00","0","17.08","Unknown","0","10/27/2013","Payment","PAY","25.09","(25.09)"
"4819","1","1774.57","1849.99","1774.57","1849.99","0.00","0.00","5.93","75.42","0.00","75.42","1855.92","0.00","0.00","15.25","Compound","15393","G:15393","Global","0.00","0.00","0.00","0.00","9.32","0.00","0.00","0.00","9.32","1","Partially Paid","75.42","0.00","75.42","10/27/2013","1865.24","0.00","0.00","0.00","0.00","4820","1","","Open","0.00","0.00","0","9.32","Unknown","0","10/27/2013","Payment","PAY","9.32","(9.32)"
"4952","1","2002.57","2087.68","1994.57","2079.34","0.00","0.00","0.00","84.77","0.00","84.77","2079.34","0.00","0.00","8.75","Compound","15394","G:15394","Global","8.00","8.34","0.00","0.00","8.75","0.34","0.00","0.34","17.09","1","Partially Paid","85.11","0.00","85.11","10/27/2013","2096.43","0.00","0.00","0.00","0.00","4953","1","","Open","0.00","0.00","0","6.99","Unknown","0","10/27/2013","Payment","PAY","6.99","(6.99)","5338","1","","Open","8.34","0.00","0","1.76","Unknown","0","10/28/2013","Credit","CRED","10.10","(10.10)"
"5194","1","2232.67","2327.56","2121.84","2212.02","0.00","0.00","0.00","90.18","0.00","90.18","2212.02","0.00","0.00","11.46","Compound","15395","G:15395","Global","110.83","115.54","0.00","0.00","11.46","4.71","0.00","4.71","127.00","1","Partially Paid","94.89","0.00","94.89","10/27/2013","2339.02","0.00","0.00","0.00","0.00","4684","1","","Open","115.54","0.00","0","11.46","Electronic Transfer","0","09/28/2013","Payment","PAY","226.09","(226.09)"
"4821","1","2464.88","2569.64","2354.91","2455.00","0.00","0.00","0.00","100.09","0.00","100.09","2455.00","0.00","0.00","6.57","Compound","15396","G:15396","Global","109.97","114.64","0.00","0.00","6.57","4.67","0.00","4.67","121.21","1","Partially Paid","104.76","0.00","104.76","10/27/2013","2576.21","0.00","0.00","0.00","0.00","4105","1","","Open","114.64","0.00","0","6.57","Debit Card","0","08/28/2013","Payment","PAY","227.08","(227.08)"
"5045","1","237.44","247.53","237.44","247.53","0.00","0.00","13.15","10.09","0.00","10.09","260.68","0.00","0.00","13.15","Compound","15397","G:15397","Global","0.00","0.00","0.00","0.00","0.00","0.00","0.00","0.00","0.00","1","Unpaid","10.09","0.00","10.09","10/27/2013","260.68","0.00","0.00","0.00","0.00"
"4919","1","450.71","469.87","440.76","459.50","0.00","0.00","0.00","18.74","0.00","18.74","459.50","0.00","0.00","14.72","Compound","15398","G:15398","Global","9.95","10.37","0.00","0.00","14.72","0.42","0.00","0.42","25.09","1","Partially Paid","19.16","0.00","19.16","10/27/2013","484.59","0.00","0.00","0.00","0.00","4920","1","","Open","10.37","0.00","0","14.72","Unknown","0","10/27/2013","Payment","PAY","25.09","(25.09)"
"4927","1","0.00","0.00","0.00","0.00","0.00","0.00","11.44","0.00","0.00","0.00","11.44","0.00","0.00","17.96","Compound","15399","G:15399","Global","0.00","0.00","0.00","0.00","6.52","0.00","0.00","0.00","6.52","1","Partially Paid","0.00","0.00","0.00","10/27/2013","17.96","0.00","0.00","0.00","0.00","4928","1","","Open","0.00","0.00","0","6.52","Unknown","0","10/27/2013","Payment","PAY","6.52","(6.52)"
"5096","1","883.60","921.15","883.60","921.15","0.00","0.00","150.41","37.55","0.00","37.55","1071.56","0.00","0.00","150.41","Compound","15400","G:15400","Global","0.00","0.00","0.00","0.00","0.00","0.00","0.00","0.00","0.00","1","Unpaid","37.55","0.00","37.55","10/27/2013","1071.56","0.00","0.00","0.00","0.00"
"4872","1","1103.18","1150.07","1103.18","1150.07","0.00","0.00","23.33","46.89","0.00","46.89","1173.40","0.00","0.00","23.33","Compound","15401","G:15401","Global","0.00","0.00","0.00","0.00","0.00","0.00","0.00","0.00","0.00","1","Unpaid","46.89","0.00","46.89","10/27/2013","1173.40","0.00","0.00","0.00","0.00"
"5148","1","0.00","0.00","0.00","0.00","0.00","0.00","29.51","0.00","0.00","0.00","29.51","0.00","0.00","29.51","Compound","15402","G:15402","Global","0.00","0.00","0.00","0.00","0.00","0.00","0.00","0.00","0.00","1","Unpaid","0.00","0.00","0.00","10/27/2013","29.51","0.00","0.00","0.00","0.00"
"4974","1","1548.67","1614.49","1548.67","1614.49","0.00","0.00","18.15","65.82","0.00","65.82","1632.64","0.00","0.00","28.25","Compound","15403","G:15403","Global","0.00","0.00","0.00","0.00","10.10","0.00","0.00","0.00","10.10","1","Partially Paid","65.82","0.00","65.82","10/27/2013","1642.74","0.00","0.00","0.00","0.00","5339","1","","Open","0.00","0.00","0","10.10","Unknown","0","10/28/2013","Credit","CRED","10.10","(10.10)"
"4975","1","1774.57","1849.99","1767.37","1842.48","0.00","0.00","0.00","75.11","0.00","75.11","1842.48","0.00","0.00","17.58","Compound","15404","G:15404","Global","7.20","7.51","0.00","0.00","17.58","0.31","0.00","0.31","25.09","1","Partially Paid","75.42","0.00","75.42","10/27/2013","1867.57","0.00","0.00","0.00","0.00","4976","1","","Open","7.51","0.00","0","17.58","Unknown","0","10/27/2013","Payment","PAY","25.09","(25.09)"
"5016","1","2002.57","2087.68","2000.11","2085.12","0.00","0.00","0.00","85.01","0.00","85.01","2085.12","0.00","0.00","10.58","Compound","15405","G:15405","Global","2.46","2.56","0.00","0.00","10.58","0.10","0.00","0.10","13.14","1","Partially Paid","85.11","0.00","85.11","10/27/2013","2098.26","0.00","0.00","0.00","0.00","5017","1","","Open","2.56","0.00","0","10.58","Unknown","0","10/27/2013","Payment","PAY","13.14","(13.14)"
"4822","1","2232.67","2327.56","2232.67","2327.56","0.00","0.00","10.66","94.89","0.00","94.89","2338.22","0.00","0.00","10.66","Compound","15406","G:15406","Global","0.00","0.00","0.00","0.00","0.00","0.00","0.00","0.00","0.00","1","Unpaid","94.89","0.00","94.89","10/27/2013","2338.22","0.00","0.00","0.00","0.00"
"5018","1","2464.88","2569.64","2464.88","2569.64","0.00","0.00","5.78","104.76","0.00","104.76","2575.42","0.00","0.00","5.78","Compound","15407","G:15407","Global","0.00","0.00","0.00","0.00","0.00","0.00","0.00","0.00","0.00","1","Unpaid","104.76","0.00","104.76","10/27/2013","2575.42","0.00","0.00","0.00","0.00"
"5019","1","237.44","247.53","237.44","247.53","0.00","0.00","12.84","10.09","0.00","10.09","260.37","0.00","0.00","12.84","Compound","15408","G:15408","Global","0.00","0.00","0.00","0.00","0.00","0.00","0.00","0.00","0.00","1","Unpaid","10.09","0.00","10.09","10/27/2013","260.37","0.00","0.00","0.00","0.00"
"4954","1","450.71","469.87","450.71","469.87","0.00","0.00","14.73","19.16","0.00","19.16","484.60","0.00","0.00","14.73","Compound","15409","G:15409","Global","0.00","0.00","0.00","0.00","0.00","0.00","0.00","0.00","0.00","1","Unpaid","19.16","0.00","19.16","10/27/2013","484.60","0.00","0.00","0.00","0.00"
"5020","1","0.00","0.00","0.00","0.00","0.00","0.00","0.79","0.00","0.00","0.00","0.79","0.00","0.00","25.88","Compound","15410","G:15410","Global","0.00","0.00","0.00","0.00","25.09","0.00","0.00","0.00","25.09","1","Partially Paid","0.00","0.00","0.00","10/27/2013","25.88","0.00","0.00","0.00","0.00","5021","1","","Open","0.00","0.00","0","25.09","Unknown","0","10/27/2013","Payment","PAY","25.09","(25.09)"
"5097","1","883.60","921.15","883.60","921.15","0.00","0.00","26.48","37.55","0.00","37.55","947.63","0.00","0.00","26.48","Compound","15411","G:15411","Global","0.00","0.00","0.00","0.00","0.00","0.00","0.00","0.00","0.00","1","Unpaid","37.55","0.00","37.55","10/27/2013","947.63","0.00","0.00","0.00","0.00"
"4823","1","1103.18","1150.07","1103.18","1150.07","0.00","0.00","5.97","46.89","0.00","46.89","1156.04","0.00","0.00","16.07","Compound","15412","G:15412","Global","0.00","0.00","0.00","0.00","10.10","0.00","0.00","0.00","10.10","1","Partially Paid","46.89","0.00","46.89","10/27/2013","1166.14","0.00","0.00","0.00","0.00","5340","1","","Open","0.00","0.00","0","10.10","Unknown","0","10/28/2013","Credit","CRED","10.10","(10.10)"
"5074","1","0.00","0.00","0.00","0.00","0.00","0.00","42.93","0.00","0.00","0.00","42.93","0.00","0.00","42.93","Compound","15413","G:15413","Global","0.00","0.00","0.00","0.00","0.00","0.00","0.00","0.00","0.00","1","Unpaid","0.00","0.00","0.00","10/27/2013","42.93","0.00","0.00","0.00","0.00"
"5156","1","1548.67","1614.49","1548.67","1614.49","0.00","0.00","35.15","65.82","0.00","65.82","1649.64","0.00","0.00","35.15","Compound","15414","G:15414","Global","0.00","0.00","0.00","0.00","0.00","0.00","0.00","0.00","0.00","1","Unpaid","65.82","0.00","65.82","10/27/2013","1649.64","0.00","0.00","0.00","0.00"
"5150","1","1774.57","1849.99","1774.57","1849.99","0.00","0.00","27.65","75.42","0.00","75.42","1877.64","0.00","0.00","27.65","Compound","15415","G:15415","Global","0.00","0.00","0.00","0.00","0.00","0.00","0.00","0.00","0.00","1","Unpaid","75.42","0.00","75.42","10/27/2013","1877.64","0.00","0.00","0.00","0.00"
"4977","1","2002.57","2087.68","1990.09","2074.67","0.00","0.00","0.00","84.58","0.00","84.58","2074.67","0.00","0.00","12.08","Compound","15416","G:15416","Global","12.48","13.01","0.00","0.00","12.08","0.53","0.00","0.53","25.09","1","Partially Paid","85.11","0.00","85.11","10/27/2013","2099.76","0.00","0.00","0.00","0.00","4978","1","","Open","13.01","0.00","0","12.08","Unknown","0","10/27/2013","Payment","PAY","25.09","(25.09)"
"4875","1","2232.67","2327.56","2219.49","2313.82","0.00","0.00","0.00","94.33","0.00","94.33","2313.82","0.00","0.00","5.58","Compound","15417","G:15417","Global","13.18","13.74","0.00","0.00","5.58","0.56","0.00","0.56","19.32","1","Partially Paid","94.89","0.00","94.89","10/27/2013","2333.14","0.00","0.00","0.00","0.00","4876","1","","Open","13.74","0.00","0","5.58","Unknown","0","10/27/2013","Payment","PAY","19.32","(19.32)"
"5049","1","2464.88","2569.64","2464.88","2569.64","0.00","0.00","4.44","104.76","0.00","104.76","2574.08","0.00","0.00","4.44","Compound","15418","G:15418","Global","0.00","0.00","0.00","0.00","0.00","0.00","0.00","0.00","0.00","1","Unpaid","104.76","0.00","104.76","10/27/2013","2574.08","0.00","0.00","0.00","0.00"
"4878","1","237.44","247.53","237.44","247.53","0.00","0.00","8.92","10.09","0.00","10.09","256.45","0.00","0.00","8.92","Compound","15419","G:15419","Global","0.00","0.00","0.00","0.00","0.00","0.00","0.00","0.00","0.00","1","Unpaid","10.09","0.00","10.09","10/27/2013","256.45","0.00","0.00","0.00","0.00"
"4979","1","450.71","469.87","450.71","469.87","0.00","0.00","17.54","19.16","0.00","19.16","487.41","0.00","0.00","17.54","Compound","15420","G:15420","Global","0.00","0.00","0.00","0.00","0.00","0.00","0.00","0.00","0.00","1","Unpaid","19.16","0.00","19.16","10/27/2013","487.41","0.00","0.00","0.00","0.00"
"4879","1","0.00","0.00","0.00","0.00","0.00","0.00","2.00","0.00","0.00","0.00","2.00","0.00","0.00","12.10","Compound","15421","G:15421","Global","0.00","0.00","0.00","0.00","10.10","0.00","0.00","0.00","10.10","1","Partially Paid","0.00","0.00","0.00","10/27/2013","12.10","0.00","0.00","0.00","0.00","5341","1","","Open","0.00","0.00","0","10.10","Unknown","0","10/28/2013","Credit","CRED","10.10","(10.10)"
"4955","1","883.60","921.15","877.82","915.12","0.00","0.00","0.00","37.30","0.00","37.30","915.12","0.00","0.00","19.06","Compound","15422","G:15422","Global","5.78","6.03","0.00","0.00","19.06","0.25","0.00","0.25","25.09","1","Partially Paid","37.55","0.00","37.55","10/27/2013","940.21","0.00","0.00","0.00","0.00","4956","1","","Open","6.03","0.00","0","19.06","Unknown","0","10/27/2013","Payment","PAY","25.09","(25.09)"
"4824","1","1103.18","1150.07","1103.18","1150.07","0.00","0.00","7.58","46.89","0.00","46.89","1157.65","0.00","0.00","16.06","Compound","15423","G:15423","Global","0.00","0.00","0.00","0.00","8.48","0.00","0.00","0.00","8.48","1","Partially Paid","46.89","0.00","46.89","10/27/2013","1166.13","0.00","0.00","0.00","0.00","4825","1","","Open","0.00","0.00","0","8.48","Unknown","0","10/27/2013","Payment","PAY","8.48","(8.48)"
"5161","1","0.00","0.00","0.00","0.00","0.00","0.00","52.88","0.00","0.00","0.00","52.88","0.00","0.00","52.88","Compound","15424","G:15424","Global","0.00","0.00","0.00","0.00","0.00","0.00","0.00","0.00","0.00","1","Unpaid","0.00","0.00","0.00","10/27/2013","52.88","0.00","0.00","0.00","0.00"
"4916","1","1548.67","1614.49","1548.67","1614.49","0.00","0.00","25.75","65.82","0.00","65.82","1640.24","0.00","0.00","25.75","Compound","15425","G:15425","Global","0.00","0.00","0.00","0.00","0.00","0.00","0.00","0.00","0.00","1","Unpaid","65.82","0.00","65.82","10/27/2013","1640.24","0.00","0.00","0.00","0.00"
"5029","1","1774.57","1849.99","1774.57","1849.99","0.00","0.00","21.05","75.42","0.00","75.42","1871.04","0.00","0.00","21.05","Compound","15426","G:15426","Global","0.00","0.00","0.00","0.00","0.00","0.00","0.00","0.00","0.00","1","Unpaid","75.42","0.00","75.42","10/27/2013","1871.04","0.00","0.00","0.00","0.00"
"4957","1","2002.57","2087.68","2002.57","2087.68","0.00","0.00","11.32","85.11","0.00","85.11","2099.00","0.00","0.00","11.32","Compound","15427","G:15427","Global","0.00","0.00","0.00","0.00","0.00","0.00","0.00","0.00","0.00","1","Unpaid","85.11","0.00","85.11","10/27/2013","2099.00","0.00","0.00","0.00","0.00"
"4860","1","2232.67","2327.56","2212.75","2306.79","0.00","0.00","0.00","94.04","0.00","94.04","2306.79","0.00","0.00","4.32","Compound","15428","G:15428","Global","19.92","20.77","0.00","0.00","4.32","0.85","0.00","0.85","25.09","1","Partially Paid","94.89","0.00","94.89","10/27/2013","2331.88","0.00","0.00","0.00","0.00","4861","1","","Open","20.77","0.00","0","4.32","Unknown","0","10/27/2013","Payment","PAY","25.09","(25.09)"
"5051","1","2464.88","2569.64","2464.88","2569.64","0.00","0.00","9.17","104.76","0.00","104.76","2578.81","0.00","0.00","9.17","Compound","15429","G:15429","Global","0.00","0.00","0.00","0.00","0.00","0.00","0.00","0.00","0.00","1","Unpaid","104.76","0.00","104.76","10/27/2013","2578.81","0.00","0.00","0.00","0.00"
"4826","1","237.44","247.53","237.44","247.53","0.00","0.00","1.96","10.09","0.00","10.09","249.49","0.00","0.00","12.06","Compound","15430","G:15430","Global","0.00","0.00","0.00","0.00","10.10","0.00","0.00","0.00","10.10","1","Partially Paid","10.09","0.00","10.09","10/27/2013","259.59","0.00","0.00","0.00","0.00","5342","1","","Open","0.00","0.00","0","10.10","Unknown","0","10/28/2013","Credit","CRED","10.10","(10.10)"
"4958","1","450.71","469.87","450.71","469.87","0.00","0.00","13.99","19.16","0.00","19.16","483.86","0.00","0.00","13.99","Compound","15431","G:15431","Global","0.00","0.00","0.00","0.00","0.00","0.00","0.00","0.00","0.00","1","Unpaid","19.16","0.00","19.16","10/27/2013","483.86","0.00","0.00","0.00","0.00"
"5061","1","0.00","0.00","0.00","0.00","0.00","0.00","17.44","0.00","0.00","0.00","17.44","0.00","0.00","17.44","Compound","15432","G:15432","Global","0.00","0.00","0.00","0.00","0.00","0.00","0.00","0.00","0.00","1","Unpaid","0.00","0.00","0.00","10/27/2013","17.44","0.00","0.00","0.00","0.00"
"5075","1","883.60","921.15","883.60","921.15","0.00","0.00","18.40","37.55","0.00","37.55","939.55","0.00","0.00","18.40","Compound","15433","G:15433","Global","0.00","0.00","0.00","0.00","0.00","0.00","0.00","0.00","0.00","1","Unpaid","37.55","0.00","37.55","10/27/2013","939.55","0.00","0.00","0.00","0.00"
"5118","1","1103.18","1150.07","1102.17","1149.02","0.00","0.00","0.00","46.85","0.00","46.85","1149.02","0.00","0.00","24.04","Compound","15434","G:15434","Global","1.01","1.05","0.00","0.00","24.04","0.04","0.00","0.04","25.09","1","Partially Paid","46.89","0.00","46.89","10/27/2013","1174.11","0.00","0.00","0.00","0.00","5119","1","","Open","1.05","0.00","0","24.04","Unknown","0","10/27/2013","Payment","PAY","25.09","(25.09)"
"5076","1","0.00","0.00","0.00","0.00","0.00","0.00","196.11","0.00","0.00","0.00","196.11","0.00","0.00","196.11","Compound","15435","G:15435","Global","0.00","0.00","0.00","0.00","0.00","0.00","0.00","0.00","0.00","1","Unpaid","0.00","0.00","0.00","10/27/2013","196.11","0.00","0.00","0.00","0.00"
"5098","1","1548.67","1614.49","1548.67","1614.49","0.00","0.00","28.34","65.82","0.00","65.82","1642.83","0.00","0.00","28.34","Compound","15436","G:15436","Global","0.00","0.00","0.00","0.00","0.00","0.00","0.00","0.00","0.00","1","Unpaid","65.82","0.00","65.82","10/27/2013","1642.83","0.00","0.00","0.00","0.00"
"5077","1","1774.57","1849.99","1774.57","1849.99","0.00","0.00","16.80","75.42","0.00","75.42","1866.79","0.00","0.00","16.80","Compound","15437","G:15437","Global","0.00","0.00","0.00","0.00","0.00","0.00","0.00","0.00","0.00","1","Unpaid","75.42","0.00","75.42","10/27/2013","1866.79","0.00","0.00","0.00","0.00"
"5211","1","0.00","0.00","0.00","0.00","0.00","0.00","11.05","0.00","0.00","0.00","11.05","0.00","0.00","11.05","Compound","15438","G:15438","Global","0.00","0.00","0.00","0.00","0.00","0.00","0.00","0.00","0.00","1","Unpaid","0.00","0.00","0.00","10/27/2013","11.05","0.00","0.00","0.00","0.00"
"5022","1","2232.67","2327.56","2229.48","2324.23","0.00","0.00","0.00","94.75","0.00","94.75","2324.23","0.00","0.00","6.77","Compound","15439","G:15439","Global","3.19","3.33","0.00","0.00","6.77","0.14","0.00","0.14","10.10","1","Partially Paid","94.89","0.00","94.89","10/27/2013","2334.33","0.00","0.00","0.00","0.00","5343","1","","Open","3.33","0.00","0","6.77","Unknown","0","10/28/2013","Credit","CRED","10.10","(10.10)"
"5099","1","2464.88","2569.64","2445.25","2549.18","0.00","0.00","0.00","103.93","0.00","103.93","2549.18","0.00","0.00","4.63","Compound","15440","G:15440","Global","19.63","20.46","0.00","0.00","4.63","0.83","0.00","0.83","25.09","1","Partially Paid","104.76","0.00","104.76","10/27/2013","2574.27","0.00","0.00","0.00","0.00","5100","1","","Open","20.46","0.00","0","4.63","Unknown","0","10/27/2013","Payment","PAY","25.09","(25.09)"
"5195","1","237.44","247.53","237.44","247.53","0.00","0.00","8.83","10.09","0.00","10.09","256.36","0.00","0.00","8.83","Compound","15441","G:15441","Global","0.00","0.00","0.00","0.00","0.00","0.00","0.00","0.00","0.00","1","Unpaid","10.09","0.00","10.09","10/27/2013","256.36","0.00","0.00","0.00","0.00"
"5212","1","450.71","469.87","450.71","469.87","0.00","0.00","14.54","19.16","0.00","19.16","484.41","0.00","0.00","14.54","Compound","15442","G:15442","Global","0.00","0.00","0.00","0.00","0.00","0.00","0.00","0.00","0.00","1","Unpaid","19.16","0.00","19.16","10/27/2013","484.41","0.00","0.00","0.00","0.00"
"5023","1","0.00","0.00","0.00","0.00","0.00","0.00","14.22","0.00","0.00","0.00","14.22","0.00","0.00","14.22","Compound","15443","G:15443","Global","0.00","0.00","0.00","0.00","0.00","0.00","0.00","0.00","0.00","1","Unpaid","0.00","0.00","0.00","10/27/2013","14.22","0.00","0.00","0.00","0.00"
"5101","1","883.60","921.15","883.60","921.15","0.00","0.00","19.48","37.55","0.00","37.55","940.63","0.00","0.00","19.48","Compound","15444","G:15444","Global","0.00","0.00","0.00","0.00","0.00","0.00","0.00","0.00","0.00","1","Unpaid","37.55","0.00","37.55","10/27/2013","940.63","0.00","0.00","0.00","0.00"
"5126","1","1103.18","1150.07","1103.18","1150.07","0.00","0.00","22.87","46.89","0.00","46.89","1172.94","0.00","0.00","22.87","Compound","15445","G:15445","Global","0.00","0.00","0.00","0.00","0.00","0.00","0.00","0.00","0.00","1","Unpaid","46.89","0.00","46.89","10/27/2013","1172.94","0.00","0.00","0.00","0.00"
"5102","1","0.00","0.00","0.00","0.00","0.00","0.00","4.05","0.00","0.00","0.00","4.05","0.00","0.00","29.14","Compound","15446","G:15446","Global","0.00","0.00","0.00","0.00","25.09","0.00","0.00","0.00","25.09","1","Partially Paid","0.00","0.00","0.00","10/27/2013","29.14","0.00","0.00","0.00","0.00","5103","1","","Open","0.00","0.00","0","25.09","Unknown","0","10/27/2013","Payment","PAY","25.09","(25.09)"
"5129","1","1548.67","1614.49","1548.67","1614.49","0.00","0.00","27.57","65.82","0.00","65.82","1642.06","0.00","0.00","27.57","Compound","15447","G:15447","Global","0.00","0.00","0.00","0.00","0.00","0.00","0.00","0.00","0.00","1","Unpaid","65.82","0.00","65.82","10/27/2013","1642.06","0.00","0.00","0.00","0.00"
"5024","1","1774.57","1849.99","1774.57","1849.99","0.00","0.00","5.81","75.42","0.00","75.42","1855.80","0.00","0.00","15.91","Compound","15448","G:15448","Global","0.00","0.00","0.00","0.00","10.10","0.00","0.00","0.00","10.10","1","Partially Paid","75.42","0.00","75.42","10/27/2013","1865.90","0.00","0.00","0.00","0.00","5344","1","","Open","0.00","0.00","0","10.10","Unknown","0","10/28/2013","Credit","CRED","10.10","(10.10)"
"5052","1","2002.57","2087.68","2002.57","2087.68","0.00","0.00","11.42","85.11","0.00","85.11","2099.10","0.00","0.00","11.42","Compound","15449","G:15449","Global","0.00","0.00","0.00","0.00","0.00","0.00","0.00","0.00","0.00","1","Unpaid","85.11","0.00","85.11","10/27/2013","2099.10","0.00","0.00","0.00","0.00"
"5050","1","2232.67","2327.56","2232.67","2327.56","0.00","0.00","9.64","94.89","0.00","94.89","2337.20","0.00","0.00","9.64","Compound","15450","G:15450","Global","0.00","0.00","0.00","0.00","0.00","0.00","0.00","0.00","0.00","1","Unpaid","94.89","0.00","94.89","10/27/2013","2337.20","0.00","0.00","0.00","0.00"
"5149","1","2464.88","2569.64","2464.88","2569.64","0.00","0.00","4.78","104.76","0.00","104.76","2574.42","0.00","0.00","4.78","Compound","15451","G:15451","Global","0.00","0.00","0.00","0.00","0.00","0.00","0.00","0.00","0.00","1","Unpaid","104.76","0.00","104.76","10/27/2013","2574.42","0.00","0.00","0.00","0.00"
"4880","1","237.44","247.53","224.74","234.29","0.00","0.00","0.00","9.55","0.00","9.55","234.29","0.00","0.00","11.85","Compound","15452","G:15452","Global","12.70","13.24","0.00","0.00","11.85","0.54","0.00","0.54","25.09","1","Partially Paid","10.09","0.00","10.09","10/27/2013","259.38","0.00","0.00","0.00","0.00","4881","1","","Open","13.24","0.00","0","11.85","Unknown","0","10/27/2013","Payment","PAY","25.09","(25.09)"
"5078","1","450.71","469.87","450.71","469.87","0.00","0.00","13.30","19.16","0.00","19.16","483.17","0.00","0.00","13.30","Compound","15453","G:15453","Global","0.00","0.00","0.00","0.00","0.00","0.00","0.00","0.00","0.00","1","Unpaid","19.16","0.00","19.16","10/27/2013","483.17","0.00","0.00","0.00","0.00"
"5025","1","0.00","0.00","0.00","0.00","0.00","0.00","17.69","0.00","0.00","0.00","17.69","0.00","0.00","17.69","Compound","15454","G:15454","Global","0.00","0.00","0.00","0.00","0.00","0.00","0.00","0.00","0.00","1","Unpaid","0.00","0.00","0.00","10/27/2013","17.69","0.00","0.00","0.00","0.00"
"4980","1","883.60","921.15","883.60","921.15","0.00","0.00","18.06","37.55","0.00","37.55","939.21","0.00","0.00","18.06","Compound","15455","G:15455","Global","0.00","0.00","0.00","0.00","0.00","0.00","0.00","0.00","0.00","1","Unpaid","37.55","0.00","37.55","10/27/2013","939.21","0.00","0.00","0.00","0.00"
"5104","1","1103.18","1150.07","1103.18","1150.07","0.00","0.00","22.32","46.89","0.00","46.89","1172.39","0.00","0.00","22.32","Compound","15456","G:15456","Global","0.00","0.00","0.00","0.00","0.00","0.00","0.00","0.00","0.00","1","Unpaid","46.89","0.00","46.89","10/27/2013","1172.39","0.00","0.00","0.00","0.00"
"4981","1","0.00","0.00","0.00","0.00","0.00","0.00","18.38","0.00","0.00","0.00","18.38","0.00","0.00","28.48","Compound","15457","G:15457","Global","0.00","0.00","0.00","0.00","10.10","0.00","0.00","0.00","10.10","1","Partially Paid","0.00","0.00","0.00","10/27/2013","28.48","0.00","0.00","0.00","0.00","5345","1","","Open","0.00","0.00","0","10.10","Unknown","0","10/28/2013","Credit","CRED","10.10","(10.10)"
"5132","1","1548.67","1614.49","1548.67","1614.49","0.00","0.00","2.09","65.82","0.00","65.82","1616.58","0.00","0.00","27.18","Compound","15458","G:15458","Global","0.00","0.00","0.00","0.00","25.09","0.00","0.00","0.00","25.09","1","Partially Paid","65.82","0.00","65.82","10/27/2013","1641.67","0.00","0.00","0.00","0.00","5133","1","","Open","0.00","0.00","0","25.09","Unknown","0","10/27/2013","Payment","PAY","25.09","(25.09)"
"4929","1","1774.57","1849.99","1774.57","1849.99","0.00","0.00","16.47","75.42","0.00","75.42","1866.46","0.00","0.00","16.47","Compound","15459","G:15459","Global","0.00","0.00","0.00","0.00","0.00","0.00","0.00","0.00","0.00","1","Unpaid","75.42","0.00","75.42","10/27/2013","1866.46","0.00","0.00","0.00","0.00"
"4827","1","2002.57","2087.68","1961.76","2045.14","0.00","0.00","0.00","83.38","0.00","83.38","2045.14","0.00","0.00","9.51","Compound","15460","G:15460","Global","40.81","42.54","0.00","0.00","9.51","1.73","0.00","1.73","52.05","1","Partially Paid","85.11","0.00","85.11","10/27/2013","2097.19","0.00","0.00","0.00","0.00","4828","1","","Open","0.00","0.00","0","2.95","Unknown","0","10/27/2013","Payment","PAY","2.95","(2.95)","5231","1","","Open","42.54","0.00","0","6.56","Unknown","0","10/28/2013","Discount","DISC","49.10","(49.10)"
"4930","1","2232.67","2327.56","2232.67","2327.56","0.00","0.00","9.70","94.89","0.00","94.89","2337.26","0.00","0.00","9.70","Compound","15461","G:15461","Global","0.00","0.00","0.00","0.00","0.00","0.00","0.00","0.00","0.00","1","Unpaid","94.89","0.00","94.89","10/27/2013","2337.26","0.00","0.00","0.00","0.00"
"4883","1","2464.88","2569.64","2464.88","2569.64","0.00","0.00","4.73","104.76","0.00","104.76","2574.37","0.00","0.00","4.73","Compound","15462","G:15462","Global","0.00","0.00","0.00","0.00","0.00","0.00","0.00","0.00","0.00","1","Unpaid","104.76","0.00","104.76","10/27/2013","2574.37","0.00","0.00","0.00","0.00"
"4845","1","0.00","0.00","0.00","0.00","0.00","0.00","11.78","0.00","0.00","0.00","11.78","0.00","0.00","11.78","Compound","15463","G:15463","Global","0.00","0.00","0.00","0.00","0.00","0.00","0.00","0.00","0.00","1","Unpaid","0.00","0.00","0.00","10/27/2013","11.78","0.00","0.00","0.00","0.00"
"4903","1","450.71","469.87","439.22","457.89","0.00","0.00","0.00","18.67","0.00","18.67","457.89","0.00","0.00","13.11","Compound","15464","G:15464","Global","11.49","11.98","0.00","0.00","13.11","0.49","0.00","0.49","25.09","1","Partially Paid","19.16","0.00","19.16","10/27/2013","482.98","0.00","0.00","0.00","0.00","4904","1","","Open","11.98","0.00","0","13.11","Unknown","0","10/27/2013","Payment","PAY","25.09","(25.09)"
"5065","1","0.00","0.00","0.00","0.00","0.00","0.00","14.74","0.00","0.00","0.00","14.74","0.00","0.00","14.74","Compound","15465","G:15465","Global","0.00","0.00","0.00","0.00","0.00","0.00","0.00","0.00","0.00","1","Unpaid","0.00","0.00","0.00","10/27/2013","14.74","0.00","0.00","0.00","0.00"
"5180","1","883.60","921.15","873.91","911.05","0.00","0.00","11.12","37.14","0.00","37.14","922.17","0.00","0.00","11.12","Compound","15466","G:15466","Global","9.69","10.10","0.00","0.00","0.00","0.41","0.00","0.41","10.10","1","Partially Paid","37.55","0.00","37.55","10/27/2013","932.27","0.00","0.00","0.00","0.00","5346","1","","Open","10.10","0.00","0","0.00","Unknown","0","10/28/2013","Credit","CRED","10.10","(10.10)"
"5026","1","1103.18","1150.07","1103.18","1150.07","0.00","0.00","13.22","46.89","0.00","46.89","1163.29","0.00","0.00","13.22","Compound","15467","G:15467","Global","0.00","0.00","0.00","0.00","0.00","0.00","0.00","0.00","0.00","1","Unpaid","46.89","0.00","46.89","10/27/2013","1163.29","0.00","0.00","0.00","0.00"
"5171","1","0.00","0.00","0.00","0.00","0.00","0.00","23.22","0.00","0.00","0.00","23.22","0.00","0.00","23.22","Compound","15468","G:15468","Global","0.00","0.00","0.00","0.00","0.00","0.00","0.00","0.00","0.00","1","Unpaid","0.00","0.00","0.00","10/27/2013","23.22","0.00","0.00","0.00","0.00"
"4877","1","1548.67","1614.49","1260.80","1314.39","0.00","0.00","27.30","53.59","0.00","53.59","1341.69","0.00","0.00","27.30","Compound","15469","G:15469","Global","287.87","300.10","0.00","0.00","0.00","12.23","0.00","12.23","300.10","1","Partially Paid","65.82","0.00","65.82","10/27/2013","1641.79","0.00","0.00","0.00","0.00","5276","1","","Open","300.10","0.00","0","0.00","Other 1","0","10/28/2013","Payment","PAY","300.10","(300.10)"
"5213","1","1774.57","1849.99","1750.50","1824.90","0.00","0.00","232.48","74.40","0.00","74.40","2057.38","0.00","0.00","232.48","Compound","15470","G:15470","Global","24.07","25.09","0.00","0.00","0.00","1.02","0.00","1.02","25.09","1","Partially Paid","75.42","0.00","75.42","10/27/2013","2082.47","0.00","0.00","0.00","0.00","5214","1","","Open","25.09","0.00","0","0.00","Unknown","0","10/27/2013","Payment","PAY","25.09","(25.09)"
"4982","1","2002.57","2087.68","2002.57","2087.68","0.00","0.00","13.74","85.11","0.00","85.11","2101.42","0.00","0.00","13.74","Compound","15471","G:15471","Global","0.00","0.00","0.00","0.00","0.00","0.00","0.00","0.00","0.00","1","Unpaid","85.11","0.00","85.11","10/27/2013","2101.42","0.00","0.00","0.00","0.00"
"4882","1","2232.67","2327.56","2232.67","2327.56","0.00","0.00","6.36","94.89","0.00","94.89","2333.92","0.00","0.00","6.36","Compound","15472","G:15472","Global","0.00","0.00","0.00","0.00","0.00","0.00","0.00","0.00","0.00","1","Unpaid","94.89","0.00","94.89","10/27/2013","2333.92","0.00","0.00","0.00","0.00"
"4933","1","2464.88","2569.64","2173.17","2265.53","0.00","0.00","5.29","92.36","0.00","92.36","2270.82","0.00","0.00","5.29","Compound","15473","G:15473","Global","291.71","304.11","0.00","0.00","0.00","12.40","0.00","12.40","304.11","1","Partially Paid","104.76","0.00","104.76","10/27/2013","2574.93","0.00","0.00","0.00","0.00","5846","0","","Open","304.11","0.00","0","0.00","Other 2","0","11/28/2013","Payment","PAY","304.11","(304.11)"
"5080","1","237.44","247.53","0.00","0.00","0.00","0.00","20.62","0.00","0.00","0.00","20.62","0.00","0.00","20.62","Compound","15474","G:15474","Global","237.44","247.53","0.00","0.00","0.00","10.09","0.00","10.09","247.53","1","Partially Paid","10.09","0.00","10.09","10/27/2013","268.15","0.00","0.00","0.00","0.00","5277","1","","Open","247.53","0.00","0","0.00","Other 1","0","10/28/2013","Payment","PAY","305.10","(305.10)"
"5079","1","450.71","469.87","441.02","459.77","0.00","0.00","27.46","18.75","0.00","18.75","487.23","0.00","0.00","27.46","Compound","15475","G:15475","Global","9.69","10.10","0.00","0.00","0.00","0.41","0.00","0.41","10.10","1","Partially Paid","19.16","0.00","19.16","10/27/2013","497.33","0.00","0.00","0.00","0.00","5347","1","","Open","10.10","0.00","0","0.00","Unknown","0","10/28/2013","Credit","CRED","10.10","(10.10)"
"5164","1","0.00","0.00","0.00","0.00","0.00","0.00","16.10","0.00","0.00","0.00","16.10","0.00","0.00","41.19","Compound","15476","G:15476","Global","0.00","0.00","0.00","0.00","25.09","0.00","0.00","0.00","25.09","1","Partially Paid","0.00","0.00","0.00","10/27/2013","41.19","0.00","0.00","0.00","0.00","5165","1","","Open","0.00","0.00","0","25.09","Unknown","0","10/27/2013","Payment","PAY","25.09","(25.09)"
"5105","1","883.60","921.15","883.60","921.15","0.00","0.00","27.12","37.55","0.00","37.55","948.27","0.00","0.00","27.12","Compound","15477","G:15477","Global","0.00","0.00","0.00","0.00","0.00","0.00","0.00","0.00","0.00","1","Unpaid","37.55","0.00","37.55","10/27/2013","948.27","0.00","0.00","0.00","0.00"
"4884","1","1103.18","1150.07","254.11","264.92","0.00","0.00","14.96","10.81","0.00","10.81","279.88","0.00","0.00","14.96","Compound","15478","G:15478","Global","849.07","885.15","0.00","0.00","0.00","36.08","0.00","36.08","885.15","1","Partially Paid","46.89","0.00","46.89","10/27/2013","1165.03","0.00","0.00","0.00","0.00","3542","1","","Open","241.91","0.00","0","0.00","Japan Credit Bureau (JCB)","0","07/28/2013","Payment","PAY","309.07","(309.07)","4122","1","","Open","309.08","0.00","0","0.00","Debit Card","0","08/28/2013","Payment","PAY","309.08","(309.08)","4701","1","","Open","309.09","0.00","0","0.00","Electronic Transfer","0","09/28/2013","Payment","PAY","309.09","(309.09)","4885","1","","Open","25.07","0.00","0","0.00","Unknown","0","10/27/2013","Payment","PAY","25.07","(25.07)"
"4887","1","0.00","0.00","0.00","0.00","0.00","0.00","27.52","0.00","0.00","0.00","27.52","0.00","0.00","39.61","Compound","15479","G:15479","Global","0.00","0.00","0.00","0.00","12.09","0.00","0.00","0.00","12.09","1","Partially Paid","0.00","0.00","0.00","10/27/2013","39.61","0.00","0.00","0.00","0.00","4736","1","","Open","0.00","0.00","0","12.09","Unknown","0","09/28/2013","Payment","PAY","12.09","(12.09)"
"4890","1","1548.67","1614.49","1548.67","1614.49","0.00","0.00","48.35","65.82","0.00","65.82","1662.84","0.00","0.00","48.35","Compound","15480","G:15480","Global","0.00","0.00","0.00","0.00","0.00","0.00","0.00","0.00","0.00","1","Unpaid","65.82","0.00","65.82","10/27/2013","1662.84","0.00","0.00","0.00","0.00"
"4886","1","1774.57","1849.99","1774.57","1849.99","0.00","0.00","18.10","75.42","0.00","75.42","1868.09","0.00","0.00","18.10","Compound","15481","G:15481","Global","0.00","0.00","0.00","0.00","0.00","0.00","0.00","0.00","0.00","1","Unpaid","75.42","0.00","75.42","10/27/2013","1868.09","0.00","0.00","0.00","0.00"
"4888","1","2002.57","2087.68","1111.59","1158.83","0.00","0.00","12.81","47.24","0.00","47.24","1171.64","0.00","0.00","12.81","Compound","15482","G:15482","Global","890.98","928.85","0.00","0.00","0.00","37.87","0.00","37.87","928.85","1","Partially Paid","85.11","0.00","85.11","10/27/2013","2100.49","0.00","0.00","0.00","0.00","4889","1","","Open","928.85","0.00","0","0.00","Unknown","0","10/27/2013","Payment","PAY","928.85","(928.85)"
"4829","1","2232.67","2327.56","1931.37","2013.45","0.00","0.00","1.79","82.08","0.00","82.08","2015.24","0.00","0.00","1.79","Compound","15483","G:15483","Global","301.30","314.11","0.00","0.00","0.00","12.81","0.00","12.81","314.11","1","Partially Paid","94.89","0.00","94.89","10/27/2013","2329.35","0.00","0.00","0.00","0.00","5849","0","","Open","314.11","0.00","0","0.00","Other 2","0","11/28/2013","Payment","PAY","314.11","(314.11)"
"4983","1","2464.88","2569.64","2152.94","2244.44","0.00","0.00","7.03","91.50","0.00","91.50","2251.47","0.00","0.00","7.03","Compound","15484","G:15484","Global","311.94","325.20","0.00","0.00","0.00","13.26","0.00","13.26","325.20","1","Partially Paid","104.76","0.00","104.76","10/27/2013","2576.67","0.00","0.00","0.00","0.00","5280","1","","Open","315.10","0.00","0","0.00","Other 1","0","10/28/2013","Payment","PAY","315.10","(315.10)","5348","1","","Open","10.10","0.00","0","0.00","Unknown","0","10/28/2013","Credit","CRED","10.10","(10.10)"
"4984","1","237.44","247.53","237.44","247.53","0.00","0.00","13.77","10.09","0.00","10.09","261.30","0.00","0.00","13.77","Compound","15485","G:15485","Global","0.00","0.00","0.00","0.00","0.00","0.00","0.00","0.00","0.00","1","Unpaid","10.09","0.00","10.09","10/27/2013","261.30","0.00","0.00","0.00","0.00"
"4934","1","450.71","469.87","450.71","469.87","0.00","0.00","12.72","19.16","0.00","19.16","482.59","0.00","0.00","12.72","Compound","15486","G:15486","Global","0.00","0.00","0.00","0.00","0.00","0.00","0.00","0.00","0.00","1","Unpaid","19.16","0.00","19.16","10/27/2013","482.59","0.00","0.00","0.00","0.00"
"5218","1","0.00","0.00","0.00","0.00","0.00","0.00","45.51","0.00","0.00","0.00","45.51","0.00","0.00","45.51","Compound","15487","G:15487","Global","0.00","0.00","0.00","0.00","0.00","0.00","0.00","0.00","0.00","1","Unpaid","0.00","0.00","0.00","10/27/2013","45.51","0.00","0.00","0.00","0.00"
"5106","1","0.00","0.00","0.00","0.00","0.00","0.00","1.23","0.00","0.00","0.00","1.23","0.00","0.00","26.32","Compound","15488","G:15488","Global","0.00","0.00","0.00","0.00","25.09","0.00","0.00","0.00","25.09","1","Partially Paid","0.00","0.00","0.00","10/27/2013","26.32","0.00","0.00","0.00","0.00","5107","1","","Open","0.00","0.00","0","25.09","Unknown","0","10/27/2013","Payment","PAY","25.09","(25.09)"
"5108","1","1103.18","1150.07","796.13","829.97","0.00","0.00","35.15","33.84","0.00","33.84","865.12","0.00","0.00","35.15","Compound","15489","G:15489","Global","307.05","320.10","0.00","0.00","0.00","13.05","0.00","13.05","320.10","1","Partially Paid","46.89","0.00","46.89","10/27/2013","1185.22","0.00","0.00","0.00","0.00","5281","1","","Open","320.10","0.00","0","0.00","Other 1","0","10/28/2013","Payment","PAY","320.10","(320.10)"
"5181","1","0.00","0.00","0.00","0.00","0.00","0.00","24.63","0.00","0.00","0.00","24.63","0.00","0.00","24.63","Compound","15490","G:15490","Global","0.00","0.00","0.00","0.00","0.00","0.00","0.00","0.00","0.00","1","Unpaid","0.00","0.00","0.00","10/27/2013","24.63","0.00","0.00","0.00","0.00"
"4830","1","1548.67","1614.49","1548.67","1614.49","0.00","0.00","17.40","65.82","0.00","65.82","1631.89","0.00","0.00","17.40","Compound","15491","G:15491","Global","0.00","0.00","0.00","0.00","0.00","0.00","0.00","0.00","0.00","1","Unpaid","65.82","0.00","65.82","10/27/2013","1631.89","0.00","0.00","0.00","0.00"
"4935","1","1774.57","1849.99","1774.57","1849.99","0.00","0.00","14.39","75.42","0.00","75.42","1864.38","0.00","0.00","14.39","Compound","15492","G:15492","Global","0.00","0.00","0.00","0.00","0.00","0.00","0.00","0.00","0.00","1","Unpaid","75.42","0.00","75.42","10/27/2013","1864.38","0.00","0.00","0.00","0.00"
"5196","1","2002.57","2087.68","1681.98","1753.47","0.00","0.00","8.43","71.49","0.00","71.49","1761.90","0.00","0.00","8.43","Compound","15493","G:15493","Global","320.59","334.21","0.00","0.00","0.00","13.62","0.00","13.62","334.21","1","Partially Paid","85.11","0.00","85.11","10/27/2013","2096.11","0.00","0.00","0.00","0.00","5349","1","","Open","10.10","0.00","0","0.00","Unknown","0","10/28/2013","Credit","CRED","10.10","(10.10)","5851","0","","Open","324.11","0.00","0","0.00","Other 2","0","11/28/2013","Payment","PAY","324.11","(324.11)"
"4895","1","2232.67","2327.56","1896.75","1977.37","0.00","0.00","8.97","80.62","0.00","80.62","1986.34","0.00","0.00","8.97","Compound","15494","G:15494","Global","335.92","350.19","0.00","0.00","0.00","14.27","0.00","14.27","350.19","1","Partially Paid","94.89","0.00","94.89","10/27/2013","2336.53","0.00","0.00","0.00","0.00","4896","1","","Open","25.09","0.00","0","0.00","Unknown","0","10/27/2013","Payment","PAY","25.09","(25.09)","5282","1","","Open","325.10","0.00","0","0.00","Other 1","0","10/28/2013","Payment","PAY","325.10","(325.10)"
"4985","1","2464.88","2569.64","2464.88","2569.64","0.00","0.00","4.11","104.76","0.00","104.76","2573.75","0.00","0.00","4.11","Compound","15495","G:15495","Global","0.00","0.00","0.00","0.00","0.00","0.00","0.00","0.00","0.00","1","Unpaid","104.76","0.00","104.76","10/27/2013","2573.75","0.00","0.00","0.00","0.00"
"4831","1","237.44","247.53","237.44","247.53","0.00","0.00","11.46","10.09","0.00","10.09","258.99","0.00","0.00","11.46","Compound","15496","G:15496","Global","0.00","0.00","0.00","0.00","0.00","0.00","0.00","0.00","0.00","1","Unpaid","10.09","0.00","10.09","10/27/2013","258.99","0.00","0.00","0.00","0.00"
"5003","1","450.71","469.87","450.71","469.87","0.00","0.00","13.43","19.16","0.00","19.16","483.30","0.00","0.00","13.43","Compound","15497","G:15497","Global","0.00","0.00","0.00","0.00","0.00","0.00","0.00","0.00","0.00","1","Unpaid","19.16","0.00","19.16","10/27/2013","483.30","0.00","0.00","0.00","0.00"
"5082","1","0.00","0.00","0.00","0.00","0.00","0.00","22.15","0.00","0.00","0.00","22.15","0.00","0.00","22.15","Compound","15498","G:15498","Global","0.00","0.00","0.00","0.00","0.00","0.00","0.00","0.00","0.00","1","Unpaid","0.00","0.00","0.00","10/27/2013","22.15","0.00","0.00","0.00","0.00"
"4792","1","883.60","921.15","566.96","591.05","0.00","0.00","19.25","24.09","0.00","24.09","610.30","0.00","0.00","19.25","Compound","15499","G:15499","Global","316.64","330.10","0.00","0.00","0.00","13.46","0.00","13.46","330.10","1","Partially Paid","37.55","0.00","37.55","10/27/2013","940.40","0.00","0.00","0.00","0.00","5283","1","","Open","330.10","0.00","0","0.00","Other 1","0","10/28/2013","Payment","PAY","330.10","(330.10)"
"5153","1","1103.18","1150.07","1079.11","1124.98","0.00","0.00","22.39","45.87","0.00","45.87","1147.37","0.00","0.00","22.39","Compound","15500","G:15500","Global","24.07","25.09","0.00","0.00","0.00","1.02","0.00","1.02","25.09","1","Partially Paid","46.89","0.00","46.89","10/27/2013","1172.46","0.00","0.00","0.00","0.00","5154","1","","Open","25.09","0.00","0","0.00","Unknown","0","10/27/2013","Payment","PAY","25.09","(25.09)"
"4959","1","0.00","0.00","0.00","0.00","0.00","0.00","28.58","0.00","0.00","0.00","28.58","0.00","0.00","28.58","Compound","15501","G:15501","Global","0.00","0.00","0.00","0.00","0.00","0.00","0.00","0.00","0.00","1","Unpaid","0.00","0.00","0.00","10/27/2013","28.58","0.00","0.00","0.00","0.00"
"4873","1","1548.67","1614.49","1538.98","1604.39","0.00","0.00","27.11","65.41","0.00","65.41","1631.50","0.00","0.00","27.11","Compound","15502","G:15502","Global","9.69","10.10","0.00","0.00","0.00","0.41","0.00","0.41","10.10","1","Partially Paid","65.82","0.00","65.82","10/27/2013","1641.60","0.00","0.00","0.00","0.00","5350","1","","Open","10.10","0.00","0","0.00","Unknown","0","10/28/2013","Credit","CRED","10.10","(10.10)"
"4936","1","1774.57","1849.99","1454.08","1515.88","0.00","0.00","15.52","61.80","0.00","61.80","1531.40","0.00","0.00","15.52","Compound","15503","G:15503","Global","320.49","334.11","0.00","0.00","0.00","13.62","0.00","13.62","334.11","1","Partially Paid","75.42","0.00","75.42","10/27/2013","1865.51","0.00","0.00","0.00","0.00","5853","0","","Open","334.11","0.00","0","0.00","Other 2","0","11/28/2013","Payment","PAY","334.11","(334.11)"
"4914","1","2002.57","2087.68","1681.13","1752.58","0.00","0.00","11.16","71.45","0.00","71.45","1763.74","0.00","0.00","11.16","Compound","15504","G:15504","Global","321.44","335.10","0.00","0.00","0.00","13.66","0.00","13.66","335.10","1","Partially Paid","85.11","0.00","85.11","10/27/2013","2098.84","0.00","0.00","0.00","0.00","5284","1","","Open","335.10","0.00","0","0.00","Other 1","0","10/28/2013","Payment","PAY","335.10","(335.10)"
"4862","1","2232.67","2327.56","2232.67","2327.56","0.00","0.00","246.67","94.89","0.00","94.89","2574.23","0.00","0.00","246.67","Compound","15505","G:15505","Global","0.00","0.00","0.00","0.00","0.00","0.00","0.00","0.00","0.00","1","Unpaid","94.89","0.00","94.89","10/27/2013","2574.23","0.00","0.00","0.00","0.00"
"4832","1","2464.88","2569.64","2440.81","2544.55","0.00","0.00","5.29","103.74","0.00","103.74","2549.84","0.00","0.00","5.29","Compound","15506","G:15506","Global","24.07","25.09","0.00","0.00","0.00","1.02","0.00","1.02","25.09","1","Partially Paid","104.76","0.00","104.76","10/27/2013","2574.93","0.00","0.00","0.00","0.00","4833","1","","Open","25.09","0.00","0","0.00","Unknown","0","10/27/2013","Payment","PAY","25.09","(25.09)"
"5217","1","237.44","247.53","237.44","247.53","0.00","0.00","12.35","10.09","0.00","10.09","259.88","0.00","0.00","12.35","Compound","15507","G:15507","Global","0.00","0.00","0.00","0.00","0.00","0.00","0.00","0.00","0.00","1","Unpaid","10.09","0.00","10.09","10/27/2013","259.88","0.00","0.00","0.00","0.00"
"5155","1","450.71","469.87","125.43","130.76","0.00","0.00","14.24","5.33","0.00","5.33","145.00","0.00","0.00","14.24","Compound","15508","G:15508","Global","325.28","339.11","0.00","0.00","0.00","13.83","0.00","13.83","339.11","1","Partially Paid","19.16","0.00","19.16","10/27/2013","484.11","0.00","0.00","0.00","0.00","5854","0","","Open","339.11","0.00","0","0.00","Other 2","0","11/28/2013","Payment","PAY","339.11","(339.11)"
"5157","1","0.00","0.00","0.00","0.00","0.00","0.00","19.22","0.00","0.00","0.00","19.22","0.00","0.00","19.22","Compound","15509","G:15509","Global","0.00","0.00","0.00","0.00","0.00","0.00","0.00","0.00","0.00","1","Unpaid","0.00","0.00","0.00","10/27/2013","19.22","0.00","0.00","0.00","0.00"
"4986","1","883.60","921.15","883.60","921.15","0.00","0.00","18.58","37.55","0.00","37.55","939.73","0.00","0.00","18.58","Compound","15510","G:15510","Global","0.00","0.00","0.00","0.00","0.00","0.00","0.00","0.00","0.00","1","Unpaid","37.55","0.00","37.55","10/27/2013","939.73","0.00","0.00","0.00","0.00"
"5197","1","1103.18","1150.07","1093.49","1139.97","0.00","0.00","22.82","46.48","0.00","46.48","1162.79","0.00","0.00","22.82","Compound","15511","G:15511","Global","9.69","10.10","0.00","0.00","0.00","0.41","0.00","0.41","10.10","1","Partially Paid","46.89","0.00","46.89","10/27/2013","1172.89","0.00","0.00","0.00","0.00","5351","1","","Open","10.10","0.00","0","0.00","Unknown","0","10/28/2013","Credit","CRED","10.10","(10.10)"
"5127","1","0.00","0.00","0.00","0.00","0.00","0.00","3.88","0.00","0.00","0.00","3.88","0.00","0.00","28.97","Compound","15512","G:15512","Global","0.00","0.00","0.00","0.00","25.09","0.00","0.00","0.00","25.09","1","Partially Paid","0.00","0.00","0.00","10/27/2013","28.97","0.00","0.00","0.00","0.00","5128","1","","Open","0.00","0.00","0","25.09","Unknown","0","10/27/2013","Payment","PAY","25.09","(25.09)"
"5158","1","0.00","0.00","0.00","0.00","0.00","0.00","27.60","0.00","0.00","0.00","27.60","0.00","0.00","27.60","Compound","15513","G:15513","Global","0.00","0.00","0.00","0.00","0.00","0.00","0.00","0.00","0.00","1","Unpaid","0.00","0.00","0.00","10/27/2013","27.60","0.00","0.00","0.00","0.00"
"5219","1","1774.57","1849.99","1443.54","1504.89","0.00","0.00","12.45","61.35","0.00","61.35","1517.34","0.00","0.00","12.45","Compound","15514","G:15514","Global","331.03","345.10","0.00","0.00","0.00","14.07","0.00","14.07","345.10","1","Partially Paid","75.42","0.00","75.42","10/27/2013","1862.44","0.00","0.00","0.00","0.00","5286","1","","Open","345.10","0.00","0","0.00","Other 1","0","10/28/2013","Payment","PAY","345.10","(345.10)"
"5053","1","2002.57","2087.68","1995.30","2080.10","0.00","0.00","4.28","84.80","0.00","84.80","2084.38","0.00","0.00","4.28","Compound","15515","G:15515","Global","7.27","7.58","0.00","0.00","0.00","0.31","0.00","0.31","7.58","1","Partially Paid","85.11","0.00","85.11","10/27/2013","2091.96","0.00","0.00","0.00","0.00","5054","1","","Open","7.58","0.00","0","0.00","Unknown","0","10/27/2013","Payment","PAY","7.58","(7.58)"
"5220","1","2232.67","2327.56","2232.67","2327.56","0.00","0.00","7.28","94.89","0.00","94.89","2334.84","0.00","0.00","7.28","Compound","15516","G:15516","Global","0.00","0.00","0.00","0.00","0.00","0.00","0.00","0.00","0.00","1","Unpaid","94.89","0.00","94.89","10/27/2013","2334.84","0.00","0.00","0.00","0.00"
"5124","1","2464.88","2569.64","2464.88","2569.64","0.00","0.00","0.41","104.76","0.00","104.76","2570.05","0.00","0.00","0.41","Compound","15517","G:15517","Global","0.00","0.00","0.00","0.00","0.00","0.00","0.00","0.00","0.00","1","Unpaid","104.76","0.00","104.76","10/27/2013","2570.05","0.00","0.00","0.00","0.00"
"4897","1","237.44","247.53","0.00","0.00","0.00","0.00","11.29","0.00","0.00","0.00","11.29","0.00","0.00","11.29","Compound","15518","G:15518","Global","237.44","247.53","0.00","0.00","0.00","10.09","0.00","10.09","247.53","1","Partially Paid","10.09","0.00","10.09","10/27/2013","258.82","0.00","0.00","0.00","0.00","4898","1","","Open","25.09","0.00","0","0.00","Unknown","0","10/27/2013","Payment","PAY","25.09","(25.09)","5856","0","","Open","222.44","0.00","0","0.00","Other 2","0","11/28/2013","Payment","PAY","349.11","(349.11)"
"5221","1","450.71","469.87","114.89","119.77","0.00","0.00","10.49","4.88","0.00","4.88","130.26","0.00","0.00","10.49","Compound","15519","G:15519","Global","335.82","350.10","0.00","0.00","0.00","14.28","0.00","14.28","350.10","1","Partially Paid","19.16","0.00","19.16","10/27/2013","480.36","0.00","0.00","0.00","0.00","5287","1","","Open","350.10","0.00","0","0.00","Other 1","0","10/28/2013","Payment","PAY","350.10","(350.10)"
"5159","1","0.00","0.00","0.00","0.00","0.00","0.00","5.96","0.00","0.00","0.00","5.96","0.00","0.00","16.06","Compound","15520","G:15520","Global","0.00","0.00","0.00","0.00","10.10","0.00","0.00","0.00","10.10","1","Partially Paid","0.00","0.00","0.00","10/27/2013","16.06","0.00","0.00","0.00","0.00","5352","1","","Open","0.00","0.00","0","10.10","Unknown","0","10/28/2013","Credit","CRED","10.10","(10.10)"
"5083","1","883.60","921.15","883.60","921.15","0.00","0.00","17.42","37.55","0.00","37.55","938.57","0.00","0.00","17.42","Compound","15521","G:15521","Global","0.00","0.00","0.00","0.00","0.00","0.00","0.00","0.00","0.00","1","Unpaid","37.55","0.00","37.55","10/27/2013","938.57","0.00","0.00","0.00","0.00"
"4937","1","1103.18","1150.07","1103.18","1150.07","0.00","0.00","21.67","46.89","0.00","46.89","1171.74","0.00","0.00","21.67","Compound","15522","G:15522","Global","0.00","0.00","0.00","0.00","0.00","0.00","0.00","0.00","0.00","1","Unpaid","46.89","0.00","46.89","10/27/2013","1171.74","0.00","0.00","0.00","0.00"
"5084","1","0.00","0.00","0.00","0.00","0.00","0.00","27.68","0.00","0.00","0.00","27.68","0.00","0.00","27.68","Compound","15523","G:15523","Global","0.00","0.00","0.00","0.00","0.00","0.00","0.00","0.00","0.00","1","Unpaid","0.00","0.00","0.00","10/27/2013","27.68","0.00","0.00","0.00","0.00"
"4938","1","1548.67","1614.49","1183.98","1234.30","0.00","0.00","28.00","50.32","0.00","50.32","1262.30","0.00","0.00","28.00","Compound","15524","G:15524","Global","364.69","380.19","0.00","0.00","0.00","15.50","0.00","15.50","380.19","1","Partially Paid","65.82","0.00","65.82","10/27/2013","1642.49","0.00","0.00","0.00","0.00","4939","1","","Open","25.09","0.00","0","0.00","Unknown","0","10/27/2013","Payment","PAY","25.09","(25.09)","5288","1","","Open","355.10","0.00","0","0.00","Other 1","0","10/28/2013","Payment","PAY","355.10","(355.10)"
"4834","1","1774.57","1849.99","1774.57","1849.99","0.00","0.00","15.01","75.42","0.00","75.42","1865.00","0.00","0.00","15.01","Compound","15525","G:15525","Global","0.00","0.00","0.00","0.00","0.00","0.00","0.00","0.00","0.00","1","Unpaid","75.42","0.00","75.42","10/27/2013","1865.00","0.00","0.00","0.00","0.00"
"4987","1","2002.57","2087.68","1997.94","2082.85","0.00","0.00","9.06","84.91","0.00","84.91","2091.91","0.00","0.00","9.06","Compound","15526","G:15526","Global","4.63","4.83","0.00","0.00","0.00","0.20","0.00","0.20","4.83","1","Partially Paid","85.11","0.00","85.11","10/27/2013","2096.74","0.00","0.00","0.00","0.00","4988","1","","Open","4.83","0.00","0","0.00","Unknown","0","10/27/2013","Payment","PAY","4.83","(4.83)"
"5085","1","2232.67","2327.56","2232.67","2327.56","0.00","0.00","9.06","94.89","0.00","94.89","2336.62","0.00","0.00","9.06","Compound","15527","G:15527","Global","0.00","0.00","0.00","0.00","0.00","0.00","0.00","0.00","0.00","1","Unpaid","94.89","0.00","94.89","10/27/2013","2336.62","0.00","0.00","0.00","0.00"
"5081","1","2464.88","2569.64","2120.41","2210.53","0.00","0.00","4.11","90.12","0.00","90.12","2214.64","0.00","0.00","4.11","Compound","15528","G:15528","Global","344.47","359.11","0.00","0.00","0.00","14.64","0.00","14.64","359.11","1","Partially Paid","104.76","0.00","104.76","10/27/2013","2573.75","0.00","0.00","0.00","0.00","5858","0","","Open","359.11","0.00","0","0.00","Other 2","0","11/28/2013","Payment","PAY","359.11","(359.11)"
"4899","1","237.44","247.53","0.00","0.00","0.00","0.00","2.52","0.00","0.00","0.00","2.52","0.00","0.00","12.62","Compound","15529","G:15529","Global","237.44","247.53","0.00","0.00","10.10","10.09","0.00","10.09","257.63","1","Partially Paid","10.09","0.00","10.09","10/27/2013","260.15","0.00","0.00","0.00","0.00","5289","1","","Open","247.53","0.00","0","0.00","Other 1","0","10/28/2013","Payment","PAY","360.10","(360.10)","5353","1","","Open","0.00","0.00","0","10.10","Unknown","0","10/28/2013","Credit","CRED","10.10","(10.10)"
"5182","1","450.71","469.87","426.64","444.78","0.00","0.00","35.43","18.14","0.00","18.14","480.21","0.00","0.00","35.43","Compound","15530","G:15530","Global","24.07","25.09","0.00","0.00","0.00","1.02","0.00","1.02","25.09","1","Partially Paid","19.16","0.00","19.16","10/27/2013","505.30","0.00","0.00","0.00","0.00","5183","1","","Open","25.09","0.00","0","0.00","Unknown","0","10/27/2013","Payment","PAY","25.09","(25.09)"
"5062","1","0.00","0.00","0.00","0.00","0.00","0.00","35.92","0.00","0.00","0.00","35.92","0.00","0.00","35.92","Compound","15531","G:15531","Global","0.00","0.00","0.00","0.00","0.00","0.00","0.00","0.00","0.00","1","Unpaid","0.00","0.00","0.00","10/27/2013","35.92","0.00","0.00","0.00","0.00"
"4900","1","883.60","921.15","883.60","921.15","0.00","0.00","15.38","37.55","0.00","37.55","936.53","0.00","0.00","15.38","Compound","15532","G:15532","Global","0.00","0.00","0.00","0.00","0.00","0.00","0.00","0.00","0.00","1","Unpaid","37.55","0.00","37.55","10/27/2013","936.53","0.00","0.00","0.00","0.00"
"5109","1","1103.18","1150.07","753.92","785.96","0.00","0.00","33.53","32.04","0.00","32.04","819.49","0.00","0.00","33.53","Compound","15533","G:15533","Global","349.26","364.11","0.00","0.00","0.00","14.85","0.00","14.85","364.11","1","Partially Paid","46.89","0.00","46.89","10/27/2013","1183.60","0.00","0.00","0.00","0.00","5859","0","","Open","364.11","0.00","0","0.00","Other 2","0","11/28/2013","Payment","PAY","364.11","(364.11)"
"5222","1","0.00","0.00","0.00","0.00","0.00","0.00","58.53","0.00","0.00","0.00","58.53","0.00","0.00","58.53","Compound","15534","G:15534","Global","0.00","0.00","0.00","0.00","0.00","0.00","0.00","0.00","0.00","1","Unpaid","0.00","0.00","0.00","10/27/2013","58.53","0.00","0.00","0.00","0.00"
"5110","1","1548.67","1614.49","1548.67","1614.49","0.00","0.00","39.99","65.82","0.00","65.82","1654.48","0.00","0.00","39.99","Compound","15535","G:15535","Global","0.00","0.00","0.00","0.00","0.00","0.00","0.00","0.00","0.00","1","Unpaid","65.82","0.00","65.82","10/27/2013","1654.48","0.00","0.00","0.00","0.00"
"4901","1","1774.57","1849.99","1750.50","1824.90","0.00","0.00","13.15","74.40","0.00","74.40","1838.05","0.00","0.00","13.15","Compound","15536","G:15536","Global","24.07","25.09","0.00","0.00","0.00","1.02","0.00","1.02","25.09","1","Partially Paid","75.42","0.00","75.42","10/27/2013","1863.14","0.00","0.00","0.00","0.00","4902","1","","Open","25.09","0.00","0","0.00","Unknown","0","10/27/2013","Payment","PAY","25.09","(25.09)"
"4940","1","2002.57","2087.68","1987.49","2071.96","0.00","0.00","9.06","84.47","0.00","84.47","2081.02","0.00","0.00","9.06","Compound","15537","G:15537","Global","15.08","15.72","0.00","0.00","0.00","0.64","0.00","0.64","15.72","1","Partially Paid","85.11","0.00","85.11","10/27/2013","2096.74","0.00","0.00","0.00","0.00","4941","1","","Open","15.72","0.00","0","0.00","Unknown","0","10/27/2013","Payment","PAY","15.72","(15.72)"
"5027","1","0.00","0.00","0.00","0.00","0.00","0.00","6.41","0.00","0.00","0.00","6.41","0.00","0.00","16.51","Compound","15538","G:15538","Global","0.00","0.00","0.00","0.00","10.10","0.00","0.00","0.00","10.10","1","Partially Paid","0.00","0.00","0.00","10/27/2013","16.51","0.00","0.00","0.00","0.00","5354","1","","Open","0.00","0.00","0","10.10","Unknown","0","10/28/2013","Credit","CRED","10.10","(10.10)"
"4960","1","2464.88","2569.64","2106.65","2196.18","0.00","0.00","5.55","89.53","0.00","89.53","2201.73","0.00","0.00","5.55","Compound","15539","G:15539","Global","358.23","373.46","0.00","0.00","0.00","15.23","0.00","15.23","373.46","1","Partially Paid","104.76","0.00","104.76","10/27/2013","2575.19","0.00","0.00","0.00","0.00","4777","1","","Open","3.36","0.00","0","0.00","Unknown","0","09/28/2013","Credit","CRED","9.09","(9.09)","5291","1","","Open","370.10","0.00","0","0.00","Other 1","0","10/28/2013","Payment","PAY","370.10","(370.10)"
"4989","1","237.44","247.53","237.44","247.53","0.00","0.00","283.49","10.09","0.00","10.09","531.02","0.00","0.00","283.49","Compound","15540","G:15540","Global","0.00","0.00","0.00","0.00","0.00","0.00","0.00","0.00","0.00","1","Unpaid","10.09","0.00","10.09","10/27/2013","531.02","0.00","0.00","0.00","0.00"
"4835","1","450.71","469.87","450.71","469.87","0.00","0.00","1.35","19.16","0.00","19.16","471.22","0.00","0.00","1.35","Compound","15541","G:15541","Global","0.00","0.00","0.00","0.00","0.00","0.00","0.00","0.00","0.00","1","Unpaid","19.16","0.00","19.16","10/27/2013","471.22","0.00","0.00","0.00","0.00"
"5209","1","0.00","0.00","0.00","0.00","0.00","0.00","13.44","0.00","0.00","0.00","13.44","0.00","0.00","38.53","Compound","15542","G:15542","Global","0.00","0.00","0.00","0.00","25.09","0.00","0.00","0.00","25.09","1","Partially Paid","0.00","0.00","0.00","10/27/2013","38.53","0.00","0.00","0.00","0.00","5210","1","","Open","0.00","0.00","0","25.09","Unknown","0","10/27/2013","Payment","PAY","25.09","(25.09)"
"5117","1","883.60","921.15","524.74","547.04","0.00","0.00","16.93","22.30","0.00","22.30","563.97","0.00","0.00","16.93","Compound","15543","G:15543","Global","358.86","374.11","0.00","0.00","0.00","15.25","0.00","15.25","374.11","1","Partially Paid","37.55","0.00","37.55","10/27/2013","938.08","0.00","0.00","0.00","0.00","5861","0","","Open","374.11","0.00","0","0.00","Other 2","0","11/28/2013","Payment","PAY","374.11","(374.11)"
"4837","1","1103.18","1150.07","743.37","774.97","0.00","0.00","16.84","31.60","0.00","31.60","791.81","0.00","0.00","16.84","Compound","15544","G:15544","Global","359.81","375.10","0.00","0.00","0.00","15.29","0.00","15.29","375.10","1","Partially Paid","46.89","0.00","46.89","10/27/2013","1166.91","0.00","0.00","0.00","0.00","5292","1","","Open","375.10","0.00","0","0.00","Other 1","0","10/28/2013","Payment","PAY","375.10","(375.10)"
"4836","1","0.00","0.00","0.00","0.00","0.00","0.00","20.12","0.00","0.00","0.00","20.12","0.00","0.00","20.12","Compound","15545","G:15545","Global","0.00","0.00","0.00","0.00","0.00","0.00","0.00","0.00","0.00","1","Unpaid","0.00","0.00","0.00","10/27/2013","20.12","0.00","0.00","0.00","0.00"
"5028","1","1548.67","1614.49","1548.67","1614.49","0.00","0.00","34.63","65.82","0.00","65.82","1649.12","0.00","0.00","34.63","Compound","15546","G:15546","Global","0.00","0.00","0.00","0.00","0.00","0.00","0.00","0.00","0.00","1","Unpaid","65.82","0.00","65.82","10/27/2013","1649.12","0.00","0.00","0.00","0.00"
"4990","1","1774.57","1849.99","1764.88","1839.89","0.00","0.00","19.03","75.01","0.00","75.01","1858.92","0.00","0.00","19.03","Compound","15547","G:15547","Global","9.69","10.10","0.00","0.00","0.00","0.41","0.00","0.41","10.10","1","Partially Paid","75.42","0.00","75.42","10/27/2013","1869.02","0.00","0.00","0.00","0.00","5355","1","","Open","10.10","0.00","0","0.00","Unknown","0","10/28/2013","Credit","CRED","10.10","(10.10)"
"4838","1","2002.57","2087.68","1610.11","1678.54","0.00","0.00","4.02","68.43","0.00","68.43","1682.56","0.00","0.00","4.02","Compound","15548","G:15548","Global","392.46","409.14","0.00","0.00","0.00","16.68","0.00","16.68","409.14","1","Partially Paid","85.11","0.00","85.11","10/27/2013","2091.70","0.00","0.00","0.00","0.00","4778","1","","Open","4.94","0.00","0","0.00","Unknown","0","09/28/2013","Credit","CRED","9.09","(9.09)","4839","1","","Open","25.09","0.00","0","0.00","Unknown","0","10/27/2013","Payment","PAY","25.09","(25.09)","5862","0","","Open","379.11","0.00","0","0.00","Other 2","0","11/28/2013","Payment","PAY","379.11","(379.11)"
"4991","1","2232.67","2327.56","1868.07","1947.46","0.00","0.00","14.95","79.39","0.00","79.39","1962.41","0.00","0.00","14.95","Compound","15549","G:15549","Global","364.60","380.10","0.00","0.00","0.00","15.50","0.00","15.50","380.10","1","Partially Paid","94.89","0.00","94.89","10/27/2013","2342.51","0.00","0.00","0.00","0.00","5293","1","","Open","380.10","0.00","0","0.00","Other 1","0","10/28/2013","Payment","PAY","380.10","(380.10)"
"4859","1","2464.88","2569.64","2464.88","2569.64","0.00","0.00","3.84","104.76","0.00","104.76","2573.48","0.00","0.00","3.84","Compound","15550","G:15550","Global","0.00","0.00","0.00","0.00","0.00","0.00","0.00","0.00","0.00","1","Unpaid","104.76","0.00","104.76","10/27/2013","2573.48","0.00","0.00","0.00","0.00"
"4992","1","237.44","247.53","237.44","247.53","0.00","0.00","11.08","10.09","0.00","10.09","258.61","0.00","0.00","11.08","Compound","15551","G:15551","Global","0.00","0.00","0.00","0.00","0.00","0.00","0.00","0.00","0.00","1","Unpaid","10.09","0.00","10.09","10/27/2013","258.61","0.00","0.00","0.00","0.00"
"4906","1","450.71","469.87","450.71","469.87","0.00","0.00","12.96","19.16","0.00","19.16","482.83","0.00","0.00","12.96","Compound","15552","G:15552","Global","0.00","0.00","0.00","0.00","0.00","0.00","0.00","0.00","0.00","1","Unpaid","19.16","0.00","19.16","10/27/2013","482.83","0.00","0.00","0.00","0.00"
"5130","1","0.00","0.00","0.00","0.00","0.00","0.00","16.38","0.00","0.00","0.00","16.38","0.00","0.00","16.38","Compound","15553","G:15553","Global","0.00","0.00","0.00","0.00","0.00","0.00","0.00","0.00","0.00","1","Unpaid","0.00","0.00","0.00","10/27/2013","16.38","0.00","0.00","0.00","0.00"
"5111","1","883.60","921.15","490.13","510.96","0.00","0.00","18.99","20.83","0.00","20.83","529.95","0.00","0.00","18.99","Compound","15554","G:15554","Global","393.47","410.19","0.00","0.00","0.00","16.72","0.00","16.72","410.19","1","Partially Paid","37.55","0.00","37.55","10/27/2013","940.14","0.00","0.00","0.00","0.00","5112","1","","Open","25.09","0.00","0","0.00","Unknown","0","10/27/2013","Payment","PAY","25.09","(25.09)","5294","1","","Open","385.10","0.00","0","0.00","Other 1","0","10/28/2013","Payment","PAY","385.10","(385.10)"
"5030","1","1103.18","1150.07","1102.29","1149.14","0.00","0.00","21.79","46.85","0.00","46.85","1170.93","0.00","0.00","21.79","Compound","15555","G:15555","Global","0.89","0.93","0.00","0.00","0.00","0.04","0.00","0.04","0.93","1","Partially Paid","46.89","0.00","46.89","10/27/2013","1171.86","0.00","0.00","0.00","0.00","5031","1","","Open","0.93","0.00","0","0.00","Unknown","0","10/27/2013","Payment","PAY","0.93","(0.93)"
"4993","1","0.00","0.00","0.00","0.00","0.00","0.00","17.96","0.00","0.00","0.00","17.96","0.00","0.00","28.06","Compound","15556","G:15556","Global","0.00","0.00","0.00","0.00","10.10","0.00","0.00","0.00","10.10","1","Partially Paid","0.00","0.00","0.00","10/27/2013","28.06","0.00","0.00","0.00","0.00","5356","1","","Open","0.00","0.00","0","10.10","Unknown","0","10/28/2013","Credit","CRED","10.10","(10.10)"
"5032","1","1548.67","1614.49","1548.67","1614.49","0.00","0.00","26.65","65.82","0.00","65.82","1641.14","0.00","0.00","26.65","Compound","15557","G:15557","Global","0.00","0.00","0.00","0.00","0.00","0.00","0.00","0.00","0.00","1","Unpaid","65.82","0.00","65.82","10/27/2013","1641.14","0.00","0.00","0.00","0.00"
"4942","1","1774.57","1849.99","1401.32","1460.88","0.00","0.00","15.05","59.56","0.00","59.56","1475.93","0.00","0.00","15.05","Compound","15558","G:15558","Global","373.25","389.11","0.00","0.00","0.00","15.86","0.00","15.86","389.11","1","Partially Paid","75.42","0.00","75.42","10/27/2013","1865.04","0.00","0.00","0.00","0.00","5864","0","","Open","389.11","0.00","0","0.00","Other 2","0","11/28/2013","Payment","PAY","389.11","(389.11)"
"5001","1","2002.57","2087.68","1628.37","1697.58","0.00","0.00","10.91","69.21","0.00","69.21","1708.49","0.00","0.00","10.91","Compound","15559","G:15559","Global","374.20","390.10","0.00","0.00","0.00","15.90","0.00","15.90","390.10","1","Partially Paid","85.11","0.00","85.11","10/27/2013","2098.59","0.00","0.00","0.00","0.00","5295","1","","Open","390.10","0.00","0","0.00","Other 1","0","10/28/2013","Payment","PAY","390.10","(390.10)"
"5063","1","2232.67","2327.56","2208.60","2302.47","0.00","0.00","9.22","93.87","0.00","93.87","2311.69","0.00","0.00","9.22","Compound","15560","G:15560","Global","24.07","25.09","0.00","0.00","0.00","1.02","0.00","1.02","25.09","1","Partially Paid","94.89","0.00","94.89","10/27/2013","2336.78","0.00","0.00","0.00","0.00","5064","1","","Open","25.09","0.00","0","0.00","Unknown","0","10/27/2013","Payment","PAY","25.09","(25.09)"
"5223","1","2464.88","2569.64","2464.88","2569.64","0.00","0.00","3.75","104.76","0.00","104.76","2573.39","0.00","0.00","3.75","Compound","15561","G:15561","Global","0.00","0.00","0.00","0.00","0.00","0.00","0.00","0.00","0.00","1","Unpaid","104.76","0.00","104.76","10/27/2013","2573.39","0.00","0.00","0.00","0.00"
"5225","1","237.44","247.53","237.44","247.53","0.00","0.00","10.89","10.09","0.00","10.09","258.42","0.00","0.00","10.89","Compound","15562","G:15562","Global","0.00","0.00","0.00","0.00","0.00","0.00","0.00","0.00","0.00","1","Unpaid","10.09","0.00","10.09","10/27/2013","258.42","0.00","0.00","0.00","0.00"
"4961","1","0.00","0.00","0.00","0.00","0.00","0.00","12.88","0.00","0.00","0.00","12.88","0.00","0.00","12.88","Compound","15563","G:15563","Global","0.00","0.00","0.00","0.00","0.00","0.00","0.00","0.00","0.00","1","Unpaid","0.00","0.00","0.00","10/27/2013","12.88","0.00","0.00","0.00","0.00"
"5055","1","0.00","0.00","0.00","0.00","0.00","0.00","15.17","0.00","0.00","0.00","15.17","0.00","0.00","15.17","Compound","15564","G:15564","Global","0.00","0.00","0.00","0.00","0.00","0.00","0.00","0.00","0.00","1","Unpaid","0.00","0.00","0.00","10/27/2013","15.17","0.00","0.00","0.00","0.00"
"5184","1","0.00","0.00","0.00","0.00","0.00","0.00","7.22","0.00","0.00","0.00","7.22","0.00","0.00","17.32","Compound","15565","G:15565","Global","0.00","0.00","0.00","0.00","10.10","0.00","0.00","0.00","10.10","1","Partially Paid","0.00","0.00","0.00","10/27/2013","17.32","0.00","0.00","0.00","0.00","5357","1","","Open","0.00","0.00","0","10.10","Unknown","0","10/28/2013","Credit","CRED","10.10","(10.10)"
"5004","1","0.00","0.00","0.00","0.00","0.00","0.00","0.00","0.00","0.00","0.00","0.00","0.00","0.00","14.05","Compound","15566","G:15566","Global","0.00","0.00","0.00","0.00","14.05","0.00","0.00","0.00","14.05","1","Paid in Full","0.00","0.00","0.00","10/27/2013","14.05","0.00","0.00","0.00","0.00","5005","1","","Open","0.00","0.00","0","14.05","Unknown","0","10/27/2013","Payment","PAY","14.05","(14.05)"
"5086","1","0.00","0.00","0.00","0.00","0.00","0.00","18.21","0.00","0.00","0.00","18.21","0.00","0.00","18.21","Compound","15567","G:15567","Global","0.00","0.00","0.00","0.00","0.00","0.00","0.00","0.00","0.00","1","Unpaid","0.00","0.00","0.00","10/27/2013","18.21","0.00","0.00","0.00","0.00"
"4962","1","0.00","0.00","0.00","0.00","0.00","0.00","25.94","0.00","0.00","0.00","25.94","0.00","0.00","25.94","Compound","15568","G:15568","Global","0.00","0.00","0.00","0.00","0.00","0.00","0.00","0.00","0.00","1","Unpaid","0.00","0.00","0.00","10/27/2013","25.94","0.00","0.00","0.00","0.00"
"5200","1","0.00","0.00","0.00","0.00","0.00","0.00","15.21","0.00","0.00","0.00","15.21","0.00","0.00","15.21","Compound","15569","G:15569","Global","0.00","0.00","0.00","0.00","0.00","0.00","0.00","0.00","0.00","1","Unpaid","0.00","0.00","0.00","10/27/2013","15.21","0.00","0.00","0.00","0.00"
"5056","1","0.00","0.00","0.00","0.00","0.00","0.00","8.65","0.00","0.00","0.00","8.65","0.00","0.00","8.65","Compound","15570","G:15570","Global","0.00","0.00","0.00","0.00","0.00","0.00","0.00","0.00","0.00","1","Unpaid","0.00","0.00","0.00","10/27/2013","8.65","0.00","0.00","0.00","0.00"
"4907","1","0.00","0.00","0.00","0.00","0.00","0.00","8.77","0.00","0.00","0.00","8.77","0.00","0.00","8.77","Compound","15571","G:15571","Global","0.00","0.00","0.00","0.00","0.00","0.00","0.00","0.00","0.00","1","Unpaid","0.00","0.00","0.00","10/27/2013","8.77","0.00","0.00","0.00","0.00"
"4994","1","0.00","0.00","0.00","0.00","0.00","0.00","0.00","0.00","0.00","0.00","0.00","0.00","0.00","3.80","Compound","15572","G:15572","Global","0.00","0.00","0.00","0.00","3.80","0.00","0.00","0.00","3.80","1","Paid in Full","0.00","0.00","0.00","10/27/2013","3.80","0.00","0.00","0.00","0.00","4995","1","","Open","0.00","0.00","0","3.80","Unknown","0","10/27/2013","Payment","PAY","3.80","(3.80)"
"4996","1","0.00","0.00","0.00","0.00","0.00","0.00","10.72","0.00","0.00","0.00","10.72","0.00","0.00","10.72","Compound","15573","G:15573","Global","0.00","0.00","0.00","0.00","0.00","0.00","0.00","0.00","0.00","1","Unpaid","0.00","0.00","0.00","10/27/2013","10.72","0.00","0.00","0.00","0.00"
"5057","1","0.00","0.00","0.00","0.00","0.00","0.00","3.80","0.00","0.00","0.00","3.80","0.00","0.00","13.90","Compound","15574","G:15574","Global","0.00","0.00","0.00","0.00","10.10","0.00","0.00","0.00","10.10","1","Partially Paid","0.00","0.00","0.00","10/27/2013","13.90","0.00","0.00","0.00","0.00","5358","1","","Open","0.00","0.00","0","10.10","Unknown","0","10/28/2013","Credit","CRED","10.10","(10.10)"
"4840","1","0.00","0.00","0.00","0.00","0.00","0.00","322.66","0.00","0.00","0.00","322.66","0.00","0.00","322.66","Compound","15575","G:15575","Global","0.00","0.00","0.00","0.00","0.00","0.00","0.00","0.00","0.00","1","Unpaid","0.00","0.00","0.00","10/27/2013","322.66","0.00","0.00","0.00","0.00"
"5163","1","0.00","0.00","0.00","0.00","0.00","0.00","25.92","0.00","0.00","0.00","25.92","0.00","0.00","25.92","Compound","15576","G:15576","Global","0.00","0.00","0.00","0.00","0.00","0.00","0.00","0.00","0.00","1","Unpaid","0.00","0.00","0.00","10/27/2013","25.92","0.00","0.00","0.00","0.00"
"4841","1","0.00","0.00","0.00","0.00","0.00","0.00","3.40","0.00","0.00","0.00","3.40","0.00","0.00","28.49","Compound","15577","G:15577","Global","0.00","0.00","0.00","0.00","25.09","0.00","0.00","0.00","25.09","1","Partially Paid","0.00","0.00","0.00","10/27/2013","28.49","0.00","0.00","0.00","0.00","4842","1","","Open","0.00","0.00","0","25.09","Unknown","0","10/27/2013","Payment","PAY","25.09","(25.09)"
"5185","1","0.00","0.00","0.00","0.00","0.00","0.00","28.95","0.00","0.00","0.00","28.95","0.00","0.00","28.95","Compound","15578","G:15578","Global","0.00","0.00","0.00","0.00","0.00","0.00","0.00","0.00","0.00","1","Unpaid","0.00","0.00","0.00","10/27/2013","28.95","0.00","0.00","0.00","0.00"
"4843","1","0.00","0.00","0.00","0.00","0.00","0.00","15.86","0.00","0.00","0.00","15.86","0.00","0.00","15.86","Compound","15579","G:15579","Global","0.00","0.00","0.00","0.00","0.00","0.00","0.00","0.00","0.00","1","Unpaid","0.00","0.00","0.00","10/27/2013","15.86","0.00","0.00","0.00","0.00"
"4943","1","0.00","0.00","0.00","0.00","0.00","0.00","9.98","0.00","0.00","0.00","9.98","0.00","0.00","9.98","Compound","15580","G:15580","Global","0.00","0.00","0.00","0.00","0.00","0.00","0.00","0.00","0.00","1","Unpaid","0.00","0.00","0.00","10/27/2013","9.98","0.00","0.00","0.00","0.00"
"4866","1","0.00","0.00","0.00","0.00","0.00","0.00","9.92","0.00","0.00","0.00","9.92","0.00","0.00","9.92","Compound","15581","G:15581","Global","0.00","0.00","0.00","0.00","0.00","0.00","0.00","0.00","0.00","1","Unpaid","0.00","0.00","0.00","10/27/2013","9.92","0.00","0.00","0.00","0.00"
"5166","1","0.00","0.00","0.00","0.00","0.00","0.00","0.00","0.00","0.00","0.00","0.00","0.00","0.00","4.97","Compound","15582","G:15582","Global","0.00","0.00","0.00","0.00","4.97","0.00","0.00","0.00","4.97","1","Paid in Full","0.00","0.00","0.00","10/27/2013","4.97","0.00","0.00","0.00","0.00","5359","1","","Open","0.00","0.00","0","4.97","Unknown","0","10/28/2013","Credit","CRED","10.10","(10.10)"
"5033","1","0.00","0.00","0.00","0.00","0.00","0.00","0.00","0.00","0.00","0.00","0.00","0.00","0.00","12.35","Compound","15583","G:15583","Global","0.00","0.00","0.00","0.00","12.35","0.00","0.00","0.00","12.35","1","Paid in Full","0.00","0.00","0.00","10/27/2013","12.35","0.00","0.00","0.00","0.00","5034","1","","Open","0.00","0.00","0","12.35","Unknown","0","10/27/2013","Payment","PAY","12.35","(12.35)"
"4997","1","0.00","0.00","0.00","0.00","0.00","0.00","12.18","0.00","0.00","0.00","12.18","0.00","0.00","12.18","Compound","15584","G:15584","Global","0.00","0.00","0.00","0.00","0.00","0.00","0.00","0.00","0.00","1","Unpaid","0.00","0.00","0.00","10/27/2013","12.18","0.00","0.00","0.00","0.00"
"5170","1","0.00","0.00","0.00","0.00","0.00","0.00","15.62","0.00","0.00","0.00","15.62","0.00","0.00","15.62","Compound","15585","G:15585","Global","0.00","0.00","0.00","0.00","0.00","0.00","0.00","0.00","0.00","1","Unpaid","0.00","0.00","0.00","10/27/2013","15.62","0.00","0.00","0.00","0.00"
"5201","1","0.00","0.00","0.00","0.00","0.00","0.00","16.88","0.00","0.00","0.00","16.88","0.00","0.00","16.88","Compound","15586","G:15586","Global","0.00","0.00","0.00","0.00","0.00","0.00","0.00","0.00","0.00","1","Unpaid","0.00","0.00","0.00","10/27/2013","16.88","0.00","0.00","0.00","0.00"
"4944","1","0.00","0.00","0.00","0.00","0.00","0.00","21.11","0.00","0.00","0.00","21.11","0.00","0.00","21.11","Compound","15587","G:15587","Global","0.00","0.00","0.00","0.00","0.00","0.00","0.00","0.00","0.00","1","Unpaid","0.00","0.00","0.00","10/27/2013","21.11","0.00","0.00","0.00","0.00"
"5087","1","0.00","0.00","0.00","0.00","0.00","0.00","25.76","0.00","0.00","0.00","25.76","0.00","0.00","25.76","Compound","15588","G:15588","Global","0.00","0.00","0.00","0.00","0.00","0.00","0.00","0.00","0.00","1","Unpaid","0.00","0.00","0.00","10/27/2013","25.76","0.00","0.00","0.00","0.00"
"4848","1","0.00","0.00","0.00","0.00","0.00","0.00","0.00","0.00","0.00","0.00","0.00","0.00","0.00","14.63","Compound","15589","G:15589","Global","0.00","0.00","0.00","0.00","14.63","0.00","0.00","0.00","14.63","1","Paid in Full","0.00","0.00","0.00","10/27/2013","14.63","0.00","0.00","0.00","0.00","4725","1","","Open","0.00","0.00","0","14.63","Electronic Transfer","0","09/28/2013","Payment","PAY","421.09","(421.09)"
"4851","1","0.00","0.00","0.00","0.00","0.00","0.00","0.00","0.00","0.00","0.00","0.00","0.00","0.00","12.69","Compound","15590","G:15590","Global","0.00","0.00","0.00","0.00","12.69","0.00","0.00","0.00","12.69","1","Paid in Full","0.00","0.00","0.00","10/27/2013","12.69","0.00","0.00","0.00","0.00","4738","1","","Open","0.00","0.00","0","12.69","Unknown","0","09/28/2013","Payment","PAY","13.09","(13.09)"
"4849","1","0.00","0.00","0.00","0.00","0.00","0.00","1.39","0.00","0.00","0.00","1.39","0.00","0.00","11.49","Compound","15591","G:15591","Global","0.00","0.00","0.00","0.00","10.10","0.00","0.00","0.00","10.10","1","Partially Paid","0.00","0.00","0.00","10/27/2013","11.49","0.00","0.00","0.00","0.00","5360","1","","Open","0.00","0.00","0","10.10","Unknown","0","10/28/2013","Credit","CRED","10.10","(10.10)"
"4850","1","0.00","0.00","0.00","0.00","0.00","0.00","15.06","0.00","0.00","0.00","15.06","0.00","0.00","15.06","Compound","15592","G:15592","Global","0.00","0.00","0.00","0.00","0.00","0.00","0.00","0.00","0.00","1","Unpaid","0.00","0.00","0.00","10/27/2013","15.06","0.00","0.00","0.00","0.00"
"4846","1","0.00","0.00","0.00","0.00","0.00","0.00","3.29","0.00","0.00","0.00","3.29","0.00","0.00","3.29","Compound","15593","G:15593","Global","0.00","0.00","0.00","0.00","0.00","0.00","0.00","0.00","0.00","1","Unpaid","0.00","0.00","0.00","10/27/2013","3.29","0.00","0.00","0.00","0.00"
"4847","1","0.00","0.00","0.00","0.00","0.00","0.00","9.25","0.00","0.00","0.00","9.25","0.00","0.00","9.25","Compound","15594","G:15594","Global","0.00","0.00","0.00","0.00","0.00","0.00","0.00","0.00","0.00","1","Unpaid","0.00","0.00","0.00","10/27/2013","9.25","0.00","0.00","0.00","0.00"
"4852","1","0.00","0.00","0.00","0.00","0.00","0.00","0.00","0.00","0.00","0.00","0.00","0.00","0.00","27.41","Compound","15595","G:15595","Global","0.00","0.00","0.00","0.00","27.41","0.00","0.00","0.00","27.41","1","Paid in Full","0.00","0.00","0.00","10/27/2013","27.41","0.00","0.00","0.00","0.00","4853","1","","Open","0.00","0.00","0","27.41","Unknown","0","10/27/2013","Payment","PAY","27.41","(27.41)"
"5000","1","0.00","0.00","0.00","0.00","0.00","0.00","21.93","0.00","0.00","0.00","21.93","0.00","0.00","21.93","Compound","15596","G:15596","Global","0.00","0.00","0.00","0.00","0.00","0.00","0.00","0.00","0.00","1","Unpaid","0.00","0.00","0.00","10/27/2013","21.93","0.00","0.00","0.00","0.00"
"4844","1","0.00","0.00","0.00","0.00","0.00","0.00","12.91","0.00","0.00","0.00","12.91","0.00","0.00","12.91","Compound","15597","G:15597","Global","0.00","0.00","0.00","0.00","0.00","0.00","0.00","0.00","0.00","1","Unpaid","0.00","0.00","0.00","10/27/2013","12.91","0.00","0.00","0.00","0.00"
"5058","1","0.00","0.00","0.00","0.00","0.00","0.00","31.11","0.00","0.00","0.00","31.11","0.00","0.00","31.11","Compound","15598","G:15598","Global","0.00","0.00","0.00","0.00","0.00","0.00","0.00","0.00","0.00","1","Unpaid","0.00","0.00","0.00","10/27/2013","31.11","0.00","0.00","0.00","0.00"
"4806","1","0.00","0.00","0.00","0.00","0.00","0.00","16.30","0.00","0.00","0.00","16.30","0.00","0.00","16.30","Compound","15599","G:15599","Global","0.00","0.00","0.00","0.00","0.00","0.00","0.00","0.00","0.00","1","Unpaid","0.00","0.00","0.00","10/27/2013","16.30","0.00","0.00","0.00","0.00"
"4950","1","0.00","0.00","0.00","0.00","0.00","0.00","16.73","0.00","0.00","0.00","16.73","0.00","0.00","26.83","Compound","15600","G:15600","Global","0.00","0.00","0.00","0.00","10.10","0.00","0.00","0.00","10.10","1","Partially Paid","0.00","0.00","0.00","10/27/2013","26.83","0.00","0.00","0.00","0.00","5361","1","","Open","0.00","0.00","0","10.10","Unknown","0","10/28/2013","Credit","CRED","10.10","(10.10)"
"5172","1","0.00","0.00","0.00","0.00","0.00","0.00","2.11","0.00","0.00","0.00","2.11","0.00","0.00","27.20","Compound","15601","G:15601","Global","0.00","0.00","0.00","0.00","25.09","0.00","0.00","0.00","25.09","1","Partially Paid","0.00","0.00","0.00","10/27/2013","27.20","0.00","0.00","0.00","0.00","5173","1","","Open","0.00","0.00","0","25.09","Unknown","0","10/27/2013","Payment","PAY","25.09","(25.09)"
"5226","1","0.00","0.00","0.00","0.00","0.00","0.00","30.49","0.00","0.00","0.00","30.49","0.00","0.00","30.49","Compound","15602","G:15602","Global","0.00","0.00","0.00","0.00","0.00","0.00","0.00","0.00","0.00","1","Unpaid","0.00","0.00","0.00","10/27/2013","30.49","0.00","0.00","0.00","0.00"
"5113","1","0.00","0.00","0.00","0.00","0.00","0.00","25.27","0.00","0.00","0.00","25.27","0.00","0.00","25.27","Compound","15603","G:15603","Global","0.00","0.00","0.00","0.00","0.00","0.00","0.00","0.00","0.00","1","Unpaid","0.00","0.00","0.00","10/27/2013","25.27","0.00","0.00","0.00","0.00"
"5134","1","0.00","0.00","0.00","0.00","0.00","0.00","9.11","0.00","0.00","0.00","9.11","0.00","0.00","9.11","Compound","15604","G:15604","Global","0.00","0.00","0.00","0.00","0.00","0.00","0.00","0.00","0.00","1","Unpaid","0.00","0.00","0.00","10/27/2013","9.11","0.00","0.00","0.00","0.00"
"4854","1","0.00","0.00","0.00","0.00","0.00","0.00","7.18","0.00","0.00","0.00","7.18","0.00","0.00","7.18","Compound","15605","G:15605","Global","0.00","0.00","0.00","0.00","0.00","0.00","0.00","0.00","0.00","1","Unpaid","0.00","0.00","0.00","10/27/2013","7.18","0.00","0.00","0.00","0.00"
"5160","1","0.00","0.00","0.00","0.00","0.00","0.00","32.81","0.00","0.00","0.00","32.81","0.00","0.00","32.81","Compound","15606","G:15606","Global","0.00","0.00","0.00","0.00","0.00","0.00","0.00","0.00","0.00","1","Unpaid","0.00","0.00","0.00","10/27/2013","32.81","0.00","0.00","0.00","0.00"
"4855","1","0.00","0.00","0.00","0.00","0.00","0.00","0.00","0.00","0.00","0.00","0.00","0.00","0.00","8.16","Compound","15607","G:15607","Global","0.00","0.00","0.00","0.00","8.16","0.00","0.00","0.00","8.16","1","Paid in Full","0.00","0.00","0.00","10/27/2013","8.16","0.00","0.00","0.00","0.00","4856","1","","Open","0.00","0.00","0","8.16","Unknown","0","10/27/2013","Payment","PAY","8.16","(8.16)"
"4857","1","0.00","0.00","0.00","0.00","0.00","0.00","14.96","0.00","0.00","0.00","14.96","0.00","0.00","14.96","Compound","15608","G:15608","Global","0.00","0.00","0.00","0.00","0.00","0.00","0.00","0.00","0.00","1","Unpaid","0.00","0.00","0.00","10/27/2013","14.96","0.00","0.00","0.00","0.00"
"4908","1","0.00","0.00","0.00","0.00","0.00","0.00","353.21","0.00","0.00","0.00","353.21","0.00","0.00","363.31","Compound","15609","G:15609","Global","0.00","0.00","0.00","0.00","10.10","0.00","0.00","0.00","10.10","1","Partially Paid","0.00","0.00","0.00","10/27/2013","363.31","0.00","0.00","0.00","0.00","5362","1","","Open","0.00","0.00","0","10.10","Unknown","0","10/28/2013","Credit","CRED","10.10","(10.10)"
"5059","1","0.00","0.00","0.00","0.00","0.00","0.00","29.06","0.00","0.00","0.00","29.06","0.00","0.00","29.06","Compound","15610","G:15610","Global","0.00","0.00","0.00","0.00","0.00","0.00","0.00","0.00","0.00","1","Unpaid","0.00","0.00","0.00","10/27/2013","29.06","0.00","0.00","0.00","0.00"
"4963","1","0.00","0.00","0.00","0.00","0.00","0.00","27.61","0.00","0.00","0.00","27.61","0.00","0.00","27.61","Compound","15611","G:15611","Global","0.00","0.00","0.00","0.00","0.00","0.00","0.00","0.00","0.00","1","Unpaid","0.00","0.00","0.00","10/27/2013","27.61","0.00","0.00","0.00","0.00"
"5060","1","0.00","0.00","0.00","0.00","0.00","0.00","16.02","0.00","0.00","0.00","16.02","0.00","0.00","16.02","Compound","15612","G:15612","Global","0.00","0.00","0.00","0.00","0.00","0.00","0.00","0.00","0.00","1","Unpaid","0.00","0.00","0.00","10/27/2013","16.02","0.00","0.00","0.00","0.00"
"4909","1","0.00","0.00","0.00","0.00","0.00","0.00","0.00","0.00","0.00","0.00","0.00","0.00","0.00","12.11","Compound","15613","G:15613","Global","0.00","0.00","0.00","0.00","12.11","0.00","0.00","0.00","12.11","1","Paid in Full","0.00","0.00","0.00","10/27/2013","12.11","0.00","0.00","0.00","0.00","4910","1","","Open","0.00","0.00","0","12.11","Unknown","0","10/27/2013","Payment","PAY","12.11","(12.11)"
"5125","1","0.00","0.00","0.00","0.00","0.00","0.00","9.58","0.00","0.00","0.00","9.58","0.00","0.00","9.58","Compound","15614","G:15614","Global","0.00","0.00","0.00","0.00","0.00","0.00","0.00","0.00","0.00","1","Unpaid","0.00","0.00","0.00","10/27/2013","9.58","0.00","0.00","0.00","0.00"
"5035","1","0.00","0.00","0.00","0.00","0.00","0.00","4.75","0.00","0.00","0.00","4.75","0.00","0.00","4.75","Compound","15615","G:15615","Global","0.00","0.00","0.00","0.00","0.00","0.00","0.00","0.00","0.00","1","Unpaid","0.00","0.00","0.00","10/27/2013","4.75","0.00","0.00","0.00","0.00"
"5002","1","0.00","0.00","0.00","0.00","0.00","0.00","7.20","0.00","0.00","0.00","7.20","0.00","0.00","7.20","Compound","15616","G:15616","Global","0.00","0.00","0.00","0.00","0.00","0.00","0.00","0.00","0.00","1","Unpaid","0.00","0.00","0.00","10/27/2013","7.20","0.00","0.00","0.00","0.00"
"4858","1","0.00","0.00","0.00","0.00","0.00","0.00","10.52","0.00","0.00","0.00","10.52","0.00","0.00","10.52","Compound","15617","G:15617","Global","0.00","0.00","0.00","0.00","0.00","0.00","0.00","0.00","0.00","1","Unpaid","0.00","0.00","0.00","10/27/2013","10.52","0.00","0.00","0.00","0.00"
"5114","1","0.00","0.00","0.00","0.00","0.00","0.00","3.21","0.00","0.00","0.00","3.21","0.00","0.00","13.31","Compound","15618","G:15618","Global","0.00","0.00","0.00","0.00","10.10","0.00","0.00","0.00","10.10","1","Partially Paid","0.00","0.00","0.00","10/27/2013","13.31","0.00","0.00","0.00","0.00","5363","1","","Open","0.00","0.00","0","10.10","Unknown","0","10/28/2013","Credit","CRED","10.10","(10.10)"
"5198","1","0.00","0.00","0.00","0.00","0.00","0.00","0.00","0.00","0.00","0.00","0.00","0.00","0.00","16.81","Compound","15619","G:15619","Global","0.00","0.00","0.00","0.00","16.81","0.00","0.00","0.00","16.81","1","Paid in Full","0.00","0.00","0.00","10/27/2013","16.81","0.00","0.00","0.00","0.00","5199","1","","Open","0.00","0.00","0","16.81","Unknown","0","10/27/2013","Payment","PAY","16.81","(16.81)"
"5723","1","1103.18","1150.07","1094.36","1140.88","0.00","0.00","0.00","46.52","0.00","46.52","1140.88","0.00","0.00","28.59","Compound","15620","G:15620","Global","8.82","9.19","0.00","0.00","28.59","0.37","0.00","0.37","37.78","1","Partially Paid","46.89","0.00","46.89","11/27/2013","1178.66","0.00","0.00","0.00","0.00","5724","1","","Open","0.00","0.00","0","26.67","Unknown","0","11/27/2013","Payment","PAY","26.67","(26.67)","5889","0","","Open","9.19","0.00","0","1.92","Unknown","0","11/28/2013","Credit","CRED","11.11","(11.11)"
"5579","1","0.00","0.00","0.00","0.00","0.00","0.00","0.00","0.00","0.00","0.00","0.00","0.00","0.00","35.32","Compound","15621","G:15621","Global","0.00","0.00","0.00","0.00","35.32","0.00","0.00","0.00","35.32","1","Paid in Full","0.00","0.00","0.00","11/27/2013","35.32","0.00","0.00","0.00","0.00","5321","1","","Open","0.00","0.00","0","0.49","Unknown","0","10/28/2013","Credit","CRED","10.10","(10.10)","5580","1","","Open","0.00","0.00","0","25.10","Unknown","0","11/27/2013","Payment","PAY","25.10","(25.10)","5890","0","","Open","0.00","0.00","0","9.73","Unknown","0","11/28/2013","Credit","CRED","11.11","(11.11)"
"5783","1","1548.67","1614.49","1528.66","1593.63","0.00","0.00","0.00","64.97","0.00","64.97","1593.63","0.00","0.00","25.40","Compound","15622","G:15622","Global","20.01","20.86","0.00","0.00","25.40","0.85","0.00","0.85","46.26","1","Partially Paid","65.82","0.00","65.82","11/27/2013","1639.89","0.00","0.00","0.00","0.00","5322","1","","Open","0.00","0.00","0","10.05","Unknown","0","10/28/2013","Credit","CRED","10.10","(10.10)","5784","1","","Open","9.75","0.00","0","15.35","Unknown","0","11/27/2013","Payment","PAY","25.10","(25.10)","5891","0","","Open","11.11","0.00","0","0.00","Unknown","0","11/28/2013","Credit","CRED","11.11","(11.11)"
"5437","1","1938.54","2020.93","1927.03","2008.93","0.00","0.00","0.00","81.90","0.00","81.90","2008.93","0.00","0.00","24.21","Compound","15623","G:15623","Global","11.51","12.00","0.00","0.00","24.21","0.49","0.00","0.49","36.21","1","Partially Paid","82.39","0.00","82.39","11/27/2013","2045.14","50.12","0.00","0.00","0.00","5438","1","","Open","0.89","0.00","0","24.21","Unknown","0","11/27/2013","Payment","PAY","25.10","(25.10)","5892","0","","Open","11.11","0.00","0","0.00","Unknown","0","11/28/2013","Credit","CRED","11.11","(11.11)"
"5366","1","2002.57","2087.68","1987.57","2072.05","0.00","0.00","0.00","84.48","0.00","84.48","2072.05","0.00","0.00","22.87","Compound","15624","G:15624","Global","15.00","15.63","0.00","0.00","22.87","0.63","0.00","0.63","38.50","1","Partially Paid","85.11","0.00","85.11","11/27/2013","2110.55","0.00","0.00","0.00","0.00","5367","1","","Open","4.52","0.00","0","22.87","Unknown","0","11/27/2013","Payment","PAY","27.39","(27.39)","5893","0","","Open","11.11","0.00","0","0.00","Unknown","0","11/28/2013","Credit","CRED","11.11","(11.11)"
"5444","1","2602.27","2712.87","2602.27","2712.87","0.00","0.00","25.08","110.60","0.00","110.60","2737.95","0.00","0.00","25.08","Compound","15625","G:15625","Global","0.00","0.00","0.00","0.00","0.00","0.00","0.00","0.00","0.00","1","Unpaid","110.60","0.00","110.60","11/27/2013","2737.95","50.12","0.00","0.00","0.00"
"5635","1","4105.06","4279.53","4105.06","4279.53","287.89","299.41","59.82","174.47","11.52","185.99","4638.76","287.89","299.41","70.93","Compound","15626","G:15626","Global","0.00","0.00","0.00","0.00","11.11","0.00","0.00","0.00","11.11","1","Partially Paid","174.47","11.52","185.99","11/27/2013","4649.87","0.00","89.43","51.23","0.00","5894","0","","Open","0.00","0.00","0","11.11","Unknown","0","11/28/2013","Credit","CRED","11.11","(11.11)"
"5371","1","237.44","247.53","237.44","247.53","332.91","346.23","3.59","10.09","13.32","23.41","597.35","332.91","346.23","28.69","Compound","15627","G:15627","Global","0.00","0.00","0.00","0.00","25.10","0.00","0.00","0.00","25.10","1","Partially Paid","10.09","13.32","23.41","11/27/2013","622.45","0.00","88.68","0.00","0.00","5372","1","","Open","0.00","0.00","0","25.10","Unknown","0","11/27/2013","Payment","PAY","25.10","(25.10)"
"5607","1","450.71","469.87","450.71","469.87","1381.43","1436.69","76.59","19.16","55.26","74.42","1983.15","1381.43","1436.69","76.59","Compound","15628","G:15628","Global","0.00","0.00","0.00","0.00","0.00","0.00","0.00","0.00","0.00","1","Unpaid","19.16","55.26","74.42","11/27/2013","1983.15","0.00","66.84","0.00","0.00"
"5747","1","0.00","0.00","0.00","0.00","0.00","0.00","23.97","0.00","0.00","0.00","23.97","0.00","0.00","23.97","Compound","15629","G:15629","Global","0.00","0.00","0.00","0.00","0.00","0.00","0.00","0.00","0.00","1","Unpaid","0.00","0.00","0.00","11/27/2013","23.97","0.00","0.00","0.00","0.00"
"5740","1","883.60","921.15","883.60","921.15","0.00","0.00","29.32","37.55","0.00","37.55","950.47","0.00","0.00","29.32","Compound","15630","G:15630","Global","0.00","0.00","0.00","0.00","0.00","0.00","0.00","0.00","0.00","1","Unpaid","37.55","0.00","37.55","11/27/2013","950.47","0.00","0.00","0.00","0.00"
"5513","1","1103.18","1150.07","1103.18","1150.07","0.00","0.00","31.07","46.89","0.00","46.89","1181.14","0.00","0.00","31.07","Compound","15631","G:15631","Global","0.00","0.00","0.00","0.00","0.00","0.00","0.00","0.00","0.00","1","Unpaid","46.89","0.00","46.89","11/27/2013","1181.14","0.00","0.00","0.00","0.00"
"5514","1","0.00","0.00","0.00","0.00","0.00","0.00","36.77","0.00","0.00","0.00","36.77","0.00","0.00","36.77","Compound","15632","G:15632","Global","0.00","0.00","0.00","0.00","0.00","0.00","0.00","0.00","0.00","1","Unpaid","0.00","0.00","0.00","11/27/2013","36.77","0.00","0.00","0.00","0.00"
"5481","1","1548.67","1614.49","1548.67","1614.49","0.00","0.00","0.70","65.82","0.00","65.82","1615.19","0.00","0.00","25.80","Compound","15633","G:15633","Global","0.00","0.00","0.00","0.00","25.10","0.00","0.00","0.00","25.10","1","Partially Paid","65.82","0.00","65.82","11/27/2013","1640.29","0.00","0.00","0.00","0.00","5482","1","","Open","0.00","0.00","0","25.10","Unknown","0","11/27/2013","Payment","PAY","25.10","(25.10)"
"5581","1","1774.57","1849.99","1774.57","1849.99","0.00","0.00","15.58","75.42","0.00","75.42","1865.57","0.00","0.00","20.43","Compound","15634","G:15634","Global","0.00","0.00","0.00","0.00","4.85","0.00","0.00","0.00","4.85","1","Partially Paid","75.42","0.00","75.42","11/27/2013","1870.42","0.00","0.00","0.00","0.00","5582","1","","Open","0.00","0.00","0","4.85","Unknown","0","11/27/2013","Payment","PAY","4.85","(4.85)"
"5483","1","2002.57","2087.68","2002.57","2087.68","0.00","0.00","10.21","85.11","0.00","85.11","2097.89","0.00","0.00","21.32","Compound","15635","G:15635","Global","0.00","0.00","0.00","0.00","11.11","0.00","0.00","0.00","11.11","1","Partially Paid","85.11","0.00","85.11","11/27/2013","2109.00","0.00","0.00","0.00","0.00","5895","0","","Open","0.00","0.00","0","11.11","Unknown","0","11/28/2013","Credit","CRED","11.11","(11.11)"
"5773","1","2232.67","2327.56","2232.67","2327.56","0.00","0.00","17.24","94.89","0.00","94.89","2344.80","0.00","0.00","17.24","Compound","15636","G:15636","Global","0.00","0.00","0.00","0.00","0.00","0.00","0.00","0.00","0.00","1","Unpaid","94.89","0.00","94.89","11/27/2013","2344.80","0.00","0.00","0.00","0.00"
"5534","1","0.00","0.00","0.00","0.00","0.00","0.00","14.81","0.00","0.00","0.00","14.81","0.00","0.00","14.81","Compound","15637","G:15637","Global","0.00","0.00","0.00","0.00","0.00","0.00","0.00","0.00","0.00","1","Unpaid","0.00","0.00","0.00","11/27/2013","14.81","0.00","0.00","0.00","0.00"
"5709","1","237.44","247.53","237.44","247.53","0.00","0.00","15.41","10.09","0.00","10.09","262.94","0.00","0.00","15.41","Compound","15638","G:15638","Global","0.00","0.00","0.00","0.00","0.00","0.00","0.00","0.00","0.00","1","Unpaid","10.09","0.00","10.09","11/27/2013","262.94","0.00","0.00","0.00","0.00"
"5515","1","450.71","469.87","441.90","460.69","0.00","0.00","0.00","18.79","0.00","18.79","460.69","0.00","0.00","15.92","Compound","15639","G:15639","Global","8.81","9.18","0.00","0.00","15.92","0.37","0.00","0.37","25.10","1","Partially Paid","19.16","0.00","19.16","11/27/2013","485.79","0.00","0.00","0.00","0.00","5516","1","","Open","9.18","0.00","0","15.92","Unknown","0","11/27/2013","Payment","PAY","25.10","(25.10)"
"5756","1","0.00","0.00","0.00","0.00","0.00","0.00","36.94","0.00","0.00","0.00","36.94","0.00","0.00","36.94","Compound","15640","G:15640","Global","0.00","0.00","0.00","0.00","0.00","0.00","0.00","0.00","0.00","1","Unpaid","0.00","0.00","0.00","11/27/2013","36.94","0.00","0.00","0.00","0.00"
"5373","1","883.60","921.15","883.60","921.15","0.00","0.00","13.04","37.55","0.00","37.55","934.19","0.00","0.00","13.04","Compound","15641","G:15641","Global","0.00","0.00","0.00","0.00","0.00","0.00","0.00","0.00","0.00","1","Unpaid","37.55","0.00","37.55","11/27/2013","934.19","0.00","0.00","0.00","0.00"
"5439","1","1103.18","1150.07","1103.18","1150.07","0.00","0.00","14.02","46.89","0.00","46.89","1164.09","0.00","0.00","14.02","Compound","15642","G:15642","Global","0.00","0.00","0.00","0.00","0.00","0.00","0.00","0.00","0.00","1","Unpaid","46.89","0.00","46.89","11/27/2013","1164.09","0.00","0.00","0.00","0.00"
"5583","1","0.00","0.00","0.00","0.00","0.00","0.00","41.71","0.00","0.00","0.00","41.71","0.00","0.00","41.71","Compound","15643","G:15643","Global","0.00","0.00","0.00","0.00","0.00","0.00","0.00","0.00","0.00","1","Unpaid","0.00","0.00","0.00","11/27/2013","41.71","0.00","0.00","0.00","0.00"
"5374","1","1548.67","1614.49","1548.67","1614.49","0.00","0.00","34.06","65.82","0.00","65.82","1648.55","0.00","0.00","45.17","Compound","15644","G:15644","Global","0.00","0.00","0.00","0.00","11.11","0.00","0.00","0.00","11.11","1","Partially Paid","65.82","0.00","65.82","11/27/2013","1659.66","0.00","0.00","0.00","0.00","5896","0","","Open","0.00","0.00","0","11.11","Unknown","0","11/28/2013","Credit","CRED","11.11","(11.11)"
"5660","1","1774.57","1849.99","1774.57","1849.99","0.00","0.00","7.78","75.42","0.00","75.42","1857.77","0.00","0.00","32.88","Compound","15645","G:15645","Global","0.00","0.00","0.00","0.00","25.10","0.00","0.00","0.00","25.10","1","Partially Paid","75.42","0.00","75.42","11/27/2013","1882.87","0.00","0.00","0.00","0.00","5661","1","","Open","0.00","0.00","0","25.10","Unknown","0","11/27/2013","Payment","PAY","25.10","(25.10)"
"5741","1","2002.57","2087.68","2002.57","2087.68","0.00","0.00","41.78","85.11","0.00","85.11","2129.46","0.00","0.00","41.78","Compound","15646","G:15646","Global","0.00","0.00","0.00","0.00","0.00","0.00","0.00","0.00","0.00","1","Unpaid","85.11","0.00","85.11","11/27/2013","2129.46","0.00","0.00","0.00","0.00"
"5793","1","2232.67","2327.56","2232.67","2327.56","0.00","0.00","25.72","94.89","0.00","94.89","2353.28","0.00","0.00","25.72","Compound","15647","G:15647","Global","0.00","0.00","0.00","0.00","0.00","0.00","0.00","0.00","0.00","1","Unpaid","94.89","0.00","94.89","11/27/2013","2353.28","0.00","0.00","0.00","0.00"
"5535","1","2464.88","2569.64","2464.88","2569.64","0.00","0.00","16.02","104.76","0.00","104.76","2585.66","0.00","0.00","16.02","Compound","15648","G:15648","Global","0.00","0.00","0.00","0.00","0.00","0.00","0.00","0.00","0.00","1","Unpaid","104.76","0.00","104.76","11/27/2013","2585.66","0.00","0.00","0.00","0.00"
"5485","1","237.44","247.53","237.44","247.53","0.00","0.00","15.44","10.09","0.00","10.09","262.97","0.00","0.00","15.44","Compound","15649","G:15649","Global","0.00","0.00","0.00","0.00","0.00","0.00","0.00","0.00","0.00","1","Unpaid","10.09","0.00","10.09","11/27/2013","262.97","0.00","0.00","0.00","0.00"
"5368","1","247.90","258.44","247.90","258.44","0.00","0.00","20.36","10.54","0.00","10.54","278.80","0.00","0.00","20.36","Compound","15650","G:15650","Global","0.00","0.00","0.00","0.00","0.00","0.00","0.00","0.00","0.00","1","Unpaid","10.54","0.00","10.54","11/27/2013","278.80","0.00","0.00","0.00","0.00"
"5608","1","0.00","0.00","0.00","0.00","0.00","0.00","4.30","0.00","0.00","0.00","4.30","0.00","0.00","29.40","Compound","15651","G:15651","Global","0.00","0.00","0.00","0.00","25.10","0.00","0.00","0.00","25.10","1","Partially Paid","0.00","0.00","0.00","11/27/2013","29.40","0.00","0.00","0.00","0.00","5609","1","","Open","0.00","0.00","0","25.10","Unknown","0","11/27/2013","Payment","PAY","25.10","(25.10)"
"5536","1","883.60","921.15","883.60","921.15","0.00","0.00","29.20","37.55","0.00","37.55","950.35","0.00","0.00","31.31","Compound","15652","G:15652","Global","0.00","0.00","0.00","0.00","2.11","0.00","0.00","0.00","2.11","1","Partially Paid","37.55","0.00","37.55","11/27/2013","952.46","0.00","0.00","0.00","0.00","5796","0","","Open","0.00","0.00","0","2.11","Unknown","0","11/28/2013","Write Off","WOFF","2.11","(2.11)"
"5375","1","1103.18","1150.07","1103.18","1150.07","0.00","0.00","7.61","46.89","0.00","46.89","1157.68","0.00","0.00","18.72","Compound","15653","G:15653","Global","0.00","0.00","0.00","0.00","11.11","0.00","0.00","0.00","11.11","1","Partially Paid","46.89","0.00","46.89","11/27/2013","1168.79","0.00","0.00","0.00","0.00","5897","0","","Open","0.00","0.00","0","11.11","Unknown","0","11/28/2013","Credit","CRED","11.11","(11.11)"
"5584","1","0.00","0.00","0.00","0.00","0.00","0.00","42.51","0.00","0.00","0.00","42.51","0.00","0.00","42.51","Compound","15654","G:15654","Global","0.00","0.00","0.00","0.00","0.00","0.00","0.00","0.00","0.00","1","Unpaid","0.00","0.00","0.00","11/27/2013","42.51","0.00","0.00","0.00","0.00"
"5688","1","1548.67","1614.49","1548.67","1614.49","0.00","0.00","35.81","65.82","0.00","65.82","1650.30","0.00","0.00","35.81","Compound","15655","G:15655","Global","0.00","0.00","0.00","0.00","0.00","0.00","0.00","0.00","0.00","1","Unpaid","65.82","0.00","65.82","11/27/2013","1650.30","0.00","0.00","0.00","0.00"
"5745","1","1774.57","1849.99","1774.57","1849.99","0.00","0.00","39.20","75.42","0.00","75.42","1889.19","0.00","0.00","39.20","Compound","15656","G:15656","Global","0.00","0.00","0.00","0.00","0.00","0.00","0.00","0.00","0.00","1","Unpaid","75.42","0.00","75.42","11/27/2013","1889.19","0.00","0.00","0.00","0.00"
"5577","1","2002.57","2087.68","2002.57","2087.68","0.00","0.00","2.50","85.11","0.00","85.11","2090.18","0.00","0.00","27.60","Compound","15657","G:15657","Global","0.00","0.00","0.00","0.00","25.10","0.00","0.00","0.00","25.10","1","Partially Paid","85.11","0.00","85.11","11/27/2013","2115.28","0.00","0.00","0.00","0.00","5578","1","","Open","0.00","0.00","0","25.10","Unknown","0","11/27/2013","Payment","PAY","25.10","(25.10)"
"5636","1","2232.67","2327.56","2232.67","2327.56","0.00","0.00","16.16","94.89","0.00","94.89","2343.72","0.00","0.00","20.96","Compound","15658","G:15658","Global","0.00","0.00","0.00","0.00","4.80","0.00","0.00","0.00","4.80","1","Partially Paid","94.89","0.00","94.89","11/27/2013","2348.52","0.00","0.00","0.00","0.00","5637","1","","Open","0.00","0.00","0","4.80","Unknown","0","11/27/2013","Payment","PAY","4.80","(4.80)"
"5537","1","2464.88","2569.64","2464.88","2569.64","0.00","0.00","15.94","104.76","0.00","104.76","2585.58","0.00","0.00","15.94","Compound","15659","G:15659","Global","0.00","0.00","0.00","0.00","0.00","0.00","0.00","0.00","0.00","1","Unpaid","104.76","0.00","104.76","11/27/2013","2585.58","0.00","0.00","0.00","0.00"
"5705","1","237.44","247.53","237.44","247.53","0.00","0.00","17.53","10.09","0.00","10.09","265.06","0.00","0.00","17.53","Compound","15660","G:15660","Global","0.00","0.00","0.00","0.00","0.00","0.00","0.00","0.00","0.00","1","Unpaid","10.09","0.00","10.09","11/27/2013","265.06","0.00","0.00","0.00","0.00"
"5757","1","450.71","469.87","450.71","469.87","0.00","0.00","19.20","19.16","0.00","19.16","489.07","0.00","0.00","19.20","Compound","15661","G:15661","Global","0.00","0.00","0.00","0.00","0.00","0.00","0.00","0.00","0.00","1","Unpaid","19.16","0.00","19.16","11/27/2013","489.07","0.00","0.00","0.00","0.00"
"5710","1","0.00","0.00","0.00","0.00","0.00","0.00","13.04","0.00","0.00","0.00","13.04","0.00","0.00","24.15","Compound","15662","G:15662","Global","0.00","0.00","0.00","0.00","11.11","0.00","0.00","0.00","11.11","1","Partially Paid","0.00","0.00","0.00","11/27/2013","24.15","0.00","0.00","0.00","0.00","5898","0","","Open","0.00","0.00","0","11.11","Unknown","0","11/28/2013","Credit","CRED","11.11","(11.11)"
"5376","1","883.60","921.15","883.36","920.90","0.00","0.00","0.00","37.54","0.00","37.54","920.90","0.00","0.00","24.85","Compound","15663","G:15663","Global","0.24","0.25","0.00","0.00","24.85","0.01","0.00","0.01","25.10","1","Partially Paid","37.55","0.00","37.55","11/27/2013","946.00","0.00","0.00","0.00","0.00","5377","1","","Open","0.25","0.00","0","24.85","Unknown","0","11/27/2013","Payment","PAY","25.10","(25.10)"
"5708","1","1103.18","1150.07","1103.18","1150.07","0.00","0.00","27.88","46.89","0.00","46.89","1177.95","0.00","0.00","27.88","Compound","15664","G:15664","Global","0.00","0.00","0.00","0.00","0.00","0.00","0.00","0.00","0.00","1","Unpaid","46.89","0.00","46.89","11/27/2013","1177.95","0.00","0.00","0.00","0.00"
"5538","1","0.00","0.00","0.00","0.00","0.00","0.00","32.19","0.00","0.00","0.00","32.19","0.00","0.00","32.19","Compound","15665","G:15665","Global","0.00","0.00","0.00","0.00","0.00","0.00","0.00","0.00","0.00","1","Unpaid","0.00","0.00","0.00","11/27/2013","32.19","0.00","0.00","0.00","0.00"
"5734","1","1548.67","1614.49","1548.67","1614.49","0.00","0.00","14.45","65.82","0.00","65.82","1628.94","0.00","0.00","14.45","Compound","15666","G:15666","Global","0.00","0.00","0.00","0.00","0.00","0.00","0.00","0.00","0.00","1","Unpaid","65.82","0.00","65.82","11/27/2013","1628.94","0.00","0.00","0.00","0.00"
"5487","1","1774.57","1849.99","1774.57","1849.99","0.00","0.00","18.64","75.42","0.00","75.42","1868.63","0.00","0.00","18.64","Compound","15667","G:15667","Global","0.00","0.00","0.00","0.00","0.00","0.00","0.00","0.00","0.00","1","Unpaid","75.42","0.00","75.42","11/27/2013","1868.63","0.00","0.00","0.00","0.00"
"5606","1","2002.57","2087.68","2002.57","2087.68","0.00","0.00","18.62","85.11","0.00","85.11","2106.30","0.00","0.00","18.62","Compound","15668","G:15668","Global","0.00","0.00","0.00","0.00","0.00","0.00","0.00","0.00","0.00","1","Unpaid","85.11","0.00","85.11","11/27/2013","2106.30","0.00","0.00","0.00","0.00"
"5689","1","2232.67","2327.56","2224.99","2319.55","0.00","0.00","0.00","94.56","0.00","94.56","2319.55","0.00","0.00","17.09","Compound","15669","G:15669","Global","7.68","8.01","0.00","0.00","17.09","0.33","0.00","0.33","25.10","1","Partially Paid","94.89","0.00","94.89","11/27/2013","2344.65","0.00","0.00","0.00","0.00","5690","1","","Open","8.01","0.00","0","17.09","Unknown","0","11/27/2013","Payment","PAY","25.10","(25.10)"
"5662","1","2464.88","2569.64","2464.88","2569.64","0.00","0.00","3.60","104.76","0.00","104.76","2573.24","0.00","0.00","14.58","Compound","15670","G:15670","Global","0.00","0.00","0.00","0.00","10.98","0.00","0.00","0.00","10.98","1","Partially Paid","104.76","0.00","104.76","11/27/2013","2584.22","0.00","0.00","0.00","0.00","5663","1","","Open","0.00","0.00","0","10.98","Unknown","0","11/27/2013","Payment","PAY","10.98","(10.98)"
"5585","1","237.44","247.53","237.44","247.53","0.00","0.00","6.34","10.09","0.00","10.09","253.87","0.00","0.00","17.45","Compound","15671","G:15671","Global","0.00","0.00","0.00","0.00","11.11","0.00","0.00","0.00","11.11","1","Partially Paid","10.09","0.00","10.09","11/27/2013","264.98","0.00","0.00","0.00","0.00","5899","0","","Open","0.00","0.00","0","11.11","Unknown","0","11/28/2013","Credit","CRED","11.11","(11.11)"
"5711","1","450.71","469.87","450.71","469.87","0.00","0.00","15.73","19.16","0.00","19.16","485.60","0.00","0.00","18.84","Compound","15672","G:15672","Global","0.00","0.00","0.00","0.00","3.11","0.00","0.00","0.00","3.11","1","Partially Paid","19.16","0.00","19.16","11/27/2013","488.71","0.00","0.00","0.00","0.00","5797","0","","Open","0.00","0.00","0","3.11","Unknown","0","11/28/2013","Write Off","WOFF","3.11","(3.11)"
"5488","1","0.00","0.00","0.00","0.00","0.00","0.00","24.03","0.00","0.00","0.00","24.03","0.00","0.00","24.03","Compound","15673","G:15673","Global","0.00","0.00","0.00","0.00","0.00","0.00","0.00","0.00","0.00","1","Unpaid","0.00","0.00","0.00","11/27/2013","24.03","0.00","0.00","0.00","0.00"
"5539","1","883.60","921.15","883.60","921.15","0.00","0.00","29.68","37.55","0.00","37.55","950.83","0.00","0.00","29.68","Compound","15674","G:15674","Global","0.00","0.00","0.00","0.00","0.00","0.00","0.00","0.00","0.00","1","Unpaid","37.55","0.00","37.55","11/27/2013","950.83","0.00","0.00","0.00","0.00"
"5758","1","1103.18","1150.07","1103.18","1150.07","0.00","0.00","6.25","46.89","0.00","46.89","1156.32","0.00","0.00","31.35","Compound","15675","G:15675","Global","0.00","0.00","0.00","0.00","25.10","0.00","0.00","0.00","25.10","1","Partially Paid","46.89","0.00","46.89","11/27/2013","1181.42","0.00","0.00","0.00","0.00","5759","1","","Open","0.00","0.00","0","25.10","Unknown","0","11/27/2013","Payment","PAY","25.10","(25.10)"
"5610","1","0.00","0.00","0.00","0.00","0.00","0.00","36.56","0.00","0.00","0.00","36.56","0.00","0.00","36.56","Compound","15676","G:15676","Global","0.00","0.00","0.00","0.00","0.00","0.00","0.00","0.00","0.00","1","Unpaid","0.00","0.00","0.00","11/27/2013","36.56","0.00","0.00","0.00","0.00"
"5695","1","1548.67","1614.49","1548.67","1614.49","0.00","0.00","25.48","65.82","0.00","65.82","1639.97","0.00","0.00","25.48","Compound","15677","G:15677","Global","0.00","0.00","0.00","0.00","0.00","0.00","0.00","0.00","0.00","1","Unpaid","65.82","0.00","65.82","11/27/2013","1639.97","0.00","0.00","0.00","0.00"
"5441","1","1774.57","1849.99","1774.57","1849.99","0.00","0.00","20.46","75.42","0.00","75.42","1870.45","0.00","0.00","20.46","Compound","15678","G:15678","Global","0.00","0.00","0.00","0.00","0.00","0.00","0.00","0.00","0.00","1","Unpaid","75.42","0.00","75.42","11/27/2013","1870.45","0.00","0.00","0.00","0.00"
"5378","1","2002.57","2087.68","2002.57","2087.68","0.00","0.00","82.52","85.11","0.00","85.11","2170.20","0.00","0.00","82.52","Compound","15679","G:15679","Global","0.00","0.00","0.00","0.00","0.00","0.00","0.00","0.00","0.00","1","Unpaid","85.11","0.00","85.11","11/27/2013","2170.20","0.00","0.00","0.00","0.00"
"5379","1","2232.67","2327.56","2232.67","2327.56","0.00","0.00","6.12","94.89","0.00","94.89","2333.68","0.00","0.00","17.23","Compound","15680","G:15680","Global","0.00","0.00","0.00","0.00","11.11","0.00","0.00","0.00","11.11","1","Partially Paid","94.89","0.00","94.89","11/27/2013","2344.79","0.00","0.00","0.00","0.00","5900","0","","Open","0.00","0.00","0","11.11","Unknown","0","11/28/2013","Credit","CRED","11.11","(11.11)"
"5380","1","2464.88","2569.64","2454.92","2559.26","0.00","0.00","0.00","104.34","0.00","104.34","2559.26","0.00","0.00","14.72","Compound","15681","G:15681","Global","9.96","10.38","0.00","0.00","14.72","0.42","0.00","0.42","25.10","1","Partially Paid","104.76","0.00","104.76","11/27/2013","2584.36","0.00","0.00","0.00","0.00","5381","1","","Open","10.38","0.00","0","14.72","Unknown","0","11/27/2013","Payment","PAY","25.10","(25.10)"
"5746","1","237.44","247.53","237.44","247.53","0.00","0.00","17.26","10.09","0.00","10.09","264.79","0.00","0.00","17.26","Compound","15682","G:15682","Global","0.00","0.00","0.00","0.00","0.00","0.00","0.00","0.00","0.00","1","Unpaid","10.09","0.00","10.09","11/27/2013","264.79","0.00","0.00","0.00","0.00"
"5464","1","450.71","469.87","450.71","469.87","0.00","0.00","18.61","19.16","0.00","19.16","488.48","0.00","0.00","18.61","Compound","15683","G:15683","Global","0.00","0.00","0.00","0.00","0.00","0.00","0.00","0.00","0.00","1","Unpaid","19.16","0.00","19.16","11/27/2013","488.48","0.00","0.00","0.00","0.00"
"5540","1","0.00","0.00","0.00","0.00","0.00","0.00","23.76","0.00","0.00","0.00","23.76","0.00","0.00","23.76","Compound","15684","G:15684","Global","0.00","0.00","0.00","0.00","0.00","0.00","0.00","0.00","0.00","1","Unpaid","0.00","0.00","0.00","11/27/2013","23.76","0.00","0.00","0.00","0.00"
"5664","1","883.60","921.15","883.60","921.15","0.00","0.00","29.22","37.55","0.00","37.55","950.37","0.00","0.00","29.22","Compound","15685","G:15685","Global","0.00","0.00","0.00","0.00","0.00","0.00","0.00","0.00","0.00","1","Unpaid","37.55","0.00","37.55","11/27/2013","950.37","0.00","0.00","0.00","0.00"
"5490","1","1103.18","1150.07","1103.18","1150.07","0.00","0.00","30.87","46.89","0.00","46.89","1180.94","0.00","0.00","30.87","Compound","15686","G:15686","Global","0.00","0.00","0.00","0.00","0.00","0.00","0.00","0.00","0.00","1","Unpaid","46.89","0.00","46.89","11/27/2013","1180.94","0.00","0.00","0.00","0.00"
"5586","1","0.00","0.00","0.00","0.00","0.00","0.00","11.45","0.00","0.00","0.00","11.45","0.00","0.00","36.55","Compound","15687","G:15687","Global","0.00","0.00","0.00","0.00","25.10","0.00","0.00","0.00","25.10","1","Partially Paid","0.00","0.00","0.00","11/27/2013","36.55","0.00","0.00","0.00","0.00","5587","1","","Open","0.00","0.00","0","25.10","Unknown","0","11/27/2013","Payment","PAY","25.10","(25.10)"
"5491","1","1548.67","1614.49","1548.67","1614.49","0.00","0.00","9.67","65.82","0.00","65.82","1624.16","0.00","0.00","17.66","Compound","15688","G:15688","Global","0.00","0.00","0.00","0.00","7.99","0.00","0.00","0.00","7.99","1","Partially Paid","65.82","0.00","65.82","11/27/2013","1632.15","0.00","0.00","0.00","0.00","5492","1","","Open","0.00","0.00","0","7.99","Unknown","0","11/27/2013","Payment","PAY","7.99","(7.99)"
"5382","1","1774.57","1849.99","1774.57","1849.99","0.00","0.00","8.77","75.42","0.00","75.42","1858.76","0.00","0.00","19.88","Compound","15689","G:15689","Global","0.00","0.00","0.00","0.00","11.11","0.00","0.00","0.00","11.11","1","Partially Paid","75.42","0.00","75.42","11/27/2013","1869.87","0.00","0.00","0.00","0.00","5901","0","","Open","0.00","0.00","0","11.11","Unknown","0","11/28/2013","Credit","CRED","11.11","(11.11)"
"5442","1","2002.57","2087.68","2002.57","2087.68","0.00","0.00","40.93","85.11","0.00","85.11","2128.61","0.00","0.00","40.93","Compound","15690","G:15690","Global","0.00","0.00","0.00","0.00","0.00","0.00","0.00","0.00","0.00","1","Unpaid","85.11","0.00","85.11","11/27/2013","2128.61","0.00","0.00","0.00","0.00"
"5638","1","2232.67","2327.56","2232.67","2327.56","0.00","0.00","17.65","94.89","0.00","94.89","2345.21","0.00","0.00","17.65","Compound","15691","G:15691","Global","0.00","0.00","0.00","0.00","0.00","0.00","0.00","0.00","0.00","1","Unpaid","94.89","0.00","94.89","11/27/2013","2345.21","0.00","0.00","0.00","0.00"
"5775","1","2464.88","2569.64","2464.88","2569.64","0.00","0.00","10.14","104.76","0.00","104.76","2579.78","0.00","0.00","10.14","Compound","15692","G:15692","Global","0.00","0.00","0.00","0.00","0.00","0.00","0.00","0.00","0.00","1","Unpaid","104.76","0.00","104.76","11/27/2013","2579.78","0.00","0.00","0.00","0.00"
"5665","1","237.44","247.53","227.20","236.85","0.00","0.00","0.00","9.65","0.00","9.65","236.85","0.00","0.00","14.42","Compound","15693","G:15693","Global","10.24","10.68","0.00","0.00","14.42","0.44","0.00","0.44","25.10","1","Partially Paid","10.09","0.00","10.09","11/27/2013","261.95","0.00","0.00","0.00","0.00","5666","1","","Open","10.68","0.00","0","14.42","Unknown","0","11/27/2013","Payment","PAY","25.10","(25.10)"
"5493","1","450.71","469.87","450.71","469.87","0.00","0.00","4.64","19.16","0.00","19.16","474.51","0.00","0.00","14.74","Compound","15694","G:15694","Global","0.00","0.00","0.00","0.00","10.10","0.00","0.00","0.00","10.10","1","Partially Paid","19.16","0.00","19.16","11/27/2013","484.61","0.00","0.00","0.00","0.00","5494","1","","Open","0.00","0.00","0","10.10","Unknown","0","11/27/2013","Payment","PAY","10.10","(10.10)"
"5760","1","0.00","0.00","0.00","0.00","0.00","0.00","24.39","0.00","0.00","0.00","24.39","0.00","0.00","24.39","Compound","15695","G:15695","Global","0.00","0.00","0.00","0.00","0.00","0.00","0.00","0.00","0.00","1","Unpaid","0.00","0.00","0.00","11/27/2013","24.39","0.00","0.00","0.00","0.00"
"5776","1","883.60","921.15","883.60","921.15","0.00","0.00","29.78","37.55","0.00","37.55","950.93","0.00","0.00","29.78","Compound","15696","G:15696","Global","0.00","0.00","0.00","0.00","0.00","0.00","0.00","0.00","0.00","1","Unpaid","37.55","0.00","37.55","11/27/2013","950.93","0.00","0.00","0.00","0.00"
"5541","1","1103.18","1150.07","1103.18","1150.07","0.00","0.00","31.45","46.89","0.00","46.89","1181.52","0.00","0.00","31.45","Compound","15697","G:15697","Global","0.00","0.00","0.00","0.00","0.00","0.00","0.00","0.00","0.00","1","Unpaid","46.89","0.00","46.89","11/27/2013","1181.52","0.00","0.00","0.00","0.00"
"5667","1","0.00","0.00","0.00","0.00","0.00","0.00","25.88","0.00","0.00","0.00","25.88","0.00","0.00","36.99","Compound","15698","G:15698","Global","0.00","0.00","0.00","0.00","11.11","0.00","0.00","0.00","11.11","1","Partially Paid","0.00","0.00","0.00","11/27/2013","36.99","0.00","0.00","0.00","0.00","5902","0","","Open","0.00","0.00","0","11.11","Unknown","0","11/28/2013","Credit","CRED","11.11","(11.11)"
"5611","1","1548.67","1614.49","1548.60","1614.42","0.00","0.00","0.00","65.82","0.00","65.82","1614.42","0.00","0.00","25.03","Compound","15699","G:15699","Global","0.07","0.07","0.00","0.00","25.03","0.00","0.00","0.00","25.10","1","Partially Paid","65.82","0.00","65.82","11/27/2013","1639.52","0.00","0.00","0.00","0.00","5612","1","","Open","0.07","0.00","0","25.03","Unknown","0","11/27/2013","Payment","PAY","25.10","(25.10)"
"5568","1","1774.57","1849.99","1774.57","1849.99","0.00","0.00","24.70","75.42","0.00","75.42","1874.69","0.00","0.00","24.70","Compound","15700","G:15700","Global","0.00","0.00","0.00","0.00","0.00","0.00","0.00","0.00","0.00","1","Unpaid","75.42","0.00","75.42","11/27/2013","1874.69","0.00","0.00","0.00","0.00"
"5613","1","2002.57","2087.68","2002.57","2087.68","0.00","0.00","29.94","85.11","0.00","85.11","2117.62","0.00","0.00","29.94","Compound","15701","G:15701","Global","0.00","0.00","0.00","0.00","0.00","0.00","0.00","0.00","0.00","1","Unpaid","85.11","0.00","85.11","11/27/2013","2117.62","0.00","0.00","0.00","0.00"
"5712","1","2232.67","2327.56","2232.67","2327.56","0.00","0.00","22.64","94.89","0.00","94.89","2350.20","0.00","0.00","22.64","Compound","15702","G:15702","Global","0.00","0.00","0.00","0.00","0.00","0.00","0.00","0.00","0.00","1","Unpaid","94.89","0.00","94.89","11/27/2013","2350.20","0.00","0.00","0.00","0.00"
"5388","1","2464.88","2569.64","2259.71","2355.75","0.00","0.00","0.00","96.04","0.00","96.04","2355.75","0.00","0.00","19.40","Compound","15703","G:15703","Global","205.17","213.89","0.00","0.00","19.40","8.72","0.00","8.72","233.29","1","Partially Paid","104.76","0.00","104.76","11/27/2013","2589.04","0.00","0.00","0.00","0.00","4674","1","","Open","29.79","0.00","0","19.40","Electronic Transfer","0","09/28/2013","Payment","PAY","184.09","(184.09)","5252","1","","Open","184.10","0.00","0","0.00","Other 1","0","10/28/2013","Payment","PAY","184.10","(184.10)"
"5387","1","237.44","247.53","237.44","247.53","0.00","0.00","9.34","10.09","0.00","10.09","256.87","0.00","0.00","20.44","Compound","15704","G:15704","Global","0.00","0.00","0.00","0.00","11.10","0.00","0.00","0.00","11.10","1","Partially Paid","10.09","0.00","10.09","11/27/2013","267.97","0.00","0.00","0.00","0.00","5311","1","","Open","0.00","0.00","0","11.10","Unknown","0","10/28/2013","Payment","PAY","11.10","(11.10)"
"5385","1","450.71","469.87","0.00","0.00","0.00","0.00","0.00","0.00","0.00","0.00","0.00","0.00","0.00","4.75","Compound","15705","G:15705","Global","450.71","469.87","0.00","0.00","4.75","19.16","0.00","19.16","474.62","1","Paid in Full","19.16","0.00","19.16","11/27/2013","474.62","0.00","0.00","0.00","0.00","5386","1","","Open","469.87","0.00","0","4.75","Unknown","0","11/27/2013","Payment","PAY","474.62","(474.62)"
"5761","1","0.00","0.00","0.00","0.00","0.00","0.00","36.60","0.00","0.00","0.00","36.60","0.00","0.00","36.60","Compound","15706","G:15706","Global","0.00","0.00","0.00","0.00","0.00","0.00","0.00","0.00","0.00","1","Unpaid","0.00","0.00","0.00","11/27/2013","36.60","0.00","0.00","0.00","0.00"
"5383","1","883.60","921.15","883.60","921.15","0.00","0.00","10.04","37.55","0.00","37.55","931.19","0.00","0.00","21.15","Compound","15707","G:15707","Global","0.00","0.00","0.00","0.00","11.11","0.00","0.00","0.00","11.11","1","Partially Paid","37.55","0.00","37.55","11/27/2013","942.30","0.00","0.00","0.00","0.00","5903","0","","Open","0.00","0.00","0","11.11","Unknown","0","11/28/2013","Credit","CRED","11.11","(11.11)"
"5713","1","1103.18","1150.07","1103.18","1150.07","0.00","0.00","52.39","46.89","0.00","46.89","1202.46","0.00","0.00","52.39","Compound","15708","G:15708","Global","0.00","0.00","0.00","0.00","0.00","0.00","0.00","0.00","0.00","1","Unpaid","46.89","0.00","46.89","11/27/2013","1202.46","0.00","0.00","0.00","0.00"
"5748","1","0.00","0.00","0.00","0.00","0.00","0.00","55.18","0.00","0.00","0.00","55.18","0.00","0.00","55.18","Compound","15709","G:15709","Global","0.00","0.00","0.00","0.00","0.00","0.00","0.00","0.00","0.00","1","Unpaid","0.00","0.00","0.00","11/27/2013","55.18","0.00","0.00","0.00","0.00"
"5473","1","1548.67","1614.49","1548.67","1614.49","0.00","0.00","23.22","65.82","0.00","65.82","1637.71","0.00","0.00","23.22","Compound","15710","G:15710","Global","0.00","0.00","0.00","0.00","0.00","0.00","0.00","0.00","0.00","1","Unpaid","65.82","0.00","65.82","11/27/2013","1637.71","0.00","0.00","0.00","0.00"
"5495","1","1774.57","1849.99","1768.58","1843.75","0.00","0.00","0.00","75.17","0.00","75.17","1843.75","0.00","0.00","18.86","Compound","15711","G:15711","Global","5.99","6.24","0.00","0.00","18.86","0.25","0.00","0.25","25.10","1","Partially Paid","75.42","0.00","75.42","11/27/2013","1868.85","0.00","0.00","0.00","0.00","5496","1","","Open","6.24","0.00","0","18.86","Unknown","0","11/27/2013","Payment","PAY","25.10","(25.10)"
"5639","1","0.00","0.00","0.00","0.00","0.00","0.00","32.43","0.00","0.00","0.00","32.43","0.00","0.00","32.43","Compound","15712","G:15712","Global","0.00","0.00","0.00","0.00","0.00","0.00","0.00","0.00","0.00","1","Unpaid","0.00","0.00","0.00","11/27/2013","32.43","0.00","0.00","0.00","0.00"
"5693","1","2232.67","2327.56","2232.67","2327.56","0.00","0.00","7.98","94.89","0.00","94.89","2335.54","0.00","0.00","11.14","Compound","15713","G:15713","Global","0.00","0.00","0.00","0.00","3.16","0.00","0.00","0.00","3.16","1","Partially Paid","94.89","0.00","94.89","11/27/2013","2338.70","0.00","0.00","0.00","0.00","5694","1","","Open","0.00","0.00","0","3.16","Unknown","0","11/27/2013","Payment","PAY","3.16","(3.16)"
"5777","1","2464.88","2569.64","2464.88","2569.64","0.00","0.00","119.95","104.76","0.00","104.76","2689.59","0.00","0.00","119.95","Compound","15714","G:15714","Global","0.00","0.00","0.00","0.00","0.00","0.00","0.00","0.00","0.00","1","Unpaid","104.76","0.00","104.76","11/27/2013","2689.59","0.00","0.00","0.00","0.00"
"5778","1","237.44","247.53","237.44","247.53","0.00","0.00","54.80","10.09","0.00","10.09","302.33","0.00","0.00","54.80","Compound","15715","G:15715","Global","0.00","0.00","0.00","0.00","0.00","0.00","0.00","0.00","0.00","1","Unpaid","10.09","0.00","10.09","11/27/2013","302.33","0.00","0.00","0.00","0.00"
"5749","1","450.71","469.87","450.71","469.87","0.00","0.00","34.52","19.16","0.00","19.16","504.39","0.00","0.00","45.63","Compound","15716","G:15716","Global","0.00","0.00","0.00","0.00","11.11","0.00","0.00","0.00","11.11","1","Partially Paid","19.16","0.00","19.16","11/27/2013","515.50","0.00","0.00","0.00","0.00","5904","0","","Open","0.00","0.00","0","11.11","Unknown","0","11/28/2013","Credit","CRED","11.11","(11.11)"
"5511","1","0.00","0.00","0.00","0.00","0.00","0.00","0.00","0.00","0.00","0.00","0.00","0.00","0.00","16.96","Compound","15717","G:15717","Global","0.00","0.00","0.00","0.00","16.96","0.00","0.00","0.00","16.96","1","Paid in Full","0.00","0.00","0.00","11/27/2013","16.96","0.00","0.00","0.00","0.00","5512","1","","Open","0.00","0.00","0","16.96","Unknown","0","11/27/2013","Payment","PAY","16.96","(16.96)"
"5465","1","883.60","921.15","883.60","921.15","0.00","0.00","27.07","37.55","0.00","37.55","948.22","0.00","0.00","27.07","Compound","15718","G:15718","Global","0.00","0.00","0.00","0.00","0.00","0.00","0.00","0.00","0.00","1","Unpaid","37.55","0.00","37.55","11/27/2013","948.22","0.00","0.00","0.00","0.00"
"5668","1","1103.18","1150.07","1103.18","1150.07","0.00","0.00","47.52","46.89","0.00","46.89","1197.59","0.00","0.00","47.52","Compound","15719","G:15719","Global","0.00","0.00","0.00","0.00","0.00","0.00","0.00","0.00","0.00","1","Unpaid","46.89","0.00","46.89","11/27/2013","1197.59","0.00","0.00","0.00","0.00"
"5576","1","0.00","0.00","0.00","0.00","0.00","0.00","37.57","0.00","0.00","0.00","37.57","0.00","0.00","37.57","Compound","15720","G:15720","Global","0.00","0.00","0.00","0.00","0.00","0.00","0.00","0.00","0.00","1","Unpaid","0.00","0.00","0.00","11/27/2013","37.57","0.00","0.00","0.00","0.00"
"5669","1","1548.67","1614.49","1548.67","1614.49","0.00","0.00","26.61","65.82","0.00","65.82","1641.10","0.00","0.00","26.61","Compound","15721","G:15721","Global","0.00","0.00","0.00","0.00","0.00","0.00","0.00","0.00","0.00","1","Unpaid","65.82","0.00","65.82","11/27/2013","1641.10","0.00","0.00","0.00","0.00"
"5772","1","1774.57","1849.99","1774.57","1849.99","0.00","0.00","21.60","75.42","0.00","75.42","1871.59","0.00","0.00","21.60","Compound","15722","G:15722","Global","0.00","0.00","0.00","0.00","0.00","0.00","0.00","0.00","0.00","1","Unpaid","75.42","0.00","75.42","11/27/2013","1871.59","0.00","0.00","0.00","0.00"
"5517","1","2002.57","2087.68","2000.11","2085.12","0.00","0.00","0.00","85.01","0.00","85.01","2085.12","0.00","0.00","22.54","Compound","15723","G:15723","Global","2.46","2.56","0.00","0.00","22.54","0.10","0.00","0.10","25.10","1","Partially Paid","85.11","0.00","85.11","11/27/2013","2110.22","0.00","0.00","0.00","0.00","5518","1","","Open","2.56","0.00","0","22.54","Unknown","0","11/27/2013","Payment","PAY","25.10","(25.10)"
"5616","1","2232.67","2327.56","2232.67","2327.56","0.00","0.00","16.47","94.89","0.00","94.89","2344.03","0.00","0.00","16.47","Compound","15724","G:15724","Global","0.00","0.00","0.00","0.00","0.00","0.00","0.00","0.00","0.00","1","Unpaid","94.89","0.00","94.89","11/27/2013","2344.03","0.00","0.00","0.00","0.00"
"5500","1","2464.88","2569.64","2464.88","2569.64","0.00","0.00","2.95","104.76","0.00","104.76","2572.59","0.00","0.00","14.06","Compound","15725","G:15725","Global","0.00","0.00","0.00","0.00","11.11","0.00","0.00","0.00","11.11","1","Partially Paid","104.76","0.00","104.76","11/27/2013","2583.70","0.00","0.00","0.00","0.00","5905","0","","Open","0.00","0.00","0","11.11","Unknown","0","11/28/2013","Credit","CRED","11.11","(11.11)"
"5640","1","237.44","247.53","237.44","247.53","0.00","0.00","16.92","10.09","0.00","10.09","264.45","0.00","0.00","16.92","Compound","15726","G:15726","Global","0.00","0.00","0.00","0.00","0.00","0.00","0.00","0.00","0.00","1","Unpaid","10.09","0.00","10.09","11/27/2013","264.45","0.00","0.00","0.00","0.00"
"5389","1","450.71","469.87","450.71","469.87","0.00","0.00","18.61","19.16","0.00","19.16","488.48","0.00","0.00","18.61","Compound","15727","G:15727","Global","0.00","0.00","0.00","0.00","0.00","0.00","0.00","0.00","0.00","1","Unpaid","19.16","0.00","19.16","11/27/2013","488.48","0.00","0.00","0.00","0.00"
"5774","1","0.00","0.00","0.00","0.00","0.00","0.00","23.53","0.00","0.00","0.00","23.53","0.00","0.00","23.53","Compound","15728","G:15728","Global","0.00","0.00","0.00","0.00","0.00","0.00","0.00","0.00","0.00","1","Unpaid","0.00","0.00","0.00","11/27/2013","23.53","0.00","0.00","0.00","0.00"
"5542","1","883.60","921.15","883.60","921.15","0.00","0.00","4.11","37.55","0.00","37.55","925.26","0.00","0.00","29.21","Compound","15729","G:15729","Global","0.00","0.00","0.00","0.00","25.10","0.00","0.00","0.00","25.10","1","Partially Paid","37.55","0.00","37.55","11/27/2013","950.36","0.00","0.00","0.00","0.00","5543","1","","Open","0.00","0.00","0","25.10","Unknown","0","11/27/2013","Payment","PAY","25.10","(25.10)"
"5390","1","1103.18","1150.07","1103.18","1150.07","0.00","0.00","30.76","46.89","0.00","46.89","1180.83","0.00","0.00","30.76","Compound","15730","G:15730","Global","0.00","0.00","0.00","0.00","0.00","0.00","0.00","0.00","0.00","1","Unpaid","46.89","0.00","46.89","11/27/2013","1180.83","0.00","0.00","0.00","0.00"
"5391","1","0.00","0.00","0.00","0.00","0.00","0.00","36.09","0.00","0.00","0.00","36.09","0.00","0.00","36.09","Compound","15731","G:15731","Global","0.00","0.00","0.00","0.00","0.00","0.00","0.00","0.00","0.00","1","Unpaid","0.00","0.00","0.00","11/27/2013","36.09","0.00","0.00","0.00","0.00"
"5443","1","1548.67","1614.49","1548.67","1614.49","0.00","0.00","25.00","65.82","0.00","65.82","1639.49","0.00","0.00","25.00","Compound","15732","G:15732","Global","0.00","0.00","0.00","0.00","0.00","0.00","0.00","0.00","0.00","1","Unpaid","65.82","0.00","65.82","11/27/2013","1639.49","0.00","0.00","0.00","0.00"
"5480","1","1774.57","1849.99","1774.57","1849.99","0.00","0.00","20.08","75.42","0.00","75.42","1870.07","0.00","0.00","20.08","Compound","15733","G:15733","Global","0.00","0.00","0.00","0.00","0.00","0.00","0.00","0.00","0.00","1","Unpaid","75.42","0.00","75.42","11/27/2013","1870.07","0.00","0.00","0.00","0.00"
"5521","1","2002.57","2087.68","2002.57","2087.68","0.00","0.00","9.93","85.11","0.00","85.11","2097.61","0.00","0.00","21.04","Compound","15734","G:15734","Global","0.00","0.00","0.00","0.00","11.11","0.00","0.00","0.00","11.11","1","Partially Paid","85.11","0.00","85.11","11/27/2013","2108.72","0.00","0.00","0.00","0.00","5906","0","","Open","0.00","0.00","0","11.11","Unknown","0","11/28/2013","Credit","CRED","11.11","(11.11)"
"5617","1","2232.67","2327.56","2224.36","2318.90","0.00","0.00","0.00","94.54","0.00","94.54","2318.90","0.00","0.00","16.44","Compound","15735","G:15735","Global","8.31","8.66","0.00","0.00","16.44","0.35","0.00","0.35","25.10","1","Partially Paid","94.89","0.00","94.89","11/27/2013","2344.00","0.00","0.00","0.00","0.00","5618","1","","Open","8.66","0.00","0","16.44","Unknown","0","11/27/2013","Payment","PAY","25.10","(25.10)"
"5392","1","2464.88","2569.64","2433.99","2537.44","0.00","0.00","11.31","103.45","0.00","103.45","2548.75","0.00","0.00","11.31","Compound","15736","G:15736","Global","30.89","32.20","0.00","0.00","0.00","1.31","0.00","1.31","32.20","1","Partially Paid","104.76","0.00","104.76","11/27/2013","2580.95","0.00","0.00","0.00","0.00","5393","1","","Open","32.20","0.00","0","0.00","Unknown","0","11/27/2013","Payment","PAY","32.20","(32.20)"
"5714","1","0.00","0.00","0.00","0.00","0.00","0.00","14.04","0.00","0.00","0.00","14.04","0.00","0.00","14.04","Compound","15737","G:15737","Global","0.00","0.00","0.00","0.00","0.00","0.00","0.00","0.00","0.00","1","Unpaid","0.00","0.00","0.00","11/27/2013","14.04","0.00","0.00","0.00","0.00"
"5641","1","450.71","469.87","450.71","469.87","0.00","0.00","18.40","19.16","0.00","19.16","488.27","0.00","0.00","18.40","Compound","15738","G:15738","Global","0.00","0.00","0.00","0.00","0.00","0.00","0.00","0.00","0.00","1","Unpaid","19.16","0.00","19.16","11/27/2013","488.27","0.00","0.00","0.00","0.00"
"5394","1","0.00","0.00","0.00","0.00","0.00","0.00","21.51","0.00","0.00","0.00","21.51","0.00","0.00","21.51","Compound","15739","G:15739","Global","0.00","0.00","0.00","0.00","0.00","0.00","0.00","0.00","0.00","1","Unpaid","0.00","0.00","0.00","11/27/2013","21.51","0.00","0.00","0.00","0.00"
"5447","1","883.60","921.15","883.60","921.15","0.00","0.00","25.20","37.55","0.00","37.55","946.35","0.00","0.00","25.20","Compound","15740","G:15740","Global","0.00","0.00","0.00","0.00","0.00","0.00","0.00","0.00","0.00","1","Unpaid","37.55","0.00","37.55","11/27/2013","946.35","0.00","0.00","0.00","0.00"
"5715","1","1103.18","1150.07","1099.27","1145.99","0.00","0.00","0.00","46.72","0.00","46.72","1145.99","0.00","0.00","21.02","Compound","15741","G:15741","Global","3.91","4.08","0.00","0.00","21.02","0.17","0.00","0.17","25.10","1","Partially Paid","46.89","0.00","46.89","11/27/2013","1171.09","0.00","0.00","0.00","0.00","5716","1","","Open","4.08","0.00","0","21.02","Unknown","0","11/27/2013","Payment","PAY","25.10","(25.10)"
"5717","1","0.00","0.00","0.00","0.00","0.00","0.00","24.47","0.00","0.00","0.00","24.47","0.00","0.00","24.47","Compound","15742","G:15742","Global","0.00","0.00","0.00","0.00","0.00","0.00","0.00","0.00","0.00","1","Unpaid","0.00","0.00","0.00","11/27/2013","24.47","0.00","0.00","0.00","0.00"
"5395","1","1548.67","1614.49","1548.67","1614.49","0.00","0.00","12.53","65.82","0.00","65.82","1627.02","0.00","0.00","23.64","Compound","15743","G:15743","Global","0.00","0.00","0.00","0.00","11.11","0.00","0.00","0.00","11.11","1","Partially Paid","65.82","0.00","65.82","11/27/2013","1638.13","0.00","0.00","0.00","0.00","5907","0","","Open","0.00","0.00","0","11.11","Unknown","0","11/28/2013","Credit","CRED","11.11","(11.11)"
"5522","1","1774.57","1849.99","1670.85","1741.86","0.00","0.00","0.00","71.01","0.00","71.01","1741.86","0.00","0.00","17.87","Compound","15744","G:15744","Global","103.72","108.13","0.00","0.00","17.87","4.41","0.00","4.41","126.00","1","Partially Paid","75.42","0.00","75.42","11/27/2013","1867.86","0.00","0.00","0.00","0.00","5261","1","","Open","108.13","0.00","0","17.87","Other 1","0","10/28/2013","Payment","PAY","225.10","(225.10)"
"5762","1","2002.57","2087.68","2002.57","2087.68","0.00","0.00","21.24","85.11","0.00","85.11","2108.92","0.00","0.00","21.24","Compound","15745","G:15745","Global","0.00","0.00","0.00","0.00","0.00","0.00","0.00","0.00","0.00","1","Unpaid","85.11","0.00","85.11","11/27/2013","2108.92","0.00","0.00","0.00","0.00"
"5396","1","2232.67","2327.56","2232.67","2327.56","0.00","0.00","17.21","94.89","0.00","94.89","2344.77","0.00","0.00","17.21","Compound","15746","G:15746","Global","0.00","0.00","0.00","0.00","0.00","0.00","0.00","0.00","0.00","1","Unpaid","94.89","0.00","94.89","11/27/2013","2344.77","0.00","0.00","0.00","0.00"
"5614","1","2464.88","2569.64","2454.90","2559.24","0.00","0.00","0.00","104.34","0.00","104.34","2559.24","0.00","0.00","14.70","Compound","15747","G:15747","Global","9.98","10.40","0.00","0.00","14.70","0.42","0.00","0.42","25.10","1","Partially Paid","104.76","0.00","104.76","11/27/2013","2584.34","0.00","0.00","0.00","0.00","5615","1","","Open","10.40","0.00","0","14.70","Unknown","0","11/27/2013","Payment","PAY","25.10","(25.10)"
"5489","1","237.44","247.53","237.44","247.53","0.00","0.00","17.16","10.09","0.00","10.09","264.69","0.00","0.00","17.16","Compound","15748","G:15748","Global","0.00","0.00","0.00","0.00","0.00","0.00","0.00","0.00","0.00","1","Unpaid","10.09","0.00","10.09","11/27/2013","264.69","0.00","0.00","0.00","0.00"
"5497","1","450.71","469.87","450.71","469.87","0.00","0.00","148.63","19.16","0.00","19.16","618.50","0.00","0.00","148.63","Compound","15749","G:15749","Global","0.00","0.00","0.00","0.00","0.00","0.00","0.00","0.00","0.00","1","Unpaid","19.16","0.00","19.16","11/27/2013","618.50","0.00","0.00","0.00","0.00"
"5670","1","0.00","0.00","0.00","0.00","0.00","0.00","23.58","0.00","0.00","0.00","23.58","0.00","0.00","23.58","Compound","15750","G:15750","Global","0.00","0.00","0.00","0.00","0.00","0.00","0.00","0.00","0.00","1","Unpaid","0.00","0.00","0.00","11/27/2013","23.58","0.00","0.00","0.00","0.00"
"5445","1","883.60","921.15","883.60","921.15","0.00","0.00","29.09","37.55","0.00","37.55","950.24","0.00","0.00","29.09","Compound","15751","G:15751","Global","0.00","0.00","0.00","0.00","0.00","0.00","0.00","0.00","0.00","1","Unpaid","37.55","0.00","37.55","11/27/2013","950.24","0.00","0.00","0.00","0.00"
"5718","1","1103.18","1150.07","1103.18","1150.07","0.00","0.00","19.51","46.89","0.00","46.89","1169.58","0.00","0.00","30.62","Compound","15752","G:15752","Global","0.00","0.00","0.00","0.00","11.11","0.00","0.00","0.00","11.11","1","Partially Paid","46.89","0.00","46.89","11/27/2013","1180.69","0.00","0.00","0.00","0.00","5908","0","","Open","0.00","0.00","0","11.11","Unknown","0","11/28/2013","Credit","CRED","11.11","(11.11)"
"5544","1","0.00","0.00","0.00","0.00","0.00","0.00","11.03","0.00","0.00","0.00","11.03","0.00","0.00","36.13","Compound","15753","G:15753","Global","0.00","0.00","0.00","0.00","25.10","0.00","0.00","0.00","25.10","1","Partially Paid","0.00","0.00","0.00","11/27/2013","36.13","0.00","0.00","0.00","0.00","5545","1","","Open","0.00","0.00","0","25.10","Unknown","0","11/27/2013","Payment","PAY","25.10","(25.10)"
"5546","1","1548.67","1614.49","1548.67","1614.49","0.00","0.00","25.00","65.82","0.00","65.82","1639.49","0.00","0.00","25.00","Compound","15754","G:15754","Global","0.00","0.00","0.00","0.00","0.00","0.00","0.00","0.00","0.00","1","Unpaid","65.82","0.00","65.82","11/27/2013","1639.49","0.00","0.00","0.00","0.00"
"5588","1","1774.57","1849.99","1774.57","1849.99","0.00","0.00","19.79","75.42","0.00","75.42","1869.78","0.00","0.00","19.79","Compound","15755","G:15755","Global","0.00","0.00","0.00","0.00","0.00","0.00","0.00","0.00","0.00","1","Unpaid","75.42","0.00","75.42","11/27/2013","1869.78","0.00","0.00","0.00","0.00"
"5397","1","2002.57","2087.68","2002.57","2087.68","0.00","0.00","20.94","85.11","0.00","85.11","2108.62","0.00","0.00","20.94","Compound","15756","G:15756","Global","0.00","0.00","0.00","0.00","0.00","0.00","0.00","0.00","0.00","1","Unpaid","85.11","0.00","85.11","11/27/2013","2108.62","0.00","0.00","0.00","0.00"
"5589","1","2232.67","2327.56","2232.67","2327.56","0.00","0.00","16.91","94.89","0.00","94.89","2344.47","0.00","0.00","16.91","Compound","15757","G:15757","Global","0.00","0.00","0.00","0.00","0.00","0.00","0.00","0.00","0.00","1","Unpaid","94.89","0.00","94.89","11/27/2013","2344.47","0.00","0.00","0.00","0.00"
"5590","1","2464.88","2569.64","2464.88","2569.64","0.00","0.00","14.37","104.76","0.00","104.76","2584.01","0.00","0.00","14.37","Compound","15758","G:15758","Global","0.00","0.00","0.00","0.00","0.00","0.00","0.00","0.00","0.00","1","Unpaid","104.76","0.00","104.76","11/27/2013","2584.01","0.00","0.00","0.00","0.00"
"5523","1","237.44","247.53","228.96","238.69","0.00","0.00","0.00","9.73","0.00","9.73","238.69","0.00","0.00","16.26","Compound","15759","G:15759","Global","8.48","8.84","0.00","0.00","16.26","0.36","0.00","0.36","25.10","1","Partially Paid","10.09","0.00","10.09","11/27/2013","263.79","0.00","0.00","0.00","0.00","5524","1","","Open","8.84","0.00","0","16.26","Unknown","0","11/27/2013","Payment","PAY","25.10","(25.10)"
"5591","1","450.71","469.87","450.71","469.87","0.00","0.00","26.75","19.16","0.00","19.16","496.62","0.00","0.00","26.75","Compound","15760","G:15760","Global","0.00","0.00","0.00","0.00","0.00","0.00","0.00","0.00","0.00","1","Unpaid","19.16","0.00","19.16","11/27/2013","496.62","0.00","0.00","0.00","0.00"
"5671","1","0.00","0.00","0.00","0.00","0.00","0.00","20.28","0.00","0.00","0.00","20.28","0.00","0.00","31.39","Compound","15761","G:15761","Global","0.00","0.00","0.00","0.00","11.11","0.00","0.00","0.00","11.11","1","Partially Paid","0.00","0.00","0.00","11/27/2013","31.39","0.00","0.00","0.00","0.00","5909","0","","Open","0.00","0.00","0","11.11","Unknown","0","11/28/2013","Credit","CRED","11.11","(11.11)"
"5398","1","0.00","0.00","0.00","0.00","0.00","0.00","21.51","0.00","0.00","0.00","21.51","0.00","0.00","21.51","Compound","15762","G:15762","Global","0.00","0.00","0.00","0.00","0.00","0.00","0.00","0.00","0.00","1","Unpaid","0.00","0.00","0.00","11/27/2013","21.51","0.00","0.00","0.00","0.00"
"5642","1","1103.18","1150.07","1103.18","1150.07","0.00","0.00","44.54","46.89","0.00","46.89","1194.61","0.00","0.00","44.54","Compound","15763","G:15763","Global","0.00","0.00","0.00","0.00","0.00","0.00","0.00","0.00","0.00","1","Unpaid","46.89","0.00","46.89","11/27/2013","1194.61","0.00","0.00","0.00","0.00"
"5727","1","0.00","0.00","0.00","0.00","0.00","0.00","42.29","0.00","0.00","0.00","42.29","0.00","0.00","42.29","Compound","15764","G:15764","Global","0.00","0.00","0.00","0.00","0.00","0.00","0.00","0.00","0.00","1","Unpaid","0.00","0.00","0.00","11/27/2013","42.29","0.00","0.00","0.00","0.00"
"5721","1","1548.67","1614.49","1548.67","1614.49","0.00","0.00","11.45","65.82","0.00","65.82","1625.94","0.00","0.00","36.55","Compound","15765","G:15765","Global","0.00","0.00","0.00","0.00","25.10","0.00","0.00","0.00","25.10","1","Partially Paid","65.82","0.00","65.82","11/27/2013","1651.04","0.00","0.00","0.00","0.00","5722","1","","Open","0.00","0.00","0","25.10","Unknown","0","11/27/2013","Payment","PAY","25.10","(25.10)"
"5547","1","1774.57","1849.99","1774.57","1849.99","0.00","0.00","21.29","75.42","0.00","75.42","1871.28","0.00","0.00","21.29","Compound","15766","G:15766","Global","0.00","0.00","0.00","0.00","0.00","0.00","0.00","0.00","0.00","1","Unpaid","75.42","0.00","75.42","11/27/2013","1871.28","0.00","0.00","0.00","0.00"
"5448","1","2002.57","2087.68","2002.57","2087.68","0.00","0.00","15.59","85.11","0.00","85.11","2103.27","0.00","0.00","15.59","Compound","15767","G:15767","Global","0.00","0.00","0.00","0.00","0.00","0.00","0.00","0.00","0.00","1","Unpaid","85.11","0.00","85.11","11/27/2013","2103.27","0.00","0.00","0.00","0.00"
"5619","1","2232.67","2327.56","2232.67","2327.56","0.00","0.00","15.52","94.89","0.00","94.89","2343.08","0.00","0.00","15.52","Compound","15768","G:15768","Global","0.00","0.00","0.00","0.00","0.00","0.00","0.00","0.00","0.00","1","Unpaid","94.89","0.00","94.89","11/27/2013","2343.08","0.00","0.00","0.00","0.00"
"5451","1","2464.88","2569.64","2464.88","2569.64","0.00","0.00","9.24","104.76","0.00","104.76","2578.88","0.00","0.00","9.24","Compound","15769","G:15769","Global","0.00","0.00","0.00","0.00","0.00","0.00","0.00","0.00","0.00","1","Unpaid","104.76","0.00","104.76","11/27/2013","2578.88","0.00","0.00","0.00","0.00"
"5548","1","237.44","247.53","237.44","247.53","0.00","0.00","9.08","10.09","0.00","10.09","256.61","0.00","0.00","20.19","Compound","15770","G:15770","Global","0.00","0.00","0.00","0.00","11.11","0.00","0.00","0.00","11.11","1","Partially Paid","10.09","0.00","10.09","11/27/2013","267.72","0.00","0.00","0.00","0.00","5910","0","","Open","0.00","0.00","0","11.11","Unknown","0","11/28/2013","Credit","CRED","11.11","(11.11)"
"5452","1","450.71","469.87","438.63","457.28","0.00","0.00","0.00","18.65","0.00","18.65","457.28","0.00","0.00","12.51","Compound","15771","G:15771","Global","12.08","12.59","0.00","0.00","12.51","0.51","0.00","0.51","25.10","1","Partially Paid","19.16","0.00","19.16","11/27/2013","482.38","0.00","0.00","0.00","0.00","5453","1","","Open","12.59","0.00","0","12.51","Unknown","0","11/27/2013","Payment","PAY","25.10","(25.10)"
"5525","1","0.00","0.00","0.00","0.00","0.00","0.00","23.58","0.00","0.00","0.00","23.58","0.00","0.00","23.58","Compound","15772","G:15772","Global","0.00","0.00","0.00","0.00","0.00","0.00","0.00","0.00","0.00","1","Unpaid","0.00","0.00","0.00","11/27/2013","23.58","0.00","0.00","0.00","0.00"
"5399","1","883.60","921.15","883.60","921.15","0.00","0.00","21.51","37.55","0.00","37.55","942.66","0.00","0.00","21.51","Compound","15773","G:15773","Global","0.00","0.00","0.00","0.00","0.00","0.00","0.00","0.00","0.00","1","Unpaid","37.55","0.00","37.55","11/27/2013","942.66","0.00","0.00","0.00","0.00"
"5733","1","1103.18","1150.07","1103.18","1150.07","0.00","0.00","53.78","46.89","0.00","46.89","1203.85","0.00","0.00","53.78","Compound","15774","G:15774","Global","0.00","0.00","0.00","0.00","0.00","0.00","0.00","0.00","0.00","1","Unpaid","46.89","0.00","46.89","11/27/2013","1203.85","0.00","0.00","0.00","0.00"
"5486","1","0.00","0.00","0.00","0.00","0.00","0.00","33.57","0.00","0.00","0.00","33.57","0.00","0.00","33.57","Compound","15775","G:15775","Global","0.00","0.00","0.00","0.00","0.00","0.00","0.00","0.00","0.00","1","Unpaid","0.00","0.00","0.00","11/27/2013","33.57","0.00","0.00","0.00","0.00"
"5600","1","1548.67","1614.49","1548.67","1614.49","0.00","0.00","29.70","65.82","0.00","65.82","1644.19","0.00","0.00","29.70","Compound","15776","G:15776","Global","0.00","0.00","0.00","0.00","0.00","0.00","0.00","0.00","0.00","1","Unpaid","65.82","0.00","65.82","11/27/2013","1644.19","0.00","0.00","0.00","0.00"
"5526","1","1774.57","1849.99","1770.26","1845.50","0.00","0.00","0.00","75.24","0.00","75.24","1845.50","0.00","0.00","20.61","Compound","15777","G:15777","Global","4.31","4.49","0.00","0.00","20.61","0.18","0.00","0.18","25.10","1","Partially Paid","75.42","0.00","75.42","11/27/2013","1870.60","0.00","0.00","0.00","0.00","5527","1","","Open","4.49","0.00","0","20.61","Unknown","0","11/27/2013","Payment","PAY","25.10","(25.10)"
"5434","1","2002.57","2087.68","2002.57","2087.68","0.00","0.00","14.26","85.11","0.00","85.11","2101.94","0.00","0.00","14.26","Compound","15778","G:15778","Global","0.00","0.00","0.00","0.00","0.00","0.00","0.00","0.00","0.00","1","Unpaid","85.11","0.00","85.11","11/27/2013","2101.94","0.00","0.00","0.00","0.00"
"5621","1","2232.67","2327.56","2232.67","2327.56","0.00","0.00","8.21","94.89","0.00","94.89","2335.77","0.00","0.00","19.32","Compound","15779","G:15779","Global","0.00","0.00","0.00","0.00","11.11","0.00","0.00","0.00","11.11","1","Partially Paid","94.89","0.00","94.89","11/27/2013","2346.88","0.00","0.00","0.00","0.00","5911","0","","Open","0.00","0.00","0","11.11","Unknown","0","11/28/2013","Credit","CRED","11.11","(11.11)"
"5400","1","2464.88","2569.64","2464.88","2569.64","0.00","0.00","13.52","104.76","0.00","104.76","2583.16","0.00","0.00","13.52","Compound","15780","G:15780","Global","0.00","0.00","0.00","0.00","0.00","0.00","0.00","0.00","0.00","1","Unpaid","104.76","0.00","104.76","11/27/2013","2583.16","0.00","0.00","0.00","0.00"
"5528","1","237.44","247.53","237.44","247.53","0.00","0.00","16.51","10.09","0.00","10.09","264.04","0.00","0.00","16.51","Compound","15781","G:15781","Global","0.00","0.00","0.00","0.00","0.00","0.00","0.00","0.00","0.00","1","Unpaid","10.09","0.00","10.09","11/27/2013","264.04","0.00","0.00","0.00","0.00"
"5631","1","450.71","469.87","450.71","469.87","0.00","0.00","18.10","19.16","0.00","19.16","487.97","0.00","0.00","18.10","Compound","15782","G:15782","Global","0.00","0.00","0.00","0.00","0.00","0.00","0.00","0.00","0.00","1","Unpaid","19.16","0.00","19.16","11/27/2013","487.97","0.00","0.00","0.00","0.00"
"5643","1","0.00","0.00","0.00","0.00","0.00","0.00","0.00","0.00","0.00","0.00","0.00","0.00","0.00","23.00","Compound","15783","G:15783","Global","0.00","0.00","0.00","0.00","23.00","0.00","0.00","0.00","23.00","1","Paid in Full","0.00","0.00","0.00","11/27/2013","23.00","0.00","0.00","0.00","0.00","5644","1","","Open","0.00","0.00","0","23.00","Unknown","0","11/27/2013","Payment","PAY","23.00","(23.00)"
"5692","1","883.60","921.15","883.60","921.15","0.00","0.00","194.58","37.55","0.00","37.55","1115.73","0.00","0.00","194.58","Compound","15784","G:15784","Global","0.00","0.00","0.00","0.00","0.00","0.00","0.00","0.00","0.00","1","Unpaid","37.55","0.00","37.55","11/27/2013","1115.73","0.00","0.00","0.00","0.00"
"5645","1","1103.18","1150.07","1103.18","1150.07","0.00","0.00","30.92","46.89","0.00","46.89","1180.99","0.00","0.00","30.92","Compound","15785","G:15785","Global","0.00","0.00","0.00","0.00","0.00","0.00","0.00","0.00","0.00","1","Unpaid","46.89","0.00","46.89","11/27/2013","1180.99","0.00","0.00","0.00","0.00"
"5672","1","0.00","0.00","0.00","0.00","0.00","0.00","36.26","0.00","0.00","0.00","36.26","0.00","0.00","36.26","Compound","15786","G:15786","Global","0.00","0.00","0.00","0.00","0.00","0.00","0.00","0.00","0.00","1","Unpaid","0.00","0.00","0.00","11/27/2013","36.26","0.00","0.00","0.00","0.00"
"5646","1","0.00","0.00","0.00","0.00","0.00","0.00","25.29","0.00","0.00","0.00","25.29","0.00","0.00","25.29","Compound","15787","G:15787","Global","0.00","0.00","0.00","0.00","0.00","0.00","0.00","0.00","0.00","1","Unpaid","0.00","0.00","0.00","11/27/2013","25.29","0.00","0.00","0.00","0.00"
"5780","1","1774.57","1849.99","1774.57","1849.99","0.00","0.00","0.35","75.42","0.00","75.42","1850.34","0.00","0.00","11.46","Compound","15788","G:15788","Global","0.00","0.00","0.00","0.00","11.11","0.00","0.00","0.00","11.11","1","Partially Paid","75.42","0.00","75.42","11/27/2013","1861.45","0.00","0.00","0.00","0.00","5912","0","","Open","0.00","0.00","0","11.11","Unknown","0","11/28/2013","Credit","CRED","11.11","(11.11)"
"5592","1","2002.57","2087.68","1993.57","2078.30","0.00","0.00","0.00","84.73","0.00","84.73","2078.30","0.00","0.00","15.72","Compound","15789","G:15789","Global","9.00","9.38","0.00","0.00","15.72","0.38","0.00","0.38","25.10","1","Partially Paid","85.11","0.00","85.11","11/27/2013","2103.40","0.00","0.00","0.00","0.00","5593","1","","Open","9.38","0.00","0","15.72","Unknown","0","11/27/2013","Payment","PAY","25.10","(25.10)"
"5673","1","2232.67","2327.56","2232.67","2327.56","0.00","0.00","15.60","94.89","0.00","94.89","2343.16","0.00","0.00","15.60","Compound","15790","G:15790","Global","0.00","0.00","0.00","0.00","0.00","0.00","0.00","0.00","0.00","1","Unpaid","94.89","0.00","94.89","11/27/2013","2343.16","0.00","0.00","0.00","0.00"
"5763","1","2464.88","2569.64","2464.88","2569.64","0.00","0.00","10.21","104.76","0.00","104.76","2579.85","0.00","0.00","10.21","Compound","15791","G:15791","Global","0.00","0.00","0.00","0.00","0.00","0.00","0.00","0.00","0.00","1","Unpaid","104.76","0.00","104.76","11/27/2013","2579.85","0.00","0.00","0.00","0.00"
"5781","1","237.44","247.53","237.44","247.53","0.00","0.00","17.08","10.09","0.00","10.09","264.61","0.00","0.00","17.08","Compound","15792","G:15792","Global","0.00","0.00","0.00","0.00","0.00","0.00","0.00","0.00","0.00","1","Unpaid","10.09","0.00","10.09","11/27/2013","264.61","0.00","0.00","0.00","0.00"
"5594","1","450.71","469.87","450.71","469.87","0.00","0.00","14.75","19.16","0.00","19.16","484.62","0.00","0.00","14.75","Compound","15793","G:15793","Global","0.00","0.00","0.00","0.00","0.00","0.00","0.00","0.00","0.00","1","Unpaid","19.16","0.00","19.16","11/27/2013","484.62","0.00","0.00","0.00","0.00"
"5674","1","0.00","0.00","0.00","0.00","0.00","0.00","22.95","0.00","0.00","0.00","22.95","0.00","0.00","22.95","Compound","15794","G:15794","Global","0.00","0.00","0.00","0.00","0.00","0.00","0.00","0.00","0.00","1","Unpaid","0.00","0.00","0.00","11/27/2013","22.95","0.00","0.00","0.00","0.00"
"5699","1","883.60","921.15","883.60","921.15","0.00","0.00","3.52","37.55","0.00","37.55","924.67","0.00","0.00","28.62","Compound","15795","G:15795","Global","0.00","0.00","0.00","0.00","25.10","0.00","0.00","0.00","25.10","1","Partially Paid","37.55","0.00","37.55","11/27/2013","949.77","0.00","0.00","0.00","0.00","5700","1","","Open","0.00","0.00","0","25.10","Unknown","0","11/27/2013","Payment","PAY","25.10","(25.10)"
"5675","1","1103.18","1150.07","1103.18","1150.07","0.00","0.00","30.13","46.89","0.00","46.89","1180.20","0.00","0.00","30.13","Compound","15796","G:15796","Global","0.00","0.00","0.00","0.00","0.00","0.00","0.00","0.00","0.00","1","Unpaid","46.89","0.00","46.89","11/27/2013","1180.20","0.00","0.00","0.00","0.00"
"5702","1","0.00","0.00","0.00","0.00","0.00","0.00","24.35","0.00","0.00","0.00","24.35","0.00","0.00","35.46","Compound","15797","G:15797","Global","0.00","0.00","0.00","0.00","11.11","0.00","0.00","0.00","11.11","1","Partially Paid","0.00","0.00","0.00","11/27/2013","35.46","0.00","0.00","0.00","0.00","5913","0","","Open","0.00","0.00","0","11.11","Unknown","0","11/28/2013","Credit","CRED","11.11","(11.11)"
"5595","1","1548.67","1614.49","1548.67","1614.49","0.00","0.00","24.32","65.82","0.00","65.82","1638.81","0.00","0.00","24.32","Compound","15798","G:15798","Global","0.00","0.00","0.00","0.00","0.00","0.00","0.00","0.00","0.00","1","Unpaid","65.82","0.00","65.82","11/27/2013","1638.81","0.00","0.00","0.00","0.00"
"5622","1","1774.57","1849.99","1774.57","1849.99","0.00","0.00","19.52","75.42","0.00","75.42","1869.51","0.00","0.00","19.52","Compound","15799","G:15799","Global","0.00","0.00","0.00","0.00","0.00","0.00","0.00","0.00","0.00","1","Unpaid","75.42","0.00","75.42","11/27/2013","1869.51","0.00","0.00","0.00","0.00"
"5620","1","2002.57","2087.68","1974.53","2058.45","0.00","0.00","0.00","83.92","0.00","83.92","2058.45","0.00","0.00","19.88","Compound","15800","G:15800","Global","28.04","29.23","0.00","0.00","19.88","1.19","0.00","1.19","49.11","1","Partially Paid","85.11","0.00","85.11","11/27/2013","2107.56","0.00","0.00","0.00","0.00","5800","0","","Open","29.23","0.00","0","19.88","Unknown","0","11/28/2013","Discount","DISC","49.11","(49.11)"
"5719","1","2232.67","2327.56","2223.82","2318.33","0.00","0.00","0.00","94.51","0.00","94.51","2318.33","0.00","0.00","15.87","Compound","15801","G:15801","Global","8.85","9.23","0.00","0.00","15.87","0.38","0.00","0.38","25.10","1","Partially Paid","94.89","0.00","94.89","11/27/2013","2343.43","0.00","0.00","0.00","0.00","5720","1","","Open","9.23","0.00","0","15.87","Unknown","0","11/27/2013","Payment","PAY","25.10","(25.10)"
"5454","1","2464.88","2569.64","2464.88","2569.64","0.00","0.00","13.24","104.76","0.00","104.76","2582.88","0.00","0.00","13.24","Compound","15802","G:15802","Global","0.00","0.00","0.00","0.00","0.00","0.00","0.00","0.00","0.00","1","Unpaid","104.76","0.00","104.76","11/27/2013","2582.88","0.00","0.00","0.00","0.00"
"5647","1","237.44","247.53","237.44","247.53","0.00","0.00","15.80","10.09","0.00","10.09","263.33","0.00","0.00","15.80","Compound","15803","G:15803","Global","0.00","0.00","0.00","0.00","0.00","0.00","0.00","0.00","0.00","1","Unpaid","10.09","0.00","10.09","11/27/2013","263.33","0.00","0.00","0.00","0.00"
"5596","1","450.71","469.87","450.71","469.87","0.00","0.00","17.15","19.16","0.00","19.16","487.02","0.00","0.00","17.15","Compound","15804","G:15804","Global","0.00","0.00","0.00","0.00","0.00","0.00","0.00","0.00","0.00","1","Unpaid","19.16","0.00","19.16","11/27/2013","487.02","0.00","0.00","0.00","0.00"
"5549","1","0.00","0.00","0.00","0.00","0.00","0.00","22.65","0.00","0.00","0.00","22.65","0.00","0.00","22.65","Compound","15805","G:15805","Global","0.00","0.00","0.00","0.00","0.00","0.00","0.00","0.00","0.00","1","Unpaid","0.00","0.00","0.00","11/27/2013","22.65","0.00","0.00","0.00","0.00"
"5676","1","883.60","921.15","883.60","921.15","0.00","0.00","16.93","37.55","0.00","37.55","938.08","0.00","0.00","28.04","Compound","15806","G:15806","Global","0.00","0.00","0.00","0.00","11.11","0.00","0.00","0.00","11.11","1","Partially Paid","37.55","0.00","37.55","11/27/2013","949.19","0.00","0.00","0.00","0.00","5914","0","","Open","0.00","0.00","0","11.11","Unknown","0","11/28/2013","Credit","CRED","11.11","(11.11)"
"5550","1","1103.18","1150.07","1103.18","1150.07","0.00","0.00","4.41","46.89","0.00","46.89","1154.48","0.00","0.00","29.51","Compound","15807","G:15807","Global","0.00","0.00","0.00","0.00","25.10","0.00","0.00","0.00","25.10","1","Partially Paid","46.89","0.00","46.89","11/27/2013","1179.58","0.00","0.00","0.00","0.00","5551","1","","Open","0.00","0.00","0","25.10","Unknown","0","11/27/2013","Payment","PAY","25.10","(25.10)"
"5706","1","0.00","0.00","0.00","0.00","0.00","0.00","34.95","0.00","0.00","0.00","34.95","0.00","0.00","34.95","Compound","15808","G:15808","Global","0.00","0.00","0.00","0.00","0.00","0.00","0.00","0.00","0.00","1","Unpaid","0.00","0.00","0.00","11/27/2013","34.95","0.00","0.00","0.00","0.00"
"5498","1","1548.67","1614.49","1548.67","1614.49","0.00","0.00","23.71","65.82","0.00","65.82","1638.20","0.00","0.00","23.71","Compound","15809","G:15809","Global","0.00","0.00","0.00","0.00","0.00","0.00","0.00","0.00","0.00","1","Unpaid","65.82","0.00","65.82","11/27/2013","1638.20","0.00","0.00","0.00","0.00"
"5401","1","1774.57","1849.99","1774.57","1849.99","0.00","0.00","18.51","75.42","0.00","75.42","1868.50","0.00","0.00","18.51","Compound","15810","G:15810","Global","0.00","0.00","0.00","0.00","0.00","0.00","0.00","0.00","0.00","1","Unpaid","75.42","0.00","75.42","11/27/2013","1868.50","0.00","0.00","0.00","0.00"
"5499","1","0.00","0.00","0.00","0.00","0.00","0.00","19.95","0.00","0.00","0.00","19.95","0.00","0.00","19.95","Compound","15811","G:15811","Global","0.00","0.00","0.00","0.00","0.00","0.00","0.00","0.00","0.00","1","Unpaid","0.00","0.00","0.00","11/27/2013","19.95","0.00","0.00","0.00","0.00"
"5456","1","0.00","0.00","0.00","0.00","0.00","0.00","15.82","0.00","0.00","0.00","15.82","0.00","0.00","15.82","Compound","15812","G:15812","Global","0.00","0.00","0.00","0.00","0.00","0.00","0.00","0.00","0.00","1","Unpaid","0.00","0.00","0.00","11/27/2013","15.82","0.00","0.00","0.00","0.00"
"5416","1","0.00","0.00","0.00","0.00","0.00","0.00","0.00","0.00","0.00","0.00","0.00","0.00","0.00","12.22","Compound","15813","G:15813","Global","0.00","0.00","0.00","0.00","12.22","0.00","0.00","0.00","12.22","1","Paid in Full","0.00","0.00","0.00","11/27/2013","12.22","0.00","0.00","0.00","0.00","5417","1","","Open","0.00","0.00","0","12.22","Unknown","0","11/27/2013","Payment","PAY","12.22","(12.22)"
"5472","1","0.00","0.00","0.00","0.00","0.00","0.00","14.24","0.00","0.00","0.00","14.24","0.00","0.00","14.24","Compound","15814","G:15814","Global","0.00","0.00","0.00","0.00","0.00","0.00","0.00","0.00","0.00","1","Unpaid","0.00","0.00","0.00","11/27/2013","14.24","0.00","0.00","0.00","0.00"
"5634","1","0.00","0.00","0.00","0.00","0.00","0.00","4.18","0.00","0.00","0.00","4.18","0.00","0.00","15.29","Compound","15815","G:15815","Global","0.00","0.00","0.00","0.00","11.11","0.00","0.00","0.00","11.11","1","Partially Paid","0.00","0.00","0.00","11/27/2013","15.29","0.00","0.00","0.00","0.00","5915","0","","Open","0.00","0.00","0","11.11","Unknown","0","11/28/2013","Credit","CRED","11.11","(11.11)"
"5750","1","0.00","0.00","0.00","0.00","0.00","0.00","15.41","0.00","0.00","0.00","15.41","0.00","0.00","15.41","Compound","15816","G:15816","Global","0.00","0.00","0.00","0.00","0.00","0.00","0.00","0.00","0.00","1","Unpaid","0.00","0.00","0.00","11/27/2013","15.41","0.00","0.00","0.00","0.00"
"5597","1","0.00","0.00","0.00","0.00","0.00","0.00","18.60","0.00","0.00","0.00","18.60","0.00","0.00","18.60","Compound","15817","G:15817","Global","0.00","0.00","0.00","0.00","0.00","0.00","0.00","0.00","0.00","1","Unpaid","0.00","0.00","0.00","11/27/2013","18.60","0.00","0.00","0.00","0.00"
"5743","1","0.00","0.00","0.00","0.00","0.00","0.00","24.09","0.00","0.00","0.00","24.09","0.00","0.00","24.09","Compound","15818","G:15818","Global","0.00","0.00","0.00","0.00","0.00","0.00","0.00","0.00","0.00","1","Unpaid","0.00","0.00","0.00","11/27/2013","24.09","0.00","0.00","0.00","0.00"
"5449","1","0.00","0.00","0.00","0.00","0.00","0.00","209.80","0.00","0.00","0.00","209.80","0.00","0.00","234.90","Compound","15819","G:15819","Global","0.00","0.00","0.00","0.00","25.10","0.00","0.00","0.00","25.10","1","Partially Paid","0.00","0.00","0.00","11/27/2013","234.90","0.00","0.00","0.00","0.00","5450","1","","Open","0.00","0.00","0","25.10","Unknown","0","11/27/2013","Payment","PAY","25.10","(25.10)"
"5782","1","0.00","0.00","0.00","0.00","0.00","0.00","40.25","0.00","0.00","0.00","40.25","0.00","0.00","40.25","Compound","15820","G:15820","Global","0.00","0.00","0.00","0.00","0.00","0.00","0.00","0.00","0.00","1","Unpaid","0.00","0.00","0.00","11/27/2013","40.25","0.00","0.00","0.00","0.00"
"5552","1","0.00","0.00","0.00","0.00","0.00","0.00","23.12","0.00","0.00","0.00","23.12","0.00","0.00","23.12","Compound","15821","G:15821","Global","0.00","0.00","0.00","0.00","0.00","0.00","0.00","0.00","0.00","1","Unpaid","0.00","0.00","0.00","11/27/2013","23.12","0.00","0.00","0.00","0.00"
"5455","1","0.00","0.00","0.00","0.00","0.00","0.00","16.48","0.00","0.00","0.00","16.48","0.00","0.00","16.48","Compound","15822","G:15822","Global","0.00","0.00","0.00","0.00","0.00","0.00","0.00","0.00","0.00","1","Unpaid","0.00","0.00","0.00","11/27/2013","16.48","0.00","0.00","0.00","0.00"
"5501","1","0.00","0.00","0.00","0.00","0.00","0.00","16.40","0.00","0.00","0.00","16.40","0.00","0.00","16.40","Compound","15823","G:15823","Global","0.00","0.00","0.00","0.00","0.00","0.00","0.00","0.00","0.00","1","Unpaid","0.00","0.00","0.00","11/27/2013","16.40","0.00","0.00","0.00","0.00"
"5650","1","0.00","0.00","0.00","0.00","0.00","0.00","10.04","0.00","0.00","0.00","10.04","0.00","0.00","21.15","Compound","15824","G:15824","Global","0.00","0.00","0.00","0.00","11.11","0.00","0.00","0.00","11.11","1","Partially Paid","0.00","0.00","0.00","11/27/2013","21.15","0.00","0.00","0.00","0.00","5916","0","","Open","0.00","0.00","0","11.11","Unknown","0","11/28/2013","Credit","CRED","11.11","(11.11)"
"5648","1","0.00","0.00","0.00","0.00","0.00","0.00","5.34","0.00","0.00","0.00","5.34","0.00","0.00","30.44","Compound","15825","G:15825","Global","0.00","0.00","0.00","0.00","25.10","0.00","0.00","0.00","25.10","1","Partially Paid","0.00","0.00","0.00","11/27/2013","30.44","0.00","0.00","0.00","0.00","5649","1","","Open","0.00","0.00","0","25.10","Unknown","0","11/27/2013","Payment","PAY","25.10","(25.10)"
"5737","1","0.00","0.00","0.00","0.00","0.00","0.00","42.63","0.00","0.00","0.00","42.63","0.00","0.00","42.63","Compound","15826","G:15826","Global","0.00","0.00","0.00","0.00","0.00","0.00","0.00","0.00","0.00","1","Unpaid","0.00","0.00","0.00","11/27/2013","42.63","0.00","0.00","0.00","0.00"
"5677","1","0.00","0.00","0.00","0.00","0.00","0.00","32.05","0.00","0.00","0.00","32.05","0.00","0.00","32.05","Compound","15827","G:15827","Global","0.00","0.00","0.00","0.00","0.00","0.00","0.00","0.00","0.00","1","Unpaid","0.00","0.00","0.00","11/27/2013","32.05","0.00","0.00","0.00","0.00"
"5457","1","0.00","0.00","0.00","0.00","0.00","0.00","0.00","0.00","0.00","0.00","0.00","0.00","0.00","16.65","Compound","15828","G:15828","Global","0.00","0.00","0.00","0.00","16.65","0.00","0.00","0.00","16.65","1","Paid in Full","0.00","0.00","0.00","11/27/2013","16.65","0.00","0.00","0.00","0.00","5278","1","","Open","0.00","0.00","0","16.65","Other 1","0","10/28/2013","Payment","PAY","309.10","(309.10)"
"5460","1","0.00","0.00","0.00","0.00","0.00","0.00","28.94","0.00","0.00","0.00","28.94","0.00","0.00","41.04","Compound","15829","G:15829","Global","0.00","0.00","0.00","0.00","12.10","0.00","0.00","0.00","12.10","1","Partially Paid","0.00","0.00","0.00","11/27/2013","41.04","0.00","0.00","0.00","0.00","5313","1","","Open","0.00","0.00","0","12.10","Unknown","0","10/28/2013","Payment","PAY","12.10","(12.10)"
"5463","1","0.00","0.00","0.00","0.00","0.00","0.00","57.03","0.00","0.00","0.00","57.03","0.00","0.00","57.03","Compound","15830","G:15830","Global","0.00","0.00","0.00","0.00","0.00","0.00","0.00","0.00","0.00","1","Unpaid","0.00","0.00","0.00","11/27/2013","57.03","0.00","0.00","0.00","0.00"
"5458","1","0.00","0.00","0.00","0.00","0.00","0.00","1.54","0.00","0.00","0.00","1.54","0.00","0.00","26.64","Compound","15831","G:15831","Global","0.00","0.00","0.00","0.00","25.10","0.00","0.00","0.00","25.10","1","Partially Paid","0.00","0.00","0.00","11/27/2013","26.64","0.00","0.00","0.00","0.00","5459","1","","Open","0.00","0.00","0","25.10","Unknown","0","11/27/2013","Payment","PAY","25.10","(25.10)"
"5461","1","0.00","0.00","0.00","0.00","0.00","0.00","0.00","0.00","0.00","0.00","0.00","0.00","0.00","18.22","Compound","15832","G:15832","Global","0.00","0.00","0.00","0.00","18.22","0.00","0.00","0.00","18.22","1","Paid in Full","0.00","0.00","0.00","11/27/2013","18.22","0.00","0.00","0.00","0.00","5462","1","","Open","0.00","0.00","0","18.22","Unknown","0","11/27/2013","Payment","PAY","18.22","(18.22)"
"5402","1","0.00","0.00","0.00","0.00","0.00","0.00","0.63","0.00","0.00","0.00","0.63","0.00","0.00","11.74","Compound","15833","G:15833","Global","0.00","0.00","0.00","0.00","11.11","0.00","0.00","0.00","11.11","1","Partially Paid","0.00","0.00","0.00","11/27/2013","11.74","0.00","0.00","0.00","0.00","5917","0","","Open","0.00","0.00","0","11.11","Unknown","0","11/28/2013","Credit","CRED","11.11","(11.11)"
"5553","1","0.00","0.00","0.00","0.00","0.00","0.00","16.83","0.00","0.00","0.00","16.83","0.00","0.00","16.83","Compound","15834","G:15834","Global","0.00","0.00","0.00","0.00","0.00","0.00","0.00","0.00","0.00","1","Unpaid","0.00","0.00","0.00","11/27/2013","16.83","0.00","0.00","0.00","0.00"
"5554","1","0.00","0.00","0.00","0.00","0.00","0.00","15.34","0.00","0.00","0.00","15.34","0.00","0.00","15.34","Compound","15835","G:15835","Global","0.00","0.00","0.00","0.00","0.00","0.00","0.00","0.00","0.00","1","Unpaid","0.00","0.00","0.00","11/27/2013","15.34","0.00","0.00","0.00","0.00"
"5502","1","0.00","0.00","0.00","0.00","0.00","0.00","15.19","0.00","0.00","0.00","15.19","0.00","0.00","15.19","Compound","15836","G:15836","Global","0.00","0.00","0.00","0.00","0.00","0.00","0.00","0.00","0.00","1","Unpaid","0.00","0.00","0.00","11/27/2013","15.19","0.00","0.00","0.00","0.00"
"5786","1","0.00","0.00","0.00","0.00","0.00","0.00","22.12","0.00","0.00","0.00","22.12","0.00","0.00","47.22","Compound","15837","G:15837","Global","0.00","0.00","0.00","0.00","25.10","0.00","0.00","0.00","25.10","1","Partially Paid","0.00","0.00","0.00","11/27/2013","47.22","0.00","0.00","0.00","0.00","5787","1","","Open","0.00","0.00","0","25.10","Unknown","0","11/27/2013","Payment","PAY","25.10","(25.10)"
"5678","1","0.00","0.00","0.00","0.00","0.00","0.00","27.20","0.00","0.00","0.00","27.20","0.00","0.00","27.20","Compound","15838","G:15838","Global","0.00","0.00","0.00","0.00","0.00","0.00","0.00","0.00","0.00","1","Unpaid","0.00","0.00","0.00","11/27/2013","27.20","0.00","0.00","0.00","0.00"
"5679","1","0.00","0.00","0.00","0.00","0.00","0.00","39.99","0.00","0.00","0.00","39.99","0.00","0.00","39.99","Compound","15839","G:15839","Global","0.00","0.00","0.00","0.00","0.00","0.00","0.00","0.00","0.00","1","Unpaid","0.00","0.00","0.00","11/27/2013","39.99","0.00","0.00","0.00","0.00"
"5751","1","0.00","0.00","0.00","0.00","0.00","0.00","25.56","0.00","0.00","0.00","25.56","0.00","0.00","25.56","Compound","15840","G:15840","Global","0.00","0.00","0.00","0.00","0.00","0.00","0.00","0.00","0.00","1","Unpaid","0.00","0.00","0.00","11/27/2013","25.56","0.00","0.00","0.00","0.00"
"5403","1","0.00","0.00","0.00","0.00","0.00","0.00","24.91","0.00","0.00","0.00","24.91","0.00","0.00","24.91","Compound","15841","G:15841","Global","0.00","0.00","0.00","0.00","0.00","0.00","0.00","0.00","0.00","1","Unpaid","0.00","0.00","0.00","11/27/2013","24.91","0.00","0.00","0.00","0.00"
"5503","1","0.00","0.00","0.00","0.00","0.00","0.00","11.68","0.00","0.00","0.00","11.68","0.00","0.00","22.79","Compound","15842","G:15842","Global","0.00","0.00","0.00","0.00","11.11","0.00","0.00","0.00","11.11","1","Partially Paid","0.00","0.00","0.00","11/27/2013","22.79","0.00","0.00","0.00","0.00","5918","0","","Open","0.00","0.00","0","11.11","Unknown","0","11/28/2013","Credit","CRED","11.11","(11.11)"
"5764","1","0.00","0.00","0.00","0.00","0.00","0.00","0.00","0.00","0.00","0.00","0.00","0.00","0.00","17.57","Compound","15843","G:15843","Global","0.00","0.00","0.00","0.00","17.57","0.00","0.00","0.00","17.57","1","Paid in Full","0.00","0.00","0.00","11/27/2013","17.57","0.00","0.00","0.00","0.00","5765","1","","Open","0.00","0.00","0","17.57","Unknown","0","11/27/2013","Payment","PAY","17.57","(17.57)"
"5466","1","0.00","0.00","0.00","0.00","0.00","0.00","17.71","0.00","0.00","0.00","17.71","0.00","0.00","17.71","Compound","15844","G:15844","Global","0.00","0.00","0.00","0.00","0.00","0.00","0.00","0.00","0.00","1","Unpaid","0.00","0.00","0.00","11/27/2013","17.71","0.00","0.00","0.00","0.00"
"5555","1","0.00","0.00","0.00","0.00","0.00","0.00","15.18","0.00","0.00","0.00","15.18","0.00","0.00","15.18","Compound","15845","G:15845","Global","0.00","0.00","0.00","0.00","0.00","0.00","0.00","0.00","0.00","1","Unpaid","0.00","0.00","0.00","11/27/2013","15.18","0.00","0.00","0.00","0.00"
"5404","1","0.00","0.00","0.00","0.00","0.00","0.00","12.94","0.00","0.00","0.00","12.94","0.00","0.00","12.94","Compound","15846","G:15846","Global","0.00","0.00","0.00","0.00","0.00","0.00","0.00","0.00","0.00","1","Unpaid","0.00","0.00","0.00","11/27/2013","12.94","0.00","0.00","0.00","0.00"
"5573","1","0.00","0.00","0.00","0.00","0.00","0.00","15.93","0.00","0.00","0.00","15.93","0.00","0.00","15.93","Compound","15847","G:15847","Global","0.00","0.00","0.00","0.00","0.00","0.00","0.00","0.00","0.00","1","Unpaid","0.00","0.00","0.00","11/27/2013","15.93","0.00","0.00","0.00","0.00"
"5652","1","90.14","93.97","0.00","0.00","0.00","0.00","22.98","0.00","0.00","0.00","22.98","0.00","0.00","22.98","Compound","15848","G:15848","Global","90.14","93.97","0.00","0.00","0.00","3.83","0.00","3.83","93.97","1","Partially Paid","3.83","0.00","3.83","11/27/2013","116.95","0.00","0.00","0.00","0.00","5852","0","","Open","93.97","0.00","0","0.00","Other 2","0","11/28/2013","Payment","PAY","329.11","(329.11)"
"5369","1","0.00","0.00","0.00","0.00","0.00","0.00","0.00","0.00","0.00","0.00","0.00","0.00","0.00","22.48","Compound","15849","G:15849","Global","0.00","0.00","0.00","0.00","22.48","0.00","0.00","0.00","22.48","1","Paid in Full","0.00","0.00","0.00","11/27/2013","22.48","0.00","0.00","0.00","0.00","5370","1","","Open","0.00","0.00","0","22.48","Unknown","0","11/27/2013","Payment","PAY","22.48","(22.48)"
"5725","1","0.00","0.00","0.00","0.00","0.00","0.00","28.01","0.00","0.00","0.00","28.01","0.00","0.00","28.01","Compound","15850","G:15850","Global","0.00","0.00","0.00","0.00","0.00","0.00","0.00","0.00","0.00","1","Unpaid","0.00","0.00","0.00","11/27/2013","28.01","0.00","0.00","0.00","0.00"
"5529","1","0.00","0.00","0.00","0.00","0.00","0.00","18.54","0.00","0.00","0.00","18.54","0.00","0.00","29.65","Compound","15851","G:15851","Global","0.00","0.00","0.00","0.00","11.11","0.00","0.00","0.00","11.11","1","Partially Paid","0.00","0.00","0.00","11/27/2013","29.65","0.00","0.00","0.00","0.00","5919","0","","Open","0.00","0.00","0","11.11","Unknown","0","11/28/2013","Credit","CRED","11.11","(11.11)"
"5446","1","0.00","0.00","0.00","0.00","0.00","0.00","34.94","0.00","0.00","0.00","34.94","0.00","0.00","34.94","Compound","15852","G:15852","Global","0.00","0.00","0.00","0.00","0.00","0.00","0.00","0.00","0.00","1","Unpaid","0.00","0.00","0.00","11/27/2013","34.94","0.00","0.00","0.00","0.00"
"5504","1","0.00","0.00","0.00","0.00","0.00","0.00","23.96","0.00","0.00","0.00","23.96","0.00","0.00","23.96","Compound","15853","G:15853","Global","0.00","0.00","0.00","0.00","0.00","0.00","0.00","0.00","0.00","1","Unpaid","0.00","0.00","0.00","11/27/2013","23.96","0.00","0.00","0.00","0.00"
"5484","1","0.00","0.00","0.00","0.00","0.00","0.00","255.02","0.00","0.00","0.00","255.02","0.00","0.00","255.02","Compound","15854","G:15854","Global","0.00","0.00","0.00","0.00","0.00","0.00","0.00","0.00","0.00","1","Unpaid","0.00","0.00","0.00","11/27/2013","255.02","0.00","0.00","0.00","0.00"
"5435","1","0.00","0.00","0.00","0.00","0.00","0.00","0.00","0.00","0.00","0.00","0.00","0.00","0.00","20.94","Compound","15855","G:15855","Global","0.00","0.00","0.00","0.00","20.94","0.00","0.00","0.00","20.94","1","Paid in Full","0.00","0.00","0.00","11/27/2013","20.94","0.00","0.00","0.00","0.00","5436","1","","Open","0.00","0.00","0","20.94","Unknown","0","11/27/2013","Payment","PAY","20.94","(20.94)"
"5405","1","0.00","0.00","0.00","0.00","0.00","0.00","16.30","0.00","0.00","0.00","16.30","0.00","0.00","16.30","Compound","15856","G:15856","Global","0.00","0.00","0.00","0.00","0.00","0.00","0.00","0.00","0.00","1","Unpaid","0.00","0.00","0.00","11/27/2013","16.30","0.00","0.00","0.00","0.00"
"5785","1","0.00","0.00","0.00","0.00","0.00","0.00","13.86","0.00","0.00","0.00","13.86","0.00","0.00","13.86","Compound","15857","G:15857","Global","0.00","0.00","0.00","0.00","0.00","0.00","0.00","0.00","0.00","1","Unpaid","0.00","0.00","0.00","11/27/2013","13.86","0.00","0.00","0.00","0.00"
"5726","1","0.00","0.00","0.00","0.00","0.00","0.00","16.78","0.00","0.00","0.00","16.78","0.00","0.00","16.78","Compound","15858","G:15858","Global","0.00","0.00","0.00","0.00","0.00","0.00","0.00","0.00","0.00","1","Unpaid","0.00","0.00","0.00","11/27/2013","16.78","0.00","0.00","0.00","0.00"
"5728","1","0.00","0.00","0.00","0.00","0.00","0.00","18.50","0.00","0.00","0.00","18.50","0.00","0.00","18.50","Compound","15859","G:15859","Global","0.00","0.00","0.00","0.00","0.00","0.00","0.00","0.00","0.00","1","Unpaid","0.00","0.00","0.00","11/27/2013","18.50","0.00","0.00","0.00","0.00"
"5556","1","0.00","0.00","0.00","0.00","0.00","0.00","12.08","0.00","0.00","0.00","12.08","0.00","0.00","23.19","Compound","15860","G:15860","Global","0.00","0.00","0.00","0.00","11.11","0.00","0.00","0.00","11.11","1","Partially Paid","0.00","0.00","0.00","11/27/2013","23.19","0.00","0.00","0.00","0.00","5920","0","","Open","0.00","0.00","0","11.11","Unknown","0","11/28/2013","Credit","CRED","11.11","(11.11)"
"5766","1","0.00","0.00","0.00","0.00","0.00","0.00","3.41","0.00","0.00","0.00","3.41","0.00","0.00","28.51","Compound","15861","G:15861","Global","0.00","0.00","0.00","0.00","25.10","0.00","0.00","0.00","25.10","1","Partially Paid","0.00","0.00","0.00","11/27/2013","28.51","0.00","0.00","0.00","0.00","5767","1","","Open","0.00","0.00","0","25.10","Unknown","0","11/27/2013","Payment","PAY","25.10","(25.10)"
"5701","1","0.00","0.00","0.00","0.00","0.00","0.00","29.95","0.00","0.00","0.00","29.95","0.00","0.00","29.95","Compound","15862","G:15862","Global","0.00","0.00","0.00","0.00","0.00","0.00","0.00","0.00","0.00","1","Unpaid","0.00","0.00","0.00","11/27/2013","29.95","0.00","0.00","0.00","0.00"
"5729","1","0.00","0.00","0.00","0.00","0.00","0.00","28.64","0.00","0.00","0.00","28.64","0.00","0.00","28.64","Compound","15863","G:15863","Global","0.00","0.00","0.00","0.00","0.00","0.00","0.00","0.00","0.00","1","Unpaid","0.00","0.00","0.00","11/27/2013","28.64","0.00","0.00","0.00","0.00"
"5788","1","0.00","0.00","0.00","0.00","0.00","0.00","19.31","0.00","0.00","0.00","19.31","0.00","0.00","19.31","Compound","15864","G:15864","Global","0.00","0.00","0.00","0.00","0.00","0.00","0.00","0.00","0.00","1","Unpaid","0.00","0.00","0.00","11/27/2013","19.31","0.00","0.00","0.00","0.00"
"5623","1","0.00","0.00","0.00","0.00","0.00","0.00","13.27","0.00","0.00","0.00","13.27","0.00","0.00","13.27","Compound","15865","G:15865","Global","0.00","0.00","0.00","0.00","0.00","0.00","0.00","0.00","0.00","1","Unpaid","0.00","0.00","0.00","11/27/2013","13.27","0.00","0.00","0.00","0.00"
"5789","1","0.00","0.00","0.00","0.00","0.00","0.00","17.44","0.00","0.00","0.00","17.44","0.00","0.00","17.44","Compound","15866","G:15866","Global","0.00","0.00","0.00","0.00","0.00","0.00","0.00","0.00","0.00","1","Unpaid","0.00","0.00","0.00","11/27/2013","17.44","0.00","0.00","0.00","0.00"
"5696","1","0.00","0.00","0.00","0.00","0.00","0.00","0.00","0.00","0.00","0.00","0.00","0.00","0.00","11.34","Compound","15867","G:15867","Global","0.00","0.00","0.00","0.00","11.34","0.00","0.00","0.00","11.34","1","Paid in Full","0.00","0.00","0.00","11/27/2013","11.34","0.00","0.00","0.00","0.00","5697","1","","Open","0.00","0.00","0","11.34","Unknown","0","11/27/2013","Payment","PAY","11.34","(11.34)"
"5467","1","0.00","0.00","0.00","0.00","0.00","0.00","12.66","0.00","0.00","0.00","12.66","0.00","0.00","12.66","Compound","15868","G:15868","Global","0.00","0.00","0.00","0.00","0.00","0.00","0.00","0.00","0.00","1","Unpaid","0.00","0.00","0.00","11/27/2013","12.66","0.00","0.00","0.00","0.00"
"5790","1","0.00","0.00","0.00","0.00","0.00","0.00","0.29","0.00","0.00","0.00","0.29","0.00","0.00","11.40","Compound","15869","G:15869","Global","0.00","0.00","0.00","0.00","11.11","0.00","0.00","0.00","11.11","1","Partially Paid","0.00","0.00","0.00","11/27/2013","11.40","0.00","0.00","0.00","0.00","5921","0","","Open","0.00","0.00","0","11.11","Unknown","0","11/28/2013","Credit","CRED","11.11","(11.11)"
"5730","1","0.00","0.00","0.00","0.00","0.00","0.00","16.63","0.00","0.00","0.00","16.63","0.00","0.00","16.63","Compound","15870","G:15870","Global","0.00","0.00","0.00","0.00","0.00","0.00","0.00","0.00","0.00","1","Unpaid","0.00","0.00","0.00","11/27/2013","16.63","0.00","0.00","0.00","0.00"
"5653","1","0.00","0.00","0.00","0.00","0.00","0.00","21.98","0.00","0.00","0.00","21.98","0.00","0.00","21.98","Compound","15871","G:15871","Global","0.00","0.00","0.00","0.00","0.00","0.00","0.00","0.00","0.00","1","Unpaid","0.00","0.00","0.00","11/27/2013","21.98","0.00","0.00","0.00","0.00"
"5505","1","0.00","0.00","0.00","0.00","0.00","0.00","27.37","0.00","0.00","0.00","27.37","0.00","0.00","27.37","Compound","15872","G:15872","Global","0.00","0.00","0.00","0.00","0.00","0.00","0.00","0.00","0.00","1","Unpaid","0.00","0.00","0.00","11/27/2013","27.37","0.00","0.00","0.00","0.00"
"5654","1","0.00","0.00","0.00","0.00","0.00","0.00","3.62","0.00","0.00","0.00","3.62","0.00","0.00","28.72","Compound","15873","G:15873","Global","0.00","0.00","0.00","0.00","25.10","0.00","0.00","0.00","25.10","1","Partially Paid","0.00","0.00","0.00","11/27/2013","28.72","0.00","0.00","0.00","0.00","5655","1","","Open","0.00","0.00","0","25.10","Unknown","0","11/27/2013","Payment","PAY","25.10","(25.10)"
"5506","1","0.00","0.00","0.00","0.00","0.00","0.00","34.30","0.00","0.00","0.00","34.30","0.00","0.00","34.30","Compound","15874","G:15874","Global","0.00","0.00","0.00","0.00","0.00","0.00","0.00","0.00","0.00","1","Unpaid","0.00","0.00","0.00","11/27/2013","34.30","0.00","0.00","0.00","0.00"
"5406","1","0.00","0.00","0.00","0.00","0.00","0.00","23.43","0.00","0.00","0.00","23.43","0.00","0.00","23.43","Compound","15875","G:15875","Global","0.00","0.00","0.00","0.00","0.00","0.00","0.00","0.00","0.00","1","Unpaid","0.00","0.00","0.00","11/27/2013","23.43","0.00","0.00","0.00","0.00"
"5557","1","0.00","0.00","0.00","0.00","0.00","0.00","18.24","0.00","0.00","0.00","18.24","0.00","0.00","18.24","Compound","15876","G:15876","Global","0.00","0.00","0.00","0.00","0.00","0.00","0.00","0.00","0.00","1","Unpaid","0.00","0.00","0.00","11/27/2013","18.24","0.00","0.00","0.00","0.00"
"5656","1","0.00","0.00","0.00","0.00","0.00","0.00","19.29","0.00","0.00","0.00","19.29","0.00","0.00","19.29","Compound","15877","G:15877","Global","0.00","0.00","0.00","0.00","0.00","0.00","0.00","0.00","0.00","1","Unpaid","0.00","0.00","0.00","11/27/2013","19.29","0.00","0.00","0.00","0.00"
"5651","1","0.00","0.00","0.00","0.00","0.00","0.00","4.06","0.00","0.00","0.00","4.06","0.00","0.00","15.17","Compound","15878","G:15878","Global","0.00","0.00","0.00","0.00","11.11","0.00","0.00","0.00","11.11","1","Partially Paid","0.00","0.00","0.00","11/27/2013","15.17","0.00","0.00","0.00","0.00","5922","0","","Open","0.00","0.00","0","11.11","Unknown","0","11/28/2013","Credit","CRED","11.11","(11.11)"
"5468","1","0.00","0.00","0.00","0.00","0.00","0.00","0.00","0.00","0.00","0.00","0.00","0.00","0.00","12.57","Compound","15879","G:15879","Global","0.00","0.00","0.00","0.00","12.57","0.00","0.00","0.00","12.57","1","Paid in Full","0.00","0.00","0.00","11/27/2013","12.57","0.00","0.00","0.00","0.00","5469","1","","Open","0.00","0.00","0","12.57","Unknown","0","11/27/2013","Payment","PAY","12.57","(12.57)"
"5752","1","0.00","0.00","0.00","0.00","0.00","0.00","38.65","0.00","0.00","0.00","38.65","0.00","0.00","38.65","Compound","15880","G:15880","Global","0.00","0.00","0.00","0.00","0.00","0.00","0.00","0.00","0.00","1","Unpaid","0.00","0.00","0.00","11/27/2013","38.65","0.00","0.00","0.00","0.00"
"5632","1","112.67","117.46","112.67","117.46","0.00","0.00","37.27","4.79","0.00","4.79","154.73","0.00","0.00","37.27","Compound","15881","G:15881","Global","0.00","0.00","0.00","0.00","0.00","0.00","0.00","0.00","0.00","1","Unpaid","4.79","0.00","4.79","11/27/2013","154.73","0.00","0.00","0.00","0.00"
"5470","1","0.00","0.00","0.00","0.00","0.00","0.00","19.86","0.00","0.00","0.00","19.86","0.00","0.00","19.86","Compound","15882","G:15882","Global","0.00","0.00","0.00","0.00","0.00","0.00","0.00","0.00","0.00","1","Unpaid","0.00","0.00","0.00","11/27/2013","19.86","0.00","0.00","0.00","0.00"
"5680","1","0.00","0.00","0.00","0.00","0.00","0.00","39.67","0.00","0.00","0.00","39.67","0.00","0.00","39.67","Compound","15883","G:15883","Global","0.00","0.00","0.00","0.00","0.00","0.00","0.00","0.00","0.00","1","Unpaid","0.00","0.00","0.00","11/27/2013","39.67","0.00","0.00","0.00","0.00"
"5791","1","0.00","0.00","0.00","0.00","0.00","0.00","59.18","0.00","0.00","0.00","59.18","0.00","0.00","59.18","Compound","15884","G:15884","Global","0.00","0.00","0.00","0.00","0.00","0.00","0.00","0.00","0.00","1","Unpaid","0.00","0.00","0.00","11/27/2013","59.18","0.00","0.00","0.00","0.00"
"5681","1","0.00","0.00","0.00","0.00","0.00","0.00","23.25","0.00","0.00","0.00","23.25","0.00","0.00","48.35","Compound","15885","G:15885","Global","0.00","0.00","0.00","0.00","25.10","0.00","0.00","0.00","25.10","1","Partially Paid","0.00","0.00","0.00","11/27/2013","48.35","0.00","0.00","0.00","0.00","5682","1","","Open","0.00","0.00","0","25.10","Unknown","0","11/27/2013","Payment","PAY","25.10","(25.10)"
"5471","1","0.00","0.00","0.00","0.00","0.00","0.00","21.40","0.00","0.00","0.00","21.40","0.00","0.00","21.40","Compound","15886","G:15886","Global","0.00","0.00","0.00","0.00","0.00","0.00","0.00","0.00","0.00","1","Unpaid","0.00","0.00","0.00","11/27/2013","21.40","0.00","0.00","0.00","0.00"
"5507","1","0.00","0.00","0.00","0.00","0.00","0.00","7.09","0.00","0.00","0.00","7.09","0.00","0.00","18.20","Compound","15887","G:15887","Global","0.00","0.00","0.00","0.00","11.11","0.00","0.00","0.00","11.11","1","Partially Paid","0.00","0.00","0.00","11/27/2013","18.20","0.00","0.00","0.00","0.00","5923","0","","Open","0.00","0.00","0","11.11","Unknown","0","11/28/2013","Credit","CRED","11.11","(11.11)"
"5598","1","0.00","0.00","0.00","0.00","0.00","0.00","17.09","0.00","0.00","0.00","17.09","0.00","0.00","17.09","Compound","15888","G:15888","Global","0.00","0.00","0.00","0.00","0.00","0.00","0.00","0.00","0.00","1","Unpaid","0.00","0.00","0.00","11/27/2013","17.09","0.00","0.00","0.00","0.00"
"5530","1","0.00","0.00","0.00","0.00","0.00","0.00","286.07","0.00","0.00","0.00","286.07","0.00","0.00","286.07","Compound","15889","G:15889","Global","0.00","0.00","0.00","0.00","0.00","0.00","0.00","0.00","0.00","1","Unpaid","0.00","0.00","0.00","11/27/2013","286.07","0.00","0.00","0.00","0.00"
"5558","1","0.00","0.00","0.00","0.00","0.00","0.00","14.14","0.00","0.00","0.00","14.14","0.00","0.00","14.14","Compound","15890","G:15890","Global","0.00","0.00","0.00","0.00","0.00","0.00","0.00","0.00","0.00","1","Unpaid","0.00","0.00","0.00","11/27/2013","14.14","0.00","0.00","0.00","0.00"
"5407","1","0.00","0.00","0.00","0.00","0.00","0.00","0.00","0.00","0.00","0.00","0.00","0.00","0.00","3.40","Compound","15891","G:15891","Global","0.00","0.00","0.00","0.00","3.40","0.00","0.00","0.00","3.40","1","Paid in Full","0.00","0.00","0.00","11/27/2013","3.40","0.00","0.00","0.00","0.00","5408","1","","Open","0.00","0.00","0","3.40","Unknown","0","11/27/2013","Payment","PAY","3.40","(3.40)"
"5779","1","0.00","0.00","0.00","0.00","0.00","0.00","39.87","0.00","0.00","0.00","39.87","0.00","0.00","39.87","Compound","15892","G:15892","Global","0.00","0.00","0.00","0.00","0.00","0.00","0.00","0.00","0.00","1","Unpaid","0.00","0.00","0.00","11/27/2013","39.87","0.00","0.00","0.00","0.00"
"5691","1","0.00","0.00","0.00","0.00","0.00","0.00","21.48","0.00","0.00","0.00","21.48","0.00","0.00","21.48","Compound","15893","G:15893","Global","0.00","0.00","0.00","0.00","0.00","0.00","0.00","0.00","0.00","1","Unpaid","0.00","0.00","0.00","11/27/2013","21.48","0.00","0.00","0.00","0.00"
"5410","1","0.00","0.00","0.00","0.00","0.00","0.00","20.76","0.00","0.00","0.00","20.76","0.00","0.00","20.76","Compound","15894","G:15894","Global","0.00","0.00","0.00","0.00","0.00","0.00","0.00","0.00","0.00","1","Unpaid","0.00","0.00","0.00","11/27/2013","20.76","0.00","0.00","0.00","0.00"
"5409","1","0.00","0.00","0.00","0.00","0.00","0.00","20.87","0.00","0.00","0.00","20.87","0.00","0.00","20.87","Compound","15895","G:15895","Global","0.00","0.00","0.00","0.00","0.00","0.00","0.00","0.00","0.00","1","Unpaid","0.00","0.00","0.00","11/27/2013","20.87","0.00","0.00","0.00","0.00"
"5599","1","0.00","0.00","0.00","0.00","0.00","0.00","31.68","0.00","0.00","0.00","31.68","0.00","0.00","42.79","Compound","15896","G:15896","Global","0.00","0.00","0.00","0.00","11.11","0.00","0.00","0.00","11.11","1","Partially Paid","0.00","0.00","0.00","11/27/2013","42.79","0.00","0.00","0.00","0.00","5924","0","","Open","0.00","0.00","0","11.11","Unknown","0","11/28/2013","Credit","CRED","11.11","(11.11)"
"5559","1","0.00","0.00","0.00","0.00","0.00","0.00","2.46","0.00","0.00","0.00","2.46","0.00","0.00","27.56","Compound","15897","G:15897","Global","0.00","0.00","0.00","0.00","25.10","0.00","0.00","0.00","25.10","1","Partially Paid","0.00","0.00","0.00","11/27/2013","27.56","0.00","0.00","0.00","0.00","5560","1","","Open","0.00","0.00","0","25.10","Unknown","0","11/27/2013","Payment","PAY","25.10","(25.10)"
"5411","1","0.00","0.00","0.00","0.00","0.00","0.00","12.91","0.00","0.00","0.00","12.91","0.00","0.00","12.91","Compound","15898","G:15898","Global","0.00","0.00","0.00","0.00","0.00","0.00","0.00","0.00","0.00","1","Unpaid","0.00","0.00","0.00","11/27/2013","12.91","0.00","0.00","0.00","0.00"
"5561","1","0.00","0.00","0.00","0.00","0.00","0.00","23.78","0.00","0.00","0.00","23.78","0.00","0.00","23.78","Compound","15899","G:15899","Global","0.00","0.00","0.00","0.00","0.00","0.00","0.00","0.00","0.00","1","Unpaid","0.00","0.00","0.00","11/27/2013","23.78","0.00","0.00","0.00","0.00"
"5433","1","0.00","0.00","0.00","0.00","0.00","0.00","14.90","0.00","0.00","0.00","14.90","0.00","0.00","14.90","Compound","15900","G:15900","Global","0.00","0.00","0.00","0.00","0.00","0.00","0.00","0.00","0.00","1","Unpaid","0.00","0.00","0.00","11/27/2013","14.90","0.00","0.00","0.00","0.00"
"5562","1","0.00","0.00","0.00","0.00","0.00","0.00","12.55","0.00","0.00","0.00","12.55","0.00","0.00","12.55","Compound","15901","G:15901","Global","0.00","0.00","0.00","0.00","0.00","0.00","0.00","0.00","0.00","1","Unpaid","0.00","0.00","0.00","11/27/2013","12.55","0.00","0.00","0.00","0.00"
"5474","1","0.00","0.00","0.00","0.00","0.00","0.00","15.44","0.00","0.00","0.00","15.44","0.00","0.00","15.44","Compound","15902","G:15902","Global","0.00","0.00","0.00","0.00","0.00","0.00","0.00","0.00","0.00","1","Unpaid","0.00","0.00","0.00","11/27/2013","15.44","0.00","0.00","0.00","0.00"
"5703","1","0.00","0.00","0.00","0.00","0.00","0.00","0.00","0.00","0.00","0.00","0.00","0.00","0.00","17.00","Compound","15903","G:15903","Global","0.00","0.00","0.00","0.00","17.00","0.00","0.00","0.00","17.00","1","Paid in Full","0.00","0.00","0.00","11/27/2013","17.00","0.00","0.00","0.00","0.00","5704","1","","Open","0.00","0.00","0","17.00","Unknown","0","11/27/2013","Payment","PAY","17.00","(17.00)"
"5683","1","0.00","0.00","0.00","0.00","0.00","0.00","21.87","0.00","0.00","0.00","21.87","0.00","0.00","21.87","Compound","15904","G:15904","Global","0.00","0.00","0.00","0.00","0.00","0.00","0.00","0.00","0.00","1","Unpaid","0.00","0.00","0.00","11/27/2013","21.87","0.00","0.00","0.00","0.00"
"5601","1","0.00","0.00","0.00","0.00","0.00","0.00","16.37","0.00","0.00","0.00","16.37","0.00","0.00","27.48","Compound","15905","G:15905","Global","0.00","0.00","0.00","0.00","11.11","0.00","0.00","0.00","11.11","1","Partially Paid","0.00","0.00","0.00","11/27/2013","27.48","0.00","0.00","0.00","0.00","5925","0","","Open","0.00","0.00","0","11.11","Unknown","0","11/28/2013","Credit","CRED","11.11","(11.11)"
"5563","1","0.00","0.00","0.00","0.00","0.00","0.00","29.07","0.00","0.00","0.00","29.07","0.00","0.00","29.07","Compound","15906","G:15906","Global","0.00","0.00","0.00","0.00","0.00","0.00","0.00","0.00","0.00","1","Unpaid","0.00","0.00","0.00","11/27/2013","29.07","0.00","0.00","0.00","0.00"
"5602","1","0.00","0.00","0.00","0.00","0.00","0.00","34.51","0.00","0.00","0.00","34.51","0.00","0.00","34.51","Compound","15907","G:15907","Global","0.00","0.00","0.00","0.00","0.00","0.00","0.00","0.00","0.00","1","Unpaid","0.00","0.00","0.00","11/27/2013","34.51","0.00","0.00","0.00","0.00"
"5508","1","0.00","0.00","0.00","0.00","0.00","0.00","23.47","0.00","0.00","0.00","23.47","0.00","0.00","23.47","Compound","15908","G:15908","Global","0.00","0.00","0.00","0.00","0.00","0.00","0.00","0.00","0.00","1","Unpaid","0.00","0.00","0.00","11/27/2013","23.47","0.00","0.00","0.00","0.00"
"5570","1","0.00","0.00","0.00","0.00","0.00","0.00","0.00","0.00","0.00","0.00","0.00","0.00","0.00","18.53","Compound","15909","G:15909","Global","0.00","0.00","0.00","0.00","18.53","0.00","0.00","0.00","18.53","1","Paid in Full","0.00","0.00","0.00","11/27/2013","18.53","0.00","0.00","0.00","0.00","5571","1","","Open","0.00","0.00","0","18.53","Unknown","0","11/27/2013","Payment","PAY","18.53","(18.53)"
"5633","1","0.00","0.00","0.00","0.00","0.00","0.00","19.35","0.00","0.00","0.00","19.35","0.00","0.00","19.35","Compound","15910","G:15910","Global","0.00","0.00","0.00","0.00","0.00","0.00","0.00","0.00","0.00","1","Unpaid","0.00","0.00","0.00","11/27/2013","19.35","0.00","0.00","0.00","0.00"
"5792","1","0.00","0.00","0.00","0.00","0.00","0.00","14.80","0.00","0.00","0.00","14.80","0.00","0.00","14.80","Compound","15911","G:15911","Global","0.00","0.00","0.00","0.00","0.00","0.00","0.00","0.00","0.00","1","Unpaid","0.00","0.00","0.00","11/27/2013","14.80","0.00","0.00","0.00","0.00"
"5794","1","0.00","0.00","0.00","0.00","0.00","0.00","12.35","0.00","0.00","0.00","12.35","0.00","0.00","12.35","Compound","15912","G:15912","Global","0.00","0.00","0.00","0.00","0.00","0.00","0.00","0.00","0.00","1","Unpaid","0.00","0.00","0.00","11/27/2013","12.35","0.00","0.00","0.00","0.00"
"5531","1","0.00","0.00","0.00","0.00","0.00","0.00","13.36","0.00","0.00","0.00","13.36","0.00","0.00","13.36","Compound","15913","G:15913","Global","0.00","0.00","0.00","0.00","0.00","0.00","0.00","0.00","0.00","1","Unpaid","0.00","0.00","0.00","11/27/2013","13.36","0.00","0.00","0.00","0.00"
"5624","1","0.00","0.00","0.00","0.00","0.00","0.00","2.95","0.00","0.00","0.00","2.95","0.00","0.00","14.06","Compound","15914","G:15914","Global","0.00","0.00","0.00","0.00","11.11","0.00","0.00","0.00","11.11","1","Partially Paid","0.00","0.00","0.00","11/27/2013","14.06","0.00","0.00","0.00","0.00","5926","0","","Open","0.00","0.00","0","11.11","Unknown","0","11/28/2013","Credit","CRED","11.11","(11.11)"
"5753","1","883.60","921.15","859.52","896.05","0.00","0.00","17.93","36.53","0.00","36.53","913.98","0.00","0.00","17.93","Compound","15915","G:15915","Global","24.08","25.10","0.00","0.00","0.00","1.02","0.00","1.02","25.10","1","Partially Paid","37.55","0.00","37.55","11/27/2013","939.08","0.00","0.00","0.00","0.00","5754","1","","Open","25.10","0.00","0","0.00","Unknown","0","11/27/2013","Payment","PAY","25.10","(25.10)"
"5574","1","1103.18","1150.07","1092.59","1139.03","0.00","0.00","14.52","46.44","0.00","46.44","1153.55","0.00","0.00","14.52","Compound","15916","G:15916","Global","10.59","11.04","0.00","0.00","0.00","0.45","0.00","0.45","11.04","1","Partially Paid","46.89","0.00","46.89","11/27/2013","1164.59","0.00","0.00","0.00","0.00","5575","1","","Open","11.04","0.00","0","0.00","Unknown","0","11/27/2013","Payment","PAY","11.04","(11.04)"
"5657","1","0.00","0.00","0.00","0.00","0.00","0.00","18.90","0.00","0.00","0.00","18.90","0.00","0.00","18.90","Compound","15917","G:15917","Global","0.00","0.00","0.00","0.00","0.00","0.00","0.00","0.00","0.00","1","Unpaid","0.00","0.00","0.00","11/27/2013","18.90","0.00","0.00","0.00","0.00"
"5532","1","1548.67","1614.49","1165.83","1215.38","0.00","0.00","26.92","49.55","0.00","49.55","1242.30","0.00","0.00","26.92","Compound","15918","G:15918","Global","382.84","399.11","0.00","0.00","0.00","16.27","0.00","16.27","399.11","1","Partially Paid","65.82","0.00","65.82","11/27/2013","1641.41","0.00","0.00","0.00","0.00","5866","0","","Open","399.11","0.00","0","0.00","Other 2","0","11/28/2013","Payment","PAY","399.11","(399.11)"
"5770","1","1774.57","1849.99","1774.57","1849.99","0.00","0.00","14.08","75.42","0.00","75.42","1864.07","0.00","0.00","14.08","Compound","15919","G:15919","Global","0.00","0.00","0.00","0.00","0.00","0.00","0.00","0.00","0.00","1","Unpaid","75.42","0.00","75.42","11/27/2013","1864.07","0.00","0.00","0.00","0.00"
"5625","1","2002.57","2087.68","2002.57","2087.68","0.00","0.00","8.97","85.11","0.00","85.11","2096.65","0.00","0.00","8.97","Compound","15920","G:15920","Global","0.00","0.00","0.00","0.00","0.00","0.00","0.00","0.00","0.00","1","Unpaid","85.11","0.00","85.11","11/27/2013","2096.65","0.00","0.00","0.00","0.00"
"5475","1","2232.67","2327.56","2208.59","2302.46","0.00","0.00","9.10","93.87","0.00","93.87","2311.56","0.00","0.00","9.10","Compound","15921","G:15921","Global","24.08","25.10","0.00","0.00","0.00","1.02","0.00","1.02","25.10","1","Partially Paid","94.89","0.00","94.89","11/27/2013","2336.66","0.00","0.00","0.00","0.00","5476","1","","Open","25.10","0.00","0","0.00","Unknown","0","11/27/2013","Payment","PAY","25.10","(25.10)"
"5564","1","2464.88","2569.64","2444.46","2548.35","0.00","0.00","3.93","103.89","0.00","103.89","2552.28","0.00","0.00","3.93","Compound","15922","G:15922","Global","20.42","21.29","0.00","0.00","0.00","0.87","0.00","0.87","21.29","1","Partially Paid","104.76","0.00","104.76","11/27/2013","2573.57","0.00","0.00","0.00","0.00","5565","1","","Open","21.29","0.00","0","0.00","Unknown","0","11/27/2013","Payment","PAY","21.29","(21.29)"
"5566","1","237.44","247.53","0.00","0.00","0.00","0.00","0.02","0.00","0.00","0.00","0.02","0.00","0.00","11.13","Compound","15923","G:15923","Global","237.44","247.53","0.00","0.00","11.11","10.09","0.00","10.09","258.64","1","Partially Paid","10.09","0.00","10.09","11/27/2013","258.66","0.00","0.00","0.00","0.00","5867","0","","Open","247.53","0.00","0","0.00","Other 2","0","11/28/2013","Payment","PAY","404.11","(404.11)","5927","0","","Open","0.00","0.00","0","11.11","Unknown","0","11/28/2013","Credit","CRED","11.11","(11.11)"
"5626","1","450.71","469.87","450.71","469.87","0.00","0.00","318.65","19.16","0.00","19.16","788.52","0.00","0.00","318.65","Compound","15924","G:15924","Global","0.00","0.00","0.00","0.00","0.00","0.00","0.00","0.00","0.00","1","Unpaid","19.16","0.00","19.16","11/27/2013","788.52","0.00","0.00","0.00","0.00"
"5412","1","0.00","0.00","0.00","0.00","0.00","0.00","17.56","0.00","0.00","0.00","17.56","0.00","0.00","17.56","Compound","15925","G:15925","Global","0.00","0.00","0.00","0.00","0.00","0.00","0.00","0.00","0.00","1","Unpaid","0.00","0.00","0.00","11/27/2013","17.56","0.00","0.00","0.00","0.00"
"5684","1","883.60","921.15","883.60","921.15","441.29","458.94","387.26","37.55","17.65","55.20","1767.35","441.29","458.94","387.26","Compound","15926","G:15926","Global","0.00","0.00","0.00","0.00","0.00","0.00","0.00","0.00","0.00","1","Unpaid","37.55","17.65","55.20","11/27/2013","1767.35","0.00","0.00","0.00","0.00"
"5735","1","1103.18","1150.07","1079.10","1124.97","0.00","0.00","26.90","45.87","0.00","45.87","1151.87","0.00","0.00","26.90","Compound","15927","G:15927","Global","24.08","25.10","0.00","0.00","0.00","1.02","0.00","1.02","25.10","1","Partially Paid","46.89","0.00","46.89","11/27/2013","1176.97","0.00","0.00","0.00","0.00","5736","1","","Open","25.10","0.00","0","0.00","Unknown","0","11/27/2013","Payment","PAY","25.10","(25.10)"
"5413","1","0.00","0.00","0.00","0.00","0.00","0.00","29.45","0.00","0.00","0.00","29.45","0.00","0.00","29.45","Compound","15928","G:15928","Global","0.00","0.00","0.00","0.00","0.00","0.00","0.00","0.00","0.00","1","Unpaid","0.00","0.00","0.00","11/27/2013","29.45","0.00","0.00","0.00","0.00"
"5755","1","1548.67","1614.49","1548.67","1614.49","0.00","0.00","28.29","65.82","0.00","65.82","1642.78","0.00","0.00","28.29","Compound","15929","G:15929","Global","0.00","0.00","0.00","0.00","0.00","0.00","0.00","0.00","0.00","1","Unpaid","65.82","0.00","65.82","11/27/2013","1642.78","0.00","0.00","0.00","0.00"
"5414","1","1774.57","1849.99","1774.57","1849.99","0.00","0.00","16.45","75.42","0.00","75.42","1866.44","0.00","0.00","16.45","Compound","15930","G:15930","Global","0.00","0.00","0.00","0.00","0.00","0.00","0.00","0.00","0.00","1","Unpaid","75.42","0.00","75.42","11/27/2013","1866.44","0.00","0.00","0.00","0.00"
"5509","1","2002.57","2087.68","2002.57","2087.68","0.00","0.00","10.35","85.11","0.00","85.11","2098.03","0.00","0.00","10.35","Compound","15931","G:15931","Global","0.00","0.00","0.00","0.00","0.00","0.00","0.00","0.00","0.00","1","Unpaid","85.11","0.00","85.11","11/27/2013","2098.03","0.00","0.00","0.00","0.00"
"5440","1","2232.67","2327.56","2222.01","2316.45","0.00","0.00","10.29","94.44","0.00","94.44","2326.74","0.00","0.00","10.29","Compound","15932","G:15932","Global","10.66","11.11","0.00","0.00","0.00","0.45","0.00","0.45","11.11","1","Partially Paid","94.89","0.00","94.89","11/27/2013","2337.85","0.00","0.00","0.00","0.00","5928","0","","Open","11.11","0.00","0","0.00","Unknown","0","11/28/2013","Credit","CRED","11.11","(11.11)"
"5738","1","2464.88","2569.64","2038.65","2125.30","0.00","0.00","5.14","86.65","0.00","86.65","2130.44","0.00","0.00","5.14","Compound","15933","G:15933","Global","426.23","444.34","0.00","0.00","0.00","18.11","0.00","18.11","444.34","1","Partially Paid","104.76","0.00","104.76","11/27/2013","2574.78","0.00","0.00","0.00","0.00","5359","1","","Open","5.13","0.00","0","0.00","Unknown","0","10/28/2013","Credit","CRED","10.10","(10.10)","5739","1","","Open","25.10","0.00","0","0.00","Unknown","0","11/27/2013","Payment","PAY","25.10","(25.10)","5869","0","","Open","414.11","0.00","0","0.00","Other 2","0","11/28/2013","Payment","PAY","414.11","(414.11)"
"5603","1","237.44","247.53","225.22","234.79","0.00","0.00","11.00","9.57","0.00","9.57","245.79","0.00","0.00","11.00","Compound","15934","G:15934","Global","12.22","12.74","0.00","0.00","0.00","0.52","0.00","0.52","12.74","1","Partially Paid","10.09","0.00","10.09","11/27/2013","258.53","0.00","0.00","0.00","0.00","5604","1","","Open","12.74","0.00","0","0.00","Unknown","0","11/27/2013","Payment","PAY","12.74","(12.74)"
"5567","1","450.71","469.87","450.71","469.87","0.00","0.00","12.64","19.16","0.00","19.16","482.51","0.00","0.00","12.64","Compound","15935","G:15935","Global","0.00","0.00","0.00","0.00","0.00","0.00","0.00","0.00","0.00","1","Unpaid","19.16","0.00","19.16","11/27/2013","482.51","0.00","0.00","0.00","0.00"
"5742","1","0.00","0.00","0.00","0.00","0.00","0.00","16.21","0.00","0.00","0.00","16.21","0.00","0.00","16.21","Compound","15936","G:15936","Global","0.00","0.00","0.00","0.00","0.00","0.00","0.00","0.00","0.00","1","Unpaid","0.00","0.00","0.00","11/27/2013","16.21","0.00","0.00","0.00","0.00"
"5771","1","883.60","921.15","883.60","921.15","0.00","0.00","17.51","37.55","0.00","37.55","938.66","0.00","0.00","17.51","Compound","15937","G:15937","Global","0.00","0.00","0.00","0.00","0.00","0.00","0.00","0.00","0.00","1","Unpaid","37.55","0.00","37.55","11/27/2013","938.66","0.00","0.00","0.00","0.00"
"5510","1","0.00","0.00","0.00","0.00","0.00","0.00","21.90","0.00","0.00","0.00","21.90","0.00","0.00","21.90","Compound","15938","G:15938","Global","0.00","0.00","0.00","0.00","0.00","0.00","0.00","0.00","0.00","1","Unpaid","0.00","0.00","0.00","11/27/2013","21.90","0.00","0.00","0.00","0.00"
"5658","1","0.00","0.00","0.00","0.00","0.00","0.00","0.00","0.00","0.00","0.00","0.00","0.00","0.00","24.94","Compound","15939","G:15939","Global","0.00","0.00","0.00","0.00","24.94","0.00","0.00","0.00","24.94","1","Paid in Full","0.00","0.00","0.00","11/27/2013","24.94","0.00","0.00","0.00","0.00","5659","1","","Open","0.00","0.00","0","24.94","Unknown","0","11/27/2013","Payment","PAY","24.94","(24.94)"
"5421","1","1548.67","1614.49","755.90","788.03","0.00","0.00","15.12","32.13","0.00","32.13","803.15","0.00","0.00","15.12","Compound","15940","G:15940","Global","792.77","826.46","0.00","0.00","0.00","33.69","0.00","33.69","826.46","1","Partially Paid","65.82","0.00","65.82","11/27/2013","1629.61","0.00","0.00","0.00","0.00","4725","1","","Open","380.27","0.00","0","0.00","Electronic Transfer","0","09/28/2013","Payment","PAY","421.09","(421.09)","5302","1","","Open","421.10","0.00","0","0.00","Other 1","0","10/28/2013","Payment","PAY","421.10","(421.10)","5422","1","","Open","25.09","0.00","0","0.00","Unknown","0","11/27/2013","Payment","PAY","25.09","(25.09)"
"5425","1","1774.57","1849.99","1346.45","1403.68","0.00","0.00","13.11","57.23","0.00","57.23","1416.79","0.00","0.00","13.11","Compound","15941","G:15941","Global","428.12","446.31","0.00","0.00","0.00","18.19","0.00","18.19","446.31","1","Partially Paid","75.42","0.00","75.42","11/27/2013","1863.10","0.00","0.00","0.00","0.00","5303","1","","Open","422.10","0.00","0","0.00","Other 1","0","10/28/2013","Payment","PAY","422.10","(422.10)","5315","1","","Open","13.10","0.00","0","0.00","Unknown","0","10/28/2013","Payment","PAY","13.10","(13.10)","5929","0","","Open","11.11","0.00","0","0.00","Unknown","0","11/28/2013","Credit","CRED","11.11","(11.11)"
"5423","1","2002.57","2087.68","2002.57","2087.68","0.00","0.00","11.88","85.11","0.00","85.11","2099.56","0.00","0.00","11.88","Compound","15942","G:15942","Global","0.00","0.00","0.00","0.00","0.00","0.00","0.00","0.00","0.00","1","Unpaid","85.11","0.00","85.11","11/27/2013","2099.56","0.00","0.00","0.00","0.00"
"5424","1","2232.67","2327.56","1825.85","1903.45","0.00","0.00","15.63","77.60","0.00","77.60","1919.08","0.00","0.00","15.63","Compound","15943","G:15943","Global","406.82","424.11","0.00","0.00","0.00","17.29","0.00","17.29","424.11","1","Partially Paid","94.89","0.00","94.89","11/27/2013","2343.19","0.00","0.00","0.00","0.00","5873","0","","Open","424.11","0.00","0","0.00","Other 2","0","11/28/2013","Payment","PAY","424.11","(424.11)"
"5418","1","2464.88","2569.64","2464.88","2569.64","0.00","0.00","1.61","104.76","0.00","104.76","2571.25","0.00","0.00","1.61","Compound","15944","G:15944","Global","0.00","0.00","0.00","0.00","0.00","0.00","0.00","0.00","0.00","1","Unpaid","104.76","0.00","104.76","11/27/2013","2571.25","0.00","0.00","0.00","0.00"
"5419","1","237.44","247.53","213.36","222.43","0.00","0.00","9.59","9.07","0.00","9.07","232.02","0.00","0.00","9.59","Compound","15945","G:15945","Global","24.08","25.10","0.00","0.00","0.00","1.02","0.00","1.02","25.10","1","Partially Paid","10.09","0.00","10.09","11/27/2013","257.12","0.00","0.00","0.00","0.00","5420","1","","Open","25.10","0.00","0","0.00","Unknown","0","11/27/2013","Payment","PAY","25.10","(25.10)"
"5426","1","450.71","469.87","47.67","49.70","0.00","0.00","28.32","2.03","0.00","2.03","78.02","0.00","0.00","28.32","Compound","15946","G:15946","Global","403.04","420.17","0.00","0.00","0.00","17.13","0.00","17.13","420.17","1","Partially Paid","19.16","0.00","19.16","11/27/2013","498.19","0.00","0.00","0.00","0.00","5427","1","","Open","420.17","0.00","0","0.00","Unknown","0","11/27/2013","Payment","PAY","420.17","(420.17)"
"5569","1","0.00","0.00","0.00","0.00","0.00","0.00","22.75","0.00","0.00","0.00","22.75","0.00","0.00","22.75","Compound","15947","G:15947","Global","0.00","0.00","0.00","0.00","0.00","0.00","0.00","0.00","0.00","1","Unpaid","0.00","0.00","0.00","11/27/2013","22.75","0.00","0.00","0.00","0.00"
"5415","1","883.60","921.15","471.98","492.04","0.00","0.00","13.40","20.06","0.00","20.06","505.44","0.00","0.00","13.40","Compound","15948","G:15948","Global","411.62","429.11","0.00","0.00","0.00","17.49","0.00","17.49","429.11","1","Partially Paid","37.55","0.00","37.55","11/27/2013","934.55","0.00","0.00","0.00","0.00","5874","0","","Open","429.11","0.00","0","0.00","Other 2","0","11/28/2013","Payment","PAY","429.11","(429.11)"
"5627","1","1103.18","1150.07","1103.18","1150.07","0.00","0.00","30.46","46.89","0.00","46.89","1180.53","0.00","0.00","30.46","Compound","15949","G:15949","Global","0.00","0.00","0.00","0.00","0.00","0.00","0.00","0.00","0.00","1","Unpaid","46.89","0.00","46.89","11/27/2013","1180.53","0.00","0.00","0.00","0.00"
"5384","1","0.00","0.00","0.00","0.00","0.00","0.00","5.81","0.00","0.00","0.00","5.81","0.00","0.00","16.92","Compound","15950","G:15950","Global","0.00","0.00","0.00","0.00","11.11","0.00","0.00","0.00","11.11","1","Partially Paid","0.00","0.00","0.00","11/27/2013","16.92","0.00","0.00","0.00","0.00","5930","0","","Open","0.00","0.00","0","11.11","Unknown","0","11/28/2013","Credit","CRED","11.11","(11.11)"
"5519","1","1548.67","1614.49","1524.59","1589.39","0.00","0.00","27.80","64.80","0.00","64.80","1617.19","0.00","0.00","27.80","Compound","15951","G:15951","Global","24.08","25.10","0.00","0.00","0.00","1.02","0.00","1.02","25.10","1","Partially Paid","65.82","0.00","65.82","11/27/2013","1642.29","0.00","0.00","0.00","0.00","5520","1","","Open","25.10","0.00","0","0.00","Unknown","0","11/27/2013","Payment","PAY","25.10","(25.10)"
"5744","1","1774.57","1849.99","1774.57","1849.99","0.00","0.00","28.11","75.42","0.00","75.42","1878.10","0.00","0.00","28.11","Compound","15952","G:15952","Global","0.00","0.00","0.00","0.00","0.00","0.00","0.00","0.00","0.00","1","Unpaid","75.42","0.00","75.42","11/27/2013","1878.10","0.00","0.00","0.00","0.00"
"5795","1","2002.57","2087.68","1586.16","1653.57","0.00","0.00","31.64","67.41","0.00","67.41","1685.21","0.00","0.00","31.64","Compound","15953","G:15953","Global","416.41","434.11","0.00","0.00","0.00","17.70","0.00","17.70","434.11","1","Partially Paid","85.11","0.00","85.11","11/27/2013","2119.32","0.00","0.00","0.00","0.00","5875","0","","Open","434.11","0.00","0","0.00","Other 2","0","11/28/2013","Payment","PAY","434.11","(434.11)"
"5685","1","2232.67","2327.56","2232.67","2327.56","0.00","0.00","24.37","94.89","0.00","94.89","2351.93","0.00","0.00","24.37","Compound","15954","G:15954","Global","0.00","0.00","0.00","0.00","0.00","0.00","0.00","0.00","0.00","1","Unpaid","94.89","0.00","94.89","11/27/2013","2351.93","0.00","0.00","0.00","0.00"
"5707","1","2464.88","2569.64","2464.88","2569.64","0.00","0.00","9.45","104.76","0.00","104.76","2579.09","0.00","0.00","9.45","Compound","15955","G:15955","Global","0.00","0.00","0.00","0.00","0.00","0.00","0.00","0.00","0.00","1","Unpaid","104.76","0.00","104.76","11/27/2013","2579.09","0.00","0.00","0.00","0.00"
"5428","1","237.44","247.53","237.44","247.53","0.00","0.00","7.45","10.09","0.00","10.09","254.98","0.00","0.00","7.45","Compound","15956","G:15956","Global","0.00","0.00","0.00","0.00","0.00","0.00","0.00","0.00","0.00","1","Unpaid","10.09","0.00","10.09","11/27/2013","254.98","0.00","0.00","0.00","0.00"
"5731","1","450.71","469.87","426.63","444.77","0.00","0.00","34.05","18.14","0.00","18.14","478.82","0.00","0.00","34.05","Compound","15957","G:15957","Global","24.08","25.10","0.00","0.00","0.00","1.02","0.00","1.02","25.10","1","Partially Paid","19.16","0.00","19.16","11/27/2013","503.92","0.00","0.00","0.00","0.00","5732","1","","Open","25.10","0.00","0","0.00","Unknown","0","11/27/2013","Payment","PAY","25.10","(25.10)"
"5429","1","0.00","0.00","0.00","0.00","0.00","0.00","0.00","0.00","0.00","0.00","0.00","0.00","0.00","8.44","Compound","15958","G:15958","Global","0.00","0.00","0.00","0.00","8.44","0.00","0.00","0.00","8.44","1","Paid in Full","0.00","0.00","0.00","11/27/2013","8.44","0.00","0.00","0.00","0.00","5430","1","","Open","0.00","0.00","0","8.44","Unknown","0","11/27/2013","Payment","PAY","8.44","(8.44)"
"5431","1","883.60","921.15","872.94","910.04","0.00","0.00","354.65","37.10","0.00","37.10","1264.69","0.00","0.00","354.65","Compound","15959","G:15959","Global","10.66","11.11","0.00","0.00","0.00","0.45","0.00","0.45","11.11","1","Partially Paid","37.55","0.00","37.55","11/27/2013","1275.80","0.00","0.00","0.00","0.00","5931","0","","Open","11.11","0.00","0","0.00","Unknown","0","11/28/2013","Credit","CRED","11.11","(11.11)"
"5477","1","1103.18","1150.07","1103.18","1150.07","0.00","0.00","23.53","46.89","0.00","46.89","1173.60","0.00","0.00","23.53","Compound","15960","G:15960","Global","0.00","0.00","0.00","0.00","0.00","0.00","0.00","0.00","0.00","1","Unpaid","46.89","0.00","46.89","11/27/2013","1173.60","0.00","0.00","0.00","0.00"
"5628","1","0.00","0.00","0.00","0.00","0.00","0.00","30.15","0.00","0.00","0.00","30.15","0.00","0.00","30.15","Compound","15961","G:15961","Global","0.00","0.00","0.00","0.00","0.00","0.00","0.00","0.00","0.00","1","Unpaid","0.00","0.00","0.00","11/27/2013","30.15","0.00","0.00","0.00","0.00"
"5533","1","1548.67","1614.49","1548.67","1614.49","0.00","0.00","28.65","65.82","0.00","65.82","1643.14","0.00","0.00","28.65","Compound","15962","G:15962","Global","0.00","0.00","0.00","0.00","0.00","0.00","0.00","0.00","0.00","1","Unpaid","65.82","0.00","65.82","11/27/2013","1643.14","0.00","0.00","0.00","0.00"
"5629","1","0.00","0.00","0.00","0.00","0.00","0.00","0.00","0.00","0.00","0.00","0.00","0.00","0.00","16.62","Compound","15963","G:15963","Global","0.00","0.00","0.00","0.00","16.62","0.00","0.00","0.00","16.62","1","Paid in Full","0.00","0.00","0.00","11/27/2013","16.62","0.00","0.00","0.00","0.00","5630","1","","Open","0.00","0.00","0","16.62","Unknown","0","11/27/2013","Payment","PAY","16.62","(16.62)"
"5478","1","2002.57","2087.68","1990.12","2074.70","0.00","0.00","10.63","84.58","0.00","84.58","2085.33","0.00","0.00","10.63","Compound","15964","G:15964","Global","12.45","12.98","0.00","0.00","0.00","0.53","0.00","0.53","12.98","1","Partially Paid","85.11","0.00","85.11","11/27/2013","2098.31","0.00","0.00","0.00","0.00","5479","1","","Open","12.98","0.00","0","0.00","Unknown","0","11/27/2013","Payment","PAY","12.98","(12.98)"
"5698","1","2232.67","2327.56","2232.67","2327.56","0.00","0.00","9.94","94.89","0.00","94.89","2337.50","0.00","0.00","9.94","Compound","15965","G:15965","Global","0.00","0.00","0.00","0.00","0.00","0.00","0.00","0.00","0.00","1","Unpaid","94.89","0.00","94.89","11/27/2013","2337.50","0.00","0.00","0.00","0.00"
"5605","1","2464.88","2569.64","2464.88","2569.64","0.00","0.00","4.93","104.76","0.00","104.76","2574.57","0.00","0.00","4.93","Compound","15966","G:15966","Global","0.00","0.00","0.00","0.00","0.00","0.00","0.00","0.00","0.00","1","Unpaid","104.76","0.00","104.76","11/27/2013","2574.57","0.00","0.00","0.00","0.00"
"5572","1","237.44","247.53","237.44","247.53","0.00","0.00","7.47","10.09","0.00","10.09","255.00","0.00","0.00","7.47","Compound","15967","G:15967","Global","0.00","0.00","0.00","0.00","0.00","0.00","0.00","0.00","0.00","1","Unpaid","10.09","0.00","10.09","11/27/2013","255.00","0.00","0.00","0.00","0.00"
"5432","1","450.71","469.87","9.25","9.65","0.00","0.00","10.91","0.40","0.00","0.40","20.56","0.00","0.00","10.91","Compound","15968","G:15968","Global","441.46","460.22","0.00","0.00","0.00","18.76","0.00","18.76","460.22","1","Partially Paid","19.16","0.00","19.16","11/27/2013","480.78","0.00","0.00","0.00","0.00","5878","0","","Open","449.11","0.00","0","0.00","Other 2","0","11/28/2013","Payment","PAY","449.11","(449.11)","5932","0","","Open","11.11","0.00","0","0.00","Unknown","0","11/28/2013","Credit","CRED","11.11","(11.11)"
"5686","1","0.00","0.00","0.00","0.00","0.00","0.00","0.00","0.00","0.00","0.00","0.00","0.00","0.00","11.86","Compound","15969","G:15969","Global","0.00","0.00","0.00","0.00","11.86","0.00","0.00","0.00","11.86","1","Paid in Full","0.00","0.00","0.00","11/27/2013","11.86","0.00","0.00","0.00","0.00","5687","1","","Open","0.00","0.00","0","11.86","Unknown","0","11/27/2013","Payment","PAY","11.86","(11.86)"
"5768","1","883.60","921.15","875.66","912.87","0.00","0.00","17.37","37.21","0.00","37.21","930.24","0.00","0.00","17.37","Compound","15970","G:15970","Global","7.94","8.28","0.00","0.00","0.00","0.34","0.00","0.34","8.28","1","Partially Paid","37.55","0.00","37.55","11/27/2013","938.52","0.00","0.00","0.00","0.00","5769","1","","Open","8.28","0.00","0","0.00","Unknown","0","11/27/2013","Payment","PAY","8.28","(8.28)"
